session,target_position
1000,0.520553031379446
1001,0.635697392071054
1002,0.726631613284274
1003,0.7903910846695699
1004,1.1345386646340432
1005,0.9170868355737776
1006,1.5353270194619142
1007,0.8514186291538073
1008,1.5821869646056448
1009,1.2752793417790365
1010,0.9153445303023786
1011,0.9414923810968934
1012,0.9108382610899598
1013,1.5315712933955439
1014,0.5599521141372829
1015,0.5694159986076893
1016,1.5549069495523198
1017,1.138512946823867
1018,0.5968736845836062
1019,1.17577217293069
1020,0.7710062324643965
1021,0.819965262321291
1022,1.3301195849145167
1023,1.6484172820099283
1024,0.4987725219045723
1025,1.0801169669299762
1026,0.432716905952544
1027,1.2641881996163575
1028,2.0913228767942518
1029,1.1598216159167463
1030,0.8347516450876206
1031,1.6760480692796351
1032,0.6652212648080564
1033,1.0881574800811344
1034,0.8498921070097231
1035,1.6450135407892137
1036,0.5992046583874787
1037,0.7357739166592921
1038,0.8620254763699771
1039,1.2202242101948295
1040,0.7238341610093677
1041,1.5481682912882273
1042,1.499731766188913
1043,0.8308667828614783
1044,1.0083742078418196
1045,0.9999986877491567
1046,0.7051960175078459
1047,0.6708101199564522
1048,1.2074154578936627
1049,1.080457834694402
1050,1.4751978688549046
1051,0.22590974046300538
1052,0.3772396180309634
1053,1.0536315379900814
1054,1.7065943306082336
1055,1.4635826352525787
1056,1.083439291944425
1057,1.324411537893986
1058,0.9440975589473594
1059,0.18776487339694845
1060,0.3149448957286578
1061,0.9882445804703406
1062,0.42509812157627247
1063,0.2907442414870596
1064,0.6187360442251728
1065,1.3074940783244173
1066,1.1419815506046822
1067,1.1044731150962581
1068,0.7381006043663008
1069,1.1807763249346808
1070,1.243993639486398
1071,1.2786692761406853
1072,0.6127012360488879
1073,1.6742045796299712
1074,1.204143044335365
1075,1.0520936716265534
1076,0.9410905354800083
1077,1.4859193802515702
1078,1.2162911597162909
1079,1.3607705769414116
1080,1.022714992744556
1081,0.5122466759684365
1082,0.5262174388934562
1083,0.3606703293863709
1084,1.0530843022266254
1085,1.298948037276166
1086,1.272832884821241
1087,1.4226178645578236
1088,1.4552603250520728
1089,0.6034350582655406
1090,0.41517252982277353
1091,1.869335910644133
1092,0.5393706132855142
1093,1.5262237725226924
1094,0.6647298788912489
1095,0.5358441733647237
1096,0.12563261670069792
1097,1.1498127354448933
1098,0.11576467987745054
1099,1.3348908863463103
1100,1.3723471519129467
1101,0.9593923586006771
1102,0.7841710327787272
1103,0.6482588160010752
1104,1.780974426620876
1105,1.7959652502578831
1106,0.08612825049501929
1107,1.6285001092936326
1108,1.3963674672854582
1109,1.3329851945685343
1110,0.544892737026151
1111,0.74235964627075
1112,1.5429789264320608
1113,1.9519195527287145
1114,0.7483041384851435
1115,1.1016505766073903
1116,1.5020065299548657
1117,1.096554656693648
1118,1.1238029769396638
1119,0.046181424521322956
1120,0.6041265886169349
1121,1.1466375163081897
1122,1.2303514081958602
1123,1.3857095546847011
1124,1.090742189007261
1125,0.923025134099819
1126,1.7458879646446033
1127,0.9778486064747314
1128,1.3097716831391661
1129,0.6102991967074523
1130,1.4517647132426132
1131,0.7556719394396388
1132,0.27972344438841606
1133,0.9858705429324852
1134,1.5887613380701628
1135,1.6419057207699987
1136,1.2516797505221497
1137,1.282717597273949
1138,1.832759317931127
1139,0.8102925848935902
1140,1.2463853290072855
1141,1.0381598982007192
1142,0.6386273689259092
1143,0.8721869755448368
1144,0.8509715357112063
1145,0.484420576731846
1146,1.1857480197322752
1147,1.466645876913995
1148,1.3617994041612576
1149,1.9807238725168683
1150,1.0663404315207623
1151,1.6760536098126302
1152,0.7035255379946763
1153,0.9002214542149656
1154,1.2912754677312763
1155,0.9792853829952561
1156,0.10160890467081146
1157,1.3228222235984264
1158,0.6489081434542058
1159,1.1176302612684188
1160,0.4946932221740582
1161,1.3419401682055754
1162,1.1330111257428572
1163,0.5085611302728159
1164,1.1893417776551156
1165,1.4987357779601962
1166,0.9198121350701337
1167,1.0673090942813073
1168,1.2306495295486546
1169,1.9605516303688206
1170,0.5379193660073973
1171,0.9328430400544826
1172,0.4602065747460963
1173,1.3094308683563913
1174,1.5310322344131297
1175,0.9637625130695591
1176,1.718836700797541
1177,0.5394375319782454
1178,0.4708322402110536
1179,0.9933701163649022
1180,0.18511109603909734
1181,0.6336936911338684
1182,0.9390589729024781
1183,0.5988639499387023
1184,1.4814308706879014
1185,0.3629336681076356
1186,0.4798885178636261
1187,1.4307344205799515
1188,1.3656268444444806
1189,1.3257977680508877
1190,1.4900805656949476
1191,0.6886281776161809
1192,1.3092370823832127
1193,0.9979239898423344
1194,1.9665646704551965
1195,1.319797614842857
1196,0.4906353012468798
1197,0.3857350515902877
1198,1.1697010785819915
1199,0.6616635212199963
1200,1.8270812646497672
1201,0.4788635106862719
1202,0.7689184974485892
1203,1.346496770423292
1204,0.9344657171394526
1205,0.8877883531935253
1206,1.4111079432728006
1207,0.45867466582448
1208,1.2775357000561414
1209,2.040642959472208
1210,0.21351185507776327
1211,0.6614019387322313
1212,0.11309766805076088
1213,1.2439365995669323
1214,0.6600564029232925
1215,1.0025710243797739
1216,0.23412985562259264
1217,0.601392643750609
1218,2.026258621180634
1219,2.121391323597468
1220,0.38222306330302447
1221,0.22965850815689354
1222,0.27390658261487605
1223,1.5929846350094636
1224,1.8042365972024277
1225,0.9618239146473516
1226,1.061530828755226
1227,1.640815798551364
1228,0.4478687432649274
1229,0.3875880943341944
1230,1.0834989556346812
1231,0.25499729991231823
1232,1.5746796684983013
1233,0.9218978057167488
1234,1.8932913346952498
1235,0.6154179913598021
1236,1.395238232778163
1237,0.4118357633312537
1238,0.848071828439108
1239,1.3236734279683482
1240,1.0366016935726574
1241,1.492943609394846
1242,0.20022885233839544
1243,1.3252062762415027
1244,1.0845924842076005
1245,0.5108822770855863
1246,0.7142643121712583
1247,0.7040858547278708
1248,0.8679709897270327
1249,0.9639191413849357
1250,1.6840409399653051
1251,0.6655407237569302
1252,0.6797381433289587
1253,1.67376909677568
1254,1.5810113129443777
1255,1.0970806837444744
1256,1.4733239137025222
1257,1.1126888366332883
1258,1.7867141754847562
1259,1.7853658710303644
1260,0.7125311798683832
1261,0.6869192159691505
1262,0.1730015671115495
1263,1.3305945886942983
1264,0.9139008967408679
1265,1.065069751923235
1266,0.6047385415026632
1267,1.3074579476328316
1268,0.7386986020122024
1269,1.0716240464292857
1270,0.6321268826465134
1271,0.8646949738360905
1272,0.49793517436351237
1273,1.3134406243592551
1274,0.8885782841478319
1275,0.6707603322738254
1276,1.015057342731688
1277,1.7475313927966278
1278,1.1951709706496843
1279,0.42803578333553116
1280,0.14950354072875932
1281,0.418753841765337
1282,1.0492692564552564
1283,0.18378122726295099
1284,1.157384428978858
1285,1.2405146882170066
1286,1.2170047106822208
1287,0.4616214572911146
1288,0.7563269850461487
1289,0.8139781883023252
1290,1.3365158085880746
1291,1.2991260718132347
1292,-0.015219349810369764
1293,0.6560983469404525
1294,1.438219840859135
1295,0.5581533515802561
1296,1.3637253007884143
1297,1.3086778067218225
1298,0.6361353949831907
1299,0.36333129381023377
1300,0.860111746506137
1301,0.5440606585022619
1302,2.022654813815314
1303,0.6620097105359474
1304,1.163652418465769
1305,1.17405935042387
1306,1.4296399592609284
1307,1.447074363776681
1308,0.6911472459351709
1309,1.726875236003849
1310,1.5535230179510982
1311,1.4448345516584058
1312,1.230218748178477
1313,0.1754875560966516
1314,1.8010890017507457
1315,1.2794166201744304
1316,1.2366053533002759
1317,1.081165911203248
1318,1.3869372725850775
1319,1.126733371732459
1320,1.696397273082944
1321,0.5781587056916988
1322,0.43470360602181246
1323,0.7613129906420211
1324,1.1295608381348563
1325,1.1363218648452238
1326,0.1919155779979206
1327,1.3873050337164536
1328,0.6167701059539326
1329,1.701353075802684
1330,1.4541296256898764
1331,1.5553990848181214
1332,0.5033827581488117
1333,1.873844322448679
1334,1.090127524017491
1335,0.4553978418115756
1336,1.0805864891436663
1337,1.4887411698244057
1338,0.7977232640208493
1339,1.4972609414719673
1340,0.5797024399561275
1341,0.5161800280677382
1342,1.349202268412042
1343,1.7943632923587196
1344,1.535738096254407
1345,0.47778868659120105
1346,0.3776735222531512
1347,1.1124015750880782
1348,0.9877990520845743
1349,1.560985598839995
1350,1.3977601200800533
1351,0.9937854408199553
1352,0.9040933327303793
1353,1.6218180797731245
1354,0.6495272933576457
1355,0.9952806166245851
1356,0.9435168650665932
1357,0.711963594239227
1358,1.1304287856810897
1359,0.2982737329866848
1360,0.986319576123556
1361,0.3498968393705108
1362,1.549627011024737
1363,1.0606306439450572
1364,0.8524322499661626
1365,0.13732265205741787
1366,1.393521610154661
1367,0.4993974540067052
1368,0.9955427781242644
1369,0.6742794417100633
1370,1.134193930983891
1371,0.8608945568339286
1372,0.846296121888438
1373,0.38261832252392125
1374,0.653085997800202
1375,1.004595003448208
1376,0.802252375623985
1377,2.221656369694599
1378,1.5586557846019642
1379,2.6111813810522797
1380,0.4941279595543963
1381,0.49936322612015493
1382,1.9387887411334597
1383,-0.04362122783482081
1384,1.160871276356933
1385,1.0631404944974057
1386,0.5847596524185187
1387,0.21491603658501818
1388,0.30975784442547294
1389,1.5780571173264875
1390,0.9283644204673973
1391,1.0677390775919724
1392,0.6319920935375507
1393,0.955244981563351
1394,1.3010030823806915
1395,1.019403620289494
1396,1.14162098058997
1397,1.0726506135654037
1398,0.3753402169337135
1399,0.7831298504208708
1400,0.3584479989803324
1401,1.3426305968922145
1402,1.046146913416243
1403,0.17932362349277103
1404,0.5573069551966219
1405,0.9075410208219373
1406,-0.0011308363691688028
1407,1.77785586832394
1408,0.5370174128589517
1409,1.3465376515131842
1410,1.1726571923466256
1411,1.8879331937368469
1412,0.6317151645618894
1413,1.1173205971446878
1414,1.24218102787704
1415,0.19921257861658256
1416,0.7825956815911398
1417,0.7454287816628571
1418,1.0346707611950567
1419,0.3563674873878936
1420,0.8057446130187882
1421,1.2002582546775935
1422,0.8113065989001613
1423,0.5687419630810263
1424,2.526047134377101
1425,1.1086438221127637
1426,1.2897646750835032
1427,0.8098109758242915
1428,1.765249767307766
1429,1.1194914708594474
1430,0.24775155561939838
1431,0.6260698818639123
1432,1.3591886221440084
1433,0.9137712633987876
1434,1.0951102137444426
1435,1.0790669163829687
1436,1.2390482293104899
1437,1.2998219814713101
1438,1.1051923996456967
1439,0.42696406052321817
1440,1.3820151847787232
1441,1.659179387853698
1442,1.1348339094317803
1443,0.3998467959350149
1444,0.6509916620329347
1445,1.1365410491311707
1446,0.910492261280529
1447,1.7490270208118501
1448,1.1931016920357722
1449,2.000842544284916
1450,1.076233174770658
1451,1.007422967139295
1452,0.921878958300955
1453,1.1370406632583558
1454,1.1214804151017974
1455,0.7218168751216869
1456,1.1542481158056455
1457,0.8257836667835778
1458,1.3549698471237002
1459,0.6829179216496443
1460,1.915778368419679
1461,0.9539920977362171
1462,0.7611937942004374
1463,1.6637646759916929
1464,0.6315342722672186
1465,1.0861489435029719
1466,0.6071491583692568
1467,0.7862168471799589
1468,0.5994175702682975
1469,0.42904970670278575
1470,1.0441825316771363
1471,0.94569600246322
1472,0.44958820101390484
1473,1.1751240340196678
1474,1.2665301303939083
1475,1.0054564827845853
1476,0.32112683458960883
1477,0.5738479084693814
1478,0.6619647198092913
1479,0.7699025730719763
1480,1.593514032587878
1481,0.5955183560452147
1482,0.5726365705813387
1483,1.300747937951877
1484,0.5788124279283463
1485,1.2427245834463712
1486,0.2138415526354851
1487,0.6869790098126302
1488,0.9983747318245271
1489,0.2869992526803679
1490,0.8868399619089524
1491,0.7915794790512465
1492,1.1195321553873492
1493,1.3804333888323037
1494,1.0665343436630947
1495,0.5264295396383349
1496,1.414506428567075
1497,1.6757753553871702
1498,1.388489354090774
1499,1.442427459575525
1500,0.441900004853059
1501,1.2755233062552018
1502,0.43112829045596085
1503,1.8904631527453846
1504,0.7352203781434328
1505,1.0274883195116922
1506,1.788441077006441
1507,1.511625013207363
1508,0.2570913753882017
1509,1.6997191355347843
1510,1.2039732487605197
1511,0.9436652611842486
1512,0.7401915704844131
1513,1.0160276026676769
1514,0.51361900639103
1515,0.8370432250898734
1516,1.4984964488151342
1517,0.876879010899303
1518,0.39498924222556314
1519,0.6364139082184738
1520,0.41569082864155626
1521,1.26326590595393
1522,0.7774006588003414
1523,1.319240906446759
1524,0.5722026084218471
1525,0.1052565332269336
1526,0.6095192843263495
1527,0.6510187176618587
1528,1.0649803975583692
1529,1.1115339311662447
1530,1.3941727624211406
1531,0.1723816426325471
1532,1.9939406742425418
1533,1.277974845240358
1534,1.0418126249111692
1535,0.9186569330826303
1536,1.5609540921515896
1537,0.8801106651408577
1538,0.7460872493739382
1539,0.9149212496250175
1540,1.3055175372038372
1541,1.6942671382591168
1542,1.498311660919164
1543,0.8514924941777405
1544,-0.6386948058312409
1545,1.22158668287677
1546,1.0815668119829889
1547,1.0992069521777634
1548,0.6406903164849158
1549,0.5785914160421921
1550,0.635355768080123
1551,0.7291349845103827
1552,1.2142445915723319
1553,0.990979995409965
1554,1.4977147176257377
1555,0.5150443054803446
1556,0.8651523873429219
1557,1.0290430911505057
1558,0.799477710601982
1559,1.1317040254601447
1560,1.4016245197040313
1561,0.6652074882158536
1562,1.7982863735491323
1563,1.667869931019906
1564,1.303722647256819
1565,1.8719729714779305
1566,0.2067720510744595
1567,0.7973019236048279
1568,0.5195999643788627
1569,0.6377677037010965
1570,1.7296869263968115
1571,0.4014009889569993
1572,1.1076401649608991
1573,0.6881510801200648
1574,0.8669445605217245
1575,0.5996180358224878
1576,1.1177684018655527
1577,1.8613045529589123
1578,0.2238967063059347
1579,1.237279610721971
1580,0.4143797636557697
1581,0.47414115733026513
1582,0.8513021478215146
1583,1.2617818190977397
1584,1.0594343216299813
1585,1.0109651038350163
1586,1.2215592063801035
1587,0.573295966954058
1588,0.8126479362546578
1589,1.2016979576800697
1590,0.528751191891145
1591,0.3427828087498428
1592,0.6183915153427222
1593,1.7944709264809469
1594,0.9030684009402046
1595,0.7358123386738332
1596,1.1201098565404692
1597,1.0073951340817595
1598,0.3807120766397686
1599,1.013061135865367
1600,1.1737487470948333
1601,0.48775116537655444
1602,1.1148615498994923
1603,0.4900633881149131
1604,0.24730734109907615
1605,0.4199214542010864
1606,1.256533201822579
1607,1.6488533322114787
1608,1.1618851209737957
1609,0.6316739323918135
1610,1.3266097575871953
1611,1.7104278008795648
1612,1.833973087937505
1613,1.3514723994388897
1614,1.511700878597198
1615,1.5911694246232542
1616,1.6729721413576448
1617,0.9599559627889038
1618,0.6228465792818608
1619,1.221177938599559
1620,-0.091288437491711
1621,1.2577496368277294
1622,0.4915720029028816
1623,1.4277790209063914
1624,1.2628655991704638
1625,1.2359711280875068
1626,1.3030158346409384
1627,0.7258431949989884
1628,1.0684391271002802
1629,-0.059501375726156325
1630,1.0169715861331334
1631,0.6027679877092673
1632,0.9311400752108947
1633,1.7047109263554683
1634,0.48146396515711276
1635,1.4850377921070081
1636,1.4176440501317444
1637,0.40166879972721997
1638,1.2118466454079941
1639,0.9229853214840582
1640,0.4425526630308872
1641,0.7921623131473137
1642,1.0837044936903335
1643,0.7036994207522315
1644,1.0259471913010216
1645,0.7861716074579541
1646,1.5338812103983803
1647,1.1116711696104082
1648,0.5586520479414412
1649,0.4858246706769205
1650,0.4231638014506818
1651,1.0217311596622969
1652,0.5377463053226121
1653,1.0402730348067322
1654,1.6070036723297108
1655,1.105751638628564
1656,1.3996630123982778
1657,0.41229538989460257
1658,1.370868910635401
1659,0.3674379582500491
1660,1.2612507216949982
1661,1.921070070588971
1662,1.3006846459915187
1663,2.2183130312496364
1664,0.5759470748636657
1665,0.20389256506428455
1666,0.9619177519202967
1667,1.6236275382769545
1668,0.04410246728027967
1669,1.3245543909091628
1670,1.1734693471146387
1671,1.3985439644877733
1672,0.3514264116330938
1673,1.9458844461652673
1674,1.6524432478344198
1675,0.8570285955051944
1676,0.5800169182930935
1677,0.8050210159086467
1678,0.7611027296850101
1679,0.6146625001575076
1680,1.3475985071928585
1681,1.3122014065243677
1682,0.5389470867173449
1683,0.42447082102695155
1684,0.413372739397381
1685,1.129206348937081
1686,-0.04414687919106511
1687,0.5507615831527238
1688,1.404348272747341
1689,1.7328768616210013
1690,0.11083368852057543
1691,1.0192602898613363
1692,0.7706563919000693
1693,1.3130259102855217
1694,0.4280877643738564
1695,0.9116175468178802
1696,1.2119553835562797
1697,0.8976018060898387
1698,0.6406757236121716
1699,0.23975254270212126
1700,0.6510766230578293
1701,0.7096816686802838
1702,1.1747254846946036
1703,1.3961339549114897
1704,0.48309488157767677
1705,1.5231572644671434
1706,1.6675610115673778
1707,0.4702286121332806
1708,0.5330199751731076
1709,1.2988439797548488
1710,0.46677479559355706
1711,0.8795020899070438
1712,0.8732117091893021
1713,1.2684678189769005
1714,1.3556941057945164
1715,1.7150461474128424
1716,0.7129385027095664
1717,1.8587623315964952
1718,2.887825803315623
1719,1.3050630547479198
1720,0.6356381552515943
1721,1.021297843361371
1722,1.6324860085309578
1723,1.132014352051016
1724,0.605403960904773
1725,1.0763087371540392
1726,1.20212460507386
1727,1.1472707751047837
1728,1.2374885328247407
1729,1.2980396944076358
1730,2.1546919855500364
1731,1.1066118987045916
1732,2.4133785429760186
1733,1.8316986811564941
1734,0.605589559438549
1735,0.37695209589432993
1736,1.8916384849169803
1737,0.6828134053139677
1738,1.3563460443927147
1739,1.1901598692785262
1740,0.712047929445762
1741,1.8625275297183599
1742,1.1072512970500332
1743,0.4328123319563379
1744,0.37495665527441385
1745,1.3532984637985326
1746,0.31961785689755734
1747,0.6858020019441405
1748,0.9164349811390338
1749,1.0137949036812386
1750,1.162154998959385
1751,1.6109765911512723
1752,0.9007753132659443
1753,0.3746295156305215
1754,0.1846065894879261
1755,0.9755208438179646
1756,0.9186037158011637
1757,0.9198757869083901
1758,0.9749892378029523
1759,0.6443638129963789
1760,1.4328988940387326
1761,1.0199657717150608
1762,1.1389664461059146
1763,0.026346054680614073
1764,1.0666527012307798
1765,0.8880881697727896
1766,0.48868568206653973
1767,0.3669498215957836
1768,0.559187035600061
1769,0.5374236161576273
1770,0.5344600419630148
1771,0.45227115415440566
1772,1.913413951034501
1773,0.7659526577625826
1774,1.260154180094482
1775,1.766407014766671
1776,1.1663951969168789
1777,1.431366552999343
1778,0.4727000148628649
1779,1.9958136628632364
1780,0.857428690094054
1781,1.255083592969549
1782,1.362864276887219
1783,0.6817262547281412
1784,1.3679353339361353
1785,1.2418400388204414
1786,1.7832852331041926
1787,0.6651981246895554
1788,1.1364989345160907
1789,0.6630380963869115
1790,1.1428115211609737
1791,1.4757476356007655
1792,0.881854917718641
1793,0.167301126196613
1794,0.7732866167951898
1795,1.9864524944509883
1796,0.7487871097688362
1797,0.9761071719523549
1798,0.8985767111127057
1799,0.5264254821754829
1800,1.3144647839103627
1801,0.6148366656935585
1802,0.8834614102152327
1803,1.1995391148111316
1804,0.8858088849857748
1805,1.039615252222971
1806,0.8529215931424792
1807,1.7428057106501837
1808,0.6511109424950846
1809,0.389570146962612
1810,0.7086264641694215
1811,0.3915848086892494
1812,0.8073038241063824
1813,1.2081231111647837
1814,1.4787478691557105
1815,0.9788141125120267
1816,0.16417433013842228
1817,1.2336074346763846
1818,1.3446401257019525
1819,2.223135878941066
1820,1.8093281571026112
1821,1.370124663530713
1822,0.6978831557230228
1823,1.230152935842323
1824,0.34710197684563404
1825,1.3738593765516
1826,0.7637981066884567
1827,1.101676011161518
1828,0.626436896839075
1829,0.6310320302690804
1830,0.7641950413559981
1831,0.8264810949373524
1832,0.5694957093657528
1833,0.5408583485479568
1834,1.351003352892108
1835,1.3391924307405438
1836,1.1669883103608214
1837,1.2301993466218388
1838,0.5592686201352903
1839,1.1399144934688001
1840,0.6440691962802991
1841,1.506273968128082
1842,1.8723148255428423
1843,0.8196290033269125
1844,1.6872381526629168
1845,1.1411708913600465
1846,1.0781886090272892
1847,1.0559516194637437
1848,1.6822689003910964
1849,0.9899038813402659
1850,1.5866721253821
1851,0.6782385035888975
1852,0.3373397736080404
1853,0.44474576924603015
1854,0.3629826318476134
1855,1.4140064219406872
1856,1.2616052915248819
1857,0.31240243046949095
1858,0.14232733976826978
1859,0.938916856323361
1860,0.8679507283681831
1861,1.2603978545846073
1862,0.5452261400555803
1863,0.9703829511896324
1864,0.6010825892765717
1865,0.973983584798007
1866,0.8414316075834042
1867,0.41650822322349335
1868,0.6102010794982888
1869,0.8829752501456145
1870,0.4136684388148331
1871,1.0958268383269718
1872,1.3731992830075954
1873,0.9242524221987013
1874,1.2495728291217394
1875,0.9909400276624096
1876,0.4899908739939568
1877,1.1504951737358828
1878,1.6189686039653879
1879,0.6903388619938434
1880,0.7549561545113752
1881,0.43750185593045327
1882,0.3222271179502082
1883,0.16059754974355897
1884,0.2892584587586133
1885,0.6108119278795594
1886,0.4790482737035915
1887,0.47569747763459924
1888,1.0334891356824805
1889,1.2656586259908413
1890,0.6945411819400027
1891,0.7026652519924237
1892,0.8797389211572463
1893,1.5070186327697344
1894,0.11153994314122215
1895,1.0424778498896492
1896,0.8574755148682321
1897,1.0393241894574103
1898,1.0096707847455382
1899,0.5817691102953525
1900,0.6014595796605413
1901,1.0519617485962156
1902,1.1911816992833582
1903,0.5110346976697415
1904,1.3457087910540548
1905,0.787357470468026
1906,0.5003015757697606
1907,0.3601742163860312
1908,0.6866609091841825
1909,1.1286118895521748
1910,0.6981048795217792
1911,1.280642371940329
1912,1.2784852195021303
1913,0.5765863696510425
1914,1.3480080715305935
1915,0.77886384818456
1916,0.35020489658144566
1917,0.30834001648353604
1918,0.7456350793358733
1919,1.2737808630924372
1920,0.7564241585605701
1921,1.3820266112709505
1922,1.630114668258364
1923,1.176999646581573
1924,0.8609741190365154
1925,0.4137524456173891
1926,0.38510301294350086
1927,0.47362886443560503
1928,0.3189179776141392
1929,0.42086170450307697
1930,1.5866241284020233
1931,0.5998030540838197
1932,0.6878015964157527
1933,1.4036312540295675
1934,1.6052566351048805
1935,0.8568470505340711
1936,1.2459565814079225
1937,0.7438707604137431
1938,0.7679852528570202
1939,1.1337328186087616
1940,0.3579133055377935
1941,0.7358112007417231
1942,1.396208481696172
1943,1.0122410372831177
1944,0.6253031581308512
1945,1.12270001576622
1946,1.3327897223176282
1947,2.0818106183003273
1948,1.2621408326845396
1949,0.9938359440309015
1950,0.5305512684050773
1951,0.808921508673415
1952,0.3231501907862515
1953,1.1293499534342806
1954,1.4136404336768407
1955,1.4482459671645316
1956,0.9268079117221495
1957,0.5752889104659877
1958,1.6276852292667372
1959,0.5046428871924837
1960,0.5491945927788142
1961,1.3777301007787357
1962,0.9912807262469717
1963,0.4716334439875085
1964,0.14122504991059773
1965,1.7515279156927885
1966,0.660294671787791
1967,1.079564728138018
1968,1.6911104665042251
1969,0.3764718886072421
1970,1.1803369094197875
1971,1.1160162783132774
1972,0.5295349593085961
1973,1.412384299921785
1974,0.6262016349231071
1975,1.3414007811492978
1976,0.8418658427194535
1977,0.45354178766802766
1978,0.6510143491822019
1979,0.8021448484280079
1980,1.2650035239712167
1981,1.5378579178270702
1982,0.04759394965720115
1983,0.7025867967837406
1984,0.3755063871555314
1985,1.3932807298544034
1986,1.7749749528315786
1987,0.5225589259285834
1988,0.27832349052301153
1989,0.4823646657324299
1990,0.2461017960425248
1991,1.0235254443240427
1992,1.2195140796118376
1993,1.2932172502336934
1994,1.728556876728746
1995,1.0825733497899768
1996,1.7574228598397643
1997,1.0099579640563343
1998,0.5731833182511812
1999,1.1870094228166677
2000,1.2391648170965297
2001,1.7349908734106048
2002,0.9861172711445504
2003,1.690768912430343
2004,0.9484719155108092
2005,1.6138436683362558
2006,0.2984316183251245
2007,1.159788054555929
2008,1.5176192973285478
2009,0.5039812586450462
2010,-0.4511346112809269
2011,1.0309348119433073
2012,1.3341478084446639
2013,1.4160119349638873
2014,0.8726709730626927
2015,1.2702134869089128
2016,1.7587920550740606
2017,0.4423627790206843
2018,0.3754814601808837
2019,1.5134290353220985
2020,2.0149815204957315
2021,1.8493636581222022
2022,1.3950023046519169
2023,1.0096944914383115
2024,1.1915178633923869
2025,1.1854061437221595
2026,0.8253400799598496
2027,1.0294502114429698
2028,1.3128310683366071
2029,1.2005677958031455
2030,1.297306436866398
2031,1.1116932755729465
2032,0.2295307943143562
2033,0.7582579474486832
2034,0.061656895700737804
2035,1.4039239602073652
2036,1.4079026032254114
2037,0.09973341553103363
2038,1.4446087273042905
2039,1.0330392090114515
2040,1.0400875779213083
2041,1.608297356383829
2042,0.9102639418564348
2043,0.2579659197420608
2044,0.659265329655873
2045,1.3301171333974533
2046,1.6545366734560283
2047,1.4667459118383146
2048,-0.10201246339117659
2049,0.5262693078222019
2050,0.7637378332967105
2051,0.5578285456653005
2052,0.4184804734197941
2053,0.8322718770279293
2054,1.0622394440032839
2055,1.307451945205817
2056,0.6946990125785404
2057,1.721242651944689
2058,1.2454260587280792
2059,1.0145436617896042
2060,1.7211261275860754
2061,0.8050663997027122
2062,0.5445564263053932
2063,0.7288002697187848
2064,1.3341866574449597
2065,1.0203356314563763
2066,1.1176706768282092
2067,1.05950095696307
2068,0.6506965965030631
2069,0.6805564182021581
2070,1.2315550395986161
2071,0.33447524267073137
2072,0.6419705278483787
2073,1.3446288519646006
2074,0.9770018781188509
2075,1.385847672818001
2076,0.6438514001347017
2077,1.5855821257562148
2078,0.797381324843371
2079,1.5483632137440018
2080,1.2813885702280026
2081,1.3979362300448712
2082,0.699656531743504
2083,1.6974099988481068
2084,0.19667953376947256
2085,-0.1573512475274356
2086,1.1213126961831772
2087,0.6235275106596851
2088,0.3740934630949079
2089,0.6887675604076332
2090,1.840850921898355
2091,1.5620237328668825
2092,0.9113854635566807
2093,1.0737669436300212
2094,0.27145895142872106
2095,1.2549617155661297
2096,1.1138281161579233
2097,0.711044888899489
2098,1.3959451047869869
2099,0.28958101759340354
2100,1.1168748247572837
2101,1.9109765698845482
2102,1.14096552458903
2103,0.4439790828347961
2104,1.0002208989088328
2105,1.5814750196758158
2106,0.973848240143562
2107,1.0300195122185278
2108,0.8865220954311304
2109,0.5463405672845818
2110,1.4296501648345874
2111,0.3260822098797278
2112,0.76445957461745
2113,0.5848369780590266
2114,0.5253799736239018
2115,1.1878164643866214
2116,1.4930390306642463
2117,0.8490283995388209
2118,0.7797164216636091
2119,0.6868426616460184
2120,0.39175250078766516
2121,1.0776642976076811
2122,1.0225032470509494
2123,1.1169215361487557
2124,0.2603092364571242
2125,1.757110072990044
2126,2.9303947550717204
2127,0.6703128111193516
2128,1.7995187424867396
2129,1.4964825848152183
2130,1.0167226438937043
2131,1.0060307283787122
2132,0.6838537790199071
2133,1.1110564294308864
2134,1.4466369280513378
2135,0.01605553810093202
2136,0.504769434357162
2137,2.1279962544867255
2138,0.7651247377835979
2139,0.6347020810025779
2140,1.2977409464492071
2141,1.5486608942886155
2142,0.39919765211637115
2143,1.2437680153974982
2144,0.8544839714869193
2145,1.0958219236796471
2146,1.443736417025892
2147,0.5877842727427813
2148,1.4909112056076892
2149,0.8946398396376556
2150,1.5056808798638017
2151,1.3609115600884234
2152,1.0176375717936594
2153,1.5621091666411029
2154,0.6208701162963481
2155,1.0672258665407073
2156,1.1725398688826494
2157,1.0557244552775364
2158,1.1133051403531464
2159,1.3061984024747106
2160,1.1863792857292381
2161,1.0519944087742021
2162,1.4456905795185444
2163,0.4107219910602892
2164,0.40170653479740415
2165,1.4211812324957687
2166,1.3226494567421754
2167,1.0219985103685183
2168,2.234037098887823
2169,1.4339017882628853
2170,0.8404608985702194
2171,0.47574002439066676
2172,0.46906593496072957
2173,1.4117691196979587
2174,0.2022769896855784
2175,0.6801513300508674
2176,0.4397671747976006
2177,0.6339860123784966
2178,1.4746749449778511
2179,1.175569095550976
2180,1.2644821012414673
2181,-0.09513758223724583
2182,1.126281046986822
2183,1.4067647844143434
2184,0.5142430390736923
2185,1.0685407128606368
2186,1.5568245803359022
2187,0.6534418646989726
2188,1.1543547665841747
2189,1.190923449879898
2190,1.4779808853873766
2191,0.8476149641276491
2192,0.6969438656887339
2193,0.9128540705780893
2194,1.3421597493334232
2195,0.41927351764562465
2196,1.119062396200719
2197,0.3032734913624159
2198,1.349528170943596
2199,0.6619930125701966
2200,1.199704637663379
2201,0.9433221336215494
2202,1.0639637799577515
2203,1.3231349315761878
2204,1.6182812888507772
2205,0.36615901870319917
2206,1.1661148061077569
2207,0.3216445370488661
2208,1.2028531035158747
2209,0.3308845922384367
2210,1.303286298896182
2211,1.5445939587287887
2212,0.718256146119319
2213,0.8755116629601731
2214,1.2533229109996264
2215,0.5716691821025364
2216,1.4560512967942605
2217,1.0496156333019284
2218,0.4395978929985328
2219,0.8046135485258687
2220,1.0811170765309057
2221,0.5819000403919243
2222,0.6558489141366673
2223,0.6461792906026375
2224,1.1271473328274457
2225,1.1536676825169956
2226,0.6569743015463959
2227,1.435307686032113
2228,0.7810964044556484
2229,0.18536785808560197
2230,1.3323365339534035
2231,0.9627141238630359
2232,0.32047936477224426
2233,0.881672981313022
2234,0.677400242509046
2235,1.2776212301273262
2236,0.38195388590020135
2237,0.8492294254795685
2238,0.5041902627067414
2239,1.2850776119585907
2240,0.7883127310280471
2241,1.5167763326307684
2242,1.0787875713935435
2243,0.2232170609078174
2244,1.1311399467196785
2245,1.9914859320366807
2246,0.0023930795603805954
2247,1.2352993030698427
2248,1.0889591929710003
2249,1.6130330409162608
2250,1.2381519689022236
2251,1.1593768432558407
2252,0.7171249993830202
2253,0.561453124552363
2254,0.7302726886269804
2255,0.5246644026575897
2256,1.5955483932713455
2257,0.9887505108242327
2258,1.2617136115172176
2259,1.427401199468881
2260,0.6458645452791281
2261,0.5459466823023911
2262,1.4543275425886242
2263,1.0316397968635598
2264,1.3688686927624727
2265,1.1360840572425026
2266,1.5534084653249673
2267,1.2404896073069918
2268,1.006490079760411
2269,0.4754016541558982
2270,1.4724996233049947
2271,0.26352436182681815
2272,1.1827592870298125
2273,1.4890190400310006
2274,2.0375353784084953
2275,1.279571523522515
2276,1.0743922468543186
2277,2.0517032586758823
2278,0.8870293582007862
2279,0.9798204653885836
2280,0.8281062714285321
2281,1.3853274237380906
2282,1.0845952879354472
2283,1.4958288216033693
2284,-0.11146010947209015
2285,1.166375026034653
2286,0.3852631544056101
2287,0.44624389392608815
2288,1.2811921835066895
2289,0.6852236660890333
2290,1.2656690454719053
2291,1.1263407989900016
2292,0.9938511922168353
2293,0.044990038677020006
2294,1.3019838210615244
2295,0.9620832889576914
2296,1.2475634075324469
2297,1.3193164448988222
2298,1.7944367604819005
2299,0.34164608394137214
2300,0.4776685528974194
2301,1.3034627862715835
2302,0.8032219429231765
2303,1.7177126991502087
2304,0.6754092105400924
2305,0.48027452762512923
2306,0.5514766312593891
2307,1.7116195825752492
2308,1.3488738622483762
2309,1.2044098183147562
2310,0.9660869826834627
2311,0.7606399179307627
2312,1.1431785624139907
2313,1.5996191172887164
2314,1.4742851374347974
2315,0.13273042762207804
2316,0.6472980016192638
2317,1.0092258286909586
2318,0.5224075259731676
2319,1.4345508906568147
2320,0.8461889078112412
2321,0.4274322243359709
2322,0.6469249629326949
2323,0.5203858030884156
2324,2.198151185562154
2325,1.235778276361791
2326,0.7370984094375737
2327,1.2530258612757268
2328,1.2081764875501877
2329,0.8860046091529487
2330,0.6787765128798369
2331,0.5190551291599825
2332,0.4353767596144698
2333,0.4423328824544717
2334,0.5725427682932677
2335,0.6770871541151899
2336,0.6015689459078788
2337,0.6246766886126756
2338,1.7387663173193935
2339,0.6001795695040726
2340,0.7679968158678568
2341,1.0714729048802076
2342,1.0487260828016578
2343,1.6266822376834127
2344,0.8780655634624704
2345,1.2448424531485396
2346,0.6632606222759485
2347,0.573798536037901
2348,1.1626437256614435
2349,0.371395366833214
2350,1.032938413482409
2351,0.4658529237035609
2352,0.4986459156748291
2353,0.9690494233055871
2354,0.22036940482559159
2355,0.5995799081185345
2356,1.5350042381773585
2357,1.0405645906371943
2358,1.3236872418901733
2359,0.7634849751969919
2360,0.6338958378590662
2361,1.1073523799910596
2362,0.6264100369423525
2363,1.0156065648866124
2364,-0.24643845072537088
2365,1.0293975575241803
2366,1.785816712217816
2367,1.1219709097121435
2368,0.9374306858724717
2369,0.5383879651163158
2370,1.5691872160281286
2371,0.7251796407408732
2372,0.6230805552070022
2373,1.5843204737403802
2374,0.7862283569326735
2375,0.6102739468344974
2376,1.2927206775291549
2377,1.2065737925892528
2378,1.1150926437822402
2379,1.754487932948755
2380,0.31504823364426116
2381,1.16664145249369
2382,1.5854412890872551
2383,0.9534963835413093
2384,0.20800710444248216
2385,0.810236188261574
2386,0.8809122331381773
2387,0.6312440640979826
2388,0.5870222701613267
2389,0.7865402104515944
2390,0.7655884124815746
2391,0.8087054279881114
2392,0.43361723918477263
2393,1.0185470946857715
2394,0.42634062416571916
2395,1.1124037193533391
2396,1.4213035472245437
2397,0.7836703580864381
2398,1.1251117085658733
2399,0.6734865254359588
2400,1.5396958718328388
2401,0.9010018856787616
2402,0.9336232724830567
2403,0.6699006828204375
2404,1.316291799784039
2405,0.3560624653791213
2406,0.7037035546619673
2407,0.23883544830611786
2408,0.37403557058227843
2409,0.14023989563766828
2410,0.8037297903983782
2411,0.3770885115683956
2412,1.0603089044413134
2413,0.7089392817725022
2414,1.0935162037487256
2415,0.4870728015636415
2416,0.9229083048919515
2417,0.24776002493580748
2418,0.3440690433097144
2419,1.2122294972256098
2420,1.6499305082545928
2421,1.1609775517908365
2422,1.7072185391785124
2423,0.35568594447685226
2424,1.0223747244586754
2425,1.7684714403735384
2426,0.6868701222637258
2427,1.2340854430864945
2428,1.5138658573694639
2429,1.0732339227847278
2430,1.2975956655934684
2431,1.1051504198603044
2432,1.1170444672541158
2433,1.005625355708595
2434,0.848341171650429
2435,1.3843808794919248
2436,0.9959974949923562
2437,1.1632471213047324
2438,1.0892080822350867
2439,0.39630160527145086
2440,1.191636929930095
2441,0.38334114838537353
2442,0.4744668759938372
2443,0.2937357361995549
2444,1.0999566040438316
2445,1.5433483749126449
2446,1.9350677816118336
2447,0.31274169797990903
2448,1.5972723442908188
2449,0.7402406239267709
2450,1.4537754081257883
2451,0.1804832873161616
2452,1.2967775827037178
2453,0.2625170561238926
2454,2.288436331795994
2455,0.9976270378643654
2456,1.0539855625836085
2457,1.4217325220489756
2458,2.4876503857760204
2459,1.2908408505796125
2460,0.5335128796168291
2461,1.0898855283847235
2462,1.5040798208395956
2463,0.6808243690007411
2464,0.946703631320239
2465,2.0782228165762744
2466,0.5190633994070746
2467,0.6213639200337893
2468,1.3724738599763646
2469,0.43246567969899385
2470,0.6103725601824964
2471,0.6600936992451057
2472,1.0205053977420677
2473,1.0755955740454684
2474,0.2516793838147603
2475,1.440782403358312
2476,1.0936651110369224
2477,0.5516864758536505
2478,1.1287156463726955
2479,0.9364594291615056
2480,1.527632961772074
2481,1.0430337799291962
2482,1.8098895348531974
2483,0.6736132441624283
2484,0.2554293445250655
2485,-0.08080593231935843
2486,1.2468501774883167
2487,1.2667821010352958
2488,0.286114378388936
2489,1.2960615083246814
2490,1.3156175814911073
2491,0.9660417207322461
2492,1.2493274452793102
2493,0.43930864580528617
2494,1.422188400337291
2495,0.3368011192770915
2496,1.0554392657848712
2497,0.7548148570874732
2498,1.2386754828310769
2499,1.2320227488238507
2500,1.455631637344349
2501,1.3231505900255733
2502,1.2244584681175303
2503,0.654503807982985
2504,0.37053523677623884
2505,1.1148128016332242
2506,1.6857835126876046
2507,0.4949089347695728
2508,2.111619970228668
2509,0.39274794428722326
2510,0.9211291273210244
2511,1.0959312573193098
2512,0.6012782507324067
2513,1.9325745517234396
2514,1.155114532097436
2515,1.569389169136102
2516,1.1362092357455058
2517,1.4085110843260655
2518,0.47383685315361646
2519,1.2419000465198389
2520,1.8924980390917896
2521,1.512071123269871
2522,0.40691799747713875
2523,0.7579866336706504
2524,0.7131731288934438
2525,0.6004207857047417
2526,1.4211330190490077
2527,0.5231966591979503
2528,0.6166803276578976
2529,1.2531826015400866
2530,1.675224191084797
2531,0.9718809303249194
2532,0.4214224772735726
2533,0.7879646687641458
2534,0.7759040979398124
2535,1.6262555777321663
2536,1.2446587755391985
2537,1.5308153059883423
2538,0.6094446098960908
2539,1.2059076588576518
2540,1.2000272275308743
2541,1.1423983329125948
2542,1.3888850128041326
2543,0.54539893092598
2544,1.0473291121120936
2545,0.5403503159630515
2546,0.4924949230993112
2547,1.203286133244613
2548,1.3980531272963836
2549,0.5057648412663773
2550,1.3976413217148036
2551,1.1232009737441706
2552,1.5592972340847715
2553,0.9749470293051019
2554,1.6765848400193748
2555,1.1004502610390994
2556,1.2427453097777865
2557,0.9223981125375977
2558,0.4968861029196988
2559,1.0863137951414217
2560,0.5230914622121631
2561,-0.1335437092717868
2562,0.827323899986632
2563,1.676767875416881
2564,0.5907600626978741
2565,1.2063463745979428
2566,0.9080093576689158
2567,1.3512917353080494
2568,1.0049967954227386
2569,0.6842774803866418
2570,2.157623947376364
2571,1.0912639946460643
2572,1.4913203505564927
2573,0.48847398662171876
2574,1.3441380891109003
2575,-0.08112803653012501
2576,1.5776337799957723
2577,1.2689658776993988
2578,2.1840230798346654
2579,0.8698811929822742
2580,0.6021999541474607
2581,1.2277216466916239
2582,0.3141514448348334
2583,0.4905648279339837
2584,1.2083050362984729
2585,0.8345717313067169
2586,0.9602194296488138
2587,0.5843317489434184
2588,0.9706644102252451
2589,0.717399780050224
2590,0.7108623616333207
2591,0.720948654990818
2592,0.9642041703394753
2593,0.3776470251400219
2594,0.3232765116268036
2595,0.3853461336575708
2596,0.3006867090290007
2597,0.8357807901901555
2598,0.9190527646663355
2599,1.3748472473850084
2600,1.1909274992800758
2601,1.2227493145597825
2602,0.5843037683380505
2603,1.161996760968286
2604,0.8960104161137386
2605,1.1421607516664136
2606,1.0949488205249938
2607,-0.05185744467062479
2608,1.0555318367148545
2609,1.3949349175432402
2610,0.565617439646916
2611,0.8254315886870642
2612,1.2353547593511112
2613,0.5483434748427236
2614,0.7602634275715854
2615,0.4611380207785546
2616,0.7865555036035492
2617,0.7220510819845908
2618,0.7557819074204779
2619,1.4757847367882615
2620,1.6455967297228025
2621,0.5791136026802912
2622,0.8593928662513081
2623,1.6863748762904291
2624,0.9792589289999659
2625,1.6047636829291145
2626,0.34571405093972907
2627,0.5032661144917522
2628,1.2515161777431896
2629,0.8081353159688366
2630,1.3185453790729058
2631,0.35815458791048577
2632,0.6500635006759528
2633,0.6113962702987358
2634,0.5111985427838498
2635,0.7199693593352124
2636,1.011332494193883
2637,0.8906199734720555
2638,1.1577852560282917
2639,1.5280320996639272
2640,1.0802897473027377
2641,1.085386965686398
2642,3.013973284940392
2643,0.7255266593675471
2644,1.8227419819797437
2645,1.1685109736036792
2646,1.554059095046091
2647,1.1606356181260455
2648,1.4529849923189015
2649,1.0849167960418469
2650,1.118556062436712
2651,1.2380056300016047
2652,1.5725334272487976
2653,1.2057763577903304
2654,0.5486732970118853
2655,1.8473422581281085
2656,1.3515556227355359
2657,1.5402659714777327
2658,0.7956496051851136
2659,1.4933495494774829
2660,1.9681124748245207
2661,1.0966468726423932
2662,1.2335841100793166
2663,0.9087351797475534
2664,0.9837044300298374
2665,0.618662293784264
2666,1.1495730967304327
2667,1.9110547343513122
2668,0.8315089185637345
2669,0.8949559197267218
2670,1.5456037251987065
2671,0.7863030451020753
2672,1.1382176606445316
2673,0.8504653826957178
2674,0.9039635107208546
2675,0.15935750154270661
2676,1.0095581326253562
2677,0.9958220291138982
2678,1.282697379752421
2679,0.7373185172518016
2680,1.3738365454626928
2681,0.5003739558196783
2682,0.9611623812194158
2683,1.0919542181007975
2684,1.1748651422295562
2685,0.8907026400405784
2686,0.29062104120645815
2687,0.6488693939484349
2688,0.5292337932194059
2689,1.358727686242525
2690,1.3685190523540975
2691,0.5167429556025134
2692,0.754832172276442
2693,0.7567098222319051
2694,0.6664047654434512
2695,1.197905102805254
2696,1.1106162160352124
2697,0.9236546306903174
2698,1.6991886675867869
2699,0.39280429056244187
2700,0.08509951189116413
2701,0.7021245437767341
2702,0.8580808971027312
2703,1.3955334040075824
2704,0.7482694698287274
2705,0.23797495798978746
2706,0.2626861013737755
2707,0.368863455012881
2708,1.1325951159767935
2709,1.3194242892197459
2710,0.38987625163132844
2711,0.17587879791009037
2712,1.1348122512238978
2713,2.725441021261048
2714,1.9488282683090998
2715,0.5237428248981422
2716,0.569901468011967
2717,0.5377290477353771
2718,1.261492908058214
2719,0.3794156095901199
2720,1.4820628473607078
2721,0.3859250442404808
2722,0.19880468642722188
2723,1.118759245892178
2724,0.9025074207867518
2725,0.4517158318258344
2726,0.8433660237744091
2727,1.0104674720743694
2728,0.7979358104059938
2729,0.9711026174159669
2730,1.6929988141319179
2731,0.16462977603596468
2732,2.803121122361471
2733,1.0051790461337156
2734,0.4527324058227047
2735,0.9982710805957917
2736,0.43364526725922925
2737,0.4050424648778903
2738,0.4952280392449469
2739,1.7444252336639563
2740,1.4945663147661088
2741,0.7550476064723708
2742,-0.005274885767253212
2743,1.1712287440743154
2744,0.9665967300400347
2745,0.968985638830075
2746,0.9082156897690776
2747,0.9420425761033951
2748,0.5732337830038421
2749,0.7773420412747367
2750,1.8487746024428917
2751,1.1930973391242499
2752,0.8518222794616828
2753,1.7404165369333062
2754,1.5363900862485005
2755,0.7846492820837709
2756,0.5753477203019582
2757,1.1353777303708776
2758,0.5675394609784965
2759,0.9468477834053143
2760,0.8898701604466052
2761,1.7211921969114565
2762,1.1009238400233865
2763,0.47057835947207133
2764,1.2998417926284564
2765,1.333250118376928
2766,1.3496037346008858
2767,0.7517411516970969
2768,0.9220857474166806
2769,0.6861053248613938
2770,1.4141586630001868
2771,1.2814197196824078
2772,1.0377454577271767
2773,0.28634888323694785
2774,0.8499728861362931
2775,0.3128170676907737
2776,1.2530579215607818
2777,0.9962784874191274
2778,1.2434907715427972
2779,0.45954569506661425
2780,1.4073309418147844
2781,2.144389092729908
2782,0.3506357713355471
2783,0.710052445530368
2784,0.5788209315935624
2785,1.4513849264795091
2786,1.0236042208746654
2787,1.4023465748634205
2788,0.833577529296411
2789,1.655166821828459
2790,1.0187858243189147
2791,1.3759157735137615
2792,0.8182300728927461
2793,1.6017578284792269
2794,1.0840152369535079
2795,1.5737502951095967
2796,1.373676064486554
2797,0.3256147736387309
2798,1.4967326221609214
2799,1.4657195125554328
2800,0.5319066078776759
2801,1.2999516773587974
2802,0.9711299798469513
2803,0.9922734703244587
2804,0.4470941145723404
2805,0.9925853413423904
2806,0.6330829053749691
2807,0.6586197509797118
2808,0.4447739639094949
2809,1.6322424637308288
2810,0.2933834495281944
2811,1.4983105212783105
2812,1.44332044257952
2813,0.7600602954118723
2814,0.6961147245853536
2815,1.6004094183953024
2816,0.553017325518468
2817,0.1860668675768691
2818,1.508851892828437
2819,1.4157483524558856
2820,0.2642941842646596
2821,0.545836469963638
2822,0.4951384580222181
2823,1.26589914216113
2824,0.9654036913720626
2825,0.6731735683604692
2826,1.0023741474556005
2827,0.5760990798754103
2828,0.9920306716063316
2829,0.7680388215668296
2830,0.7281821756208187
2831,1.6603189669494043
2832,0.5445989331011133
2833,1.6529584874360252
2834,1.0499853437921147
2835,1.5278372533708047
2836,1.5281890521968582
2837,-0.06870528690726335
2838,0.9418522805216405
2839,0.271117146873772
2840,1.0314183734964417
2841,1.8585263112968886
2842,0.45164309627247545
2843,0.8878492369806569
2844,1.577034424499982
2845,0.48257891874889536
2846,0.04364575233435242
2847,1.0612705963218523
2848,0.9802892569674315
2849,0.6697310398165854
2850,1.3604978742389835
2851,0.4856974252304107
2852,0.7023803227141796
2853,0.47885487406981814
2854,0.17348959060228816
2855,0.34980667890818856
2856,1.928259046403788
2857,1.219638305143269
2858,0.5810363928617102
2859,0.8556824592045703
2860,0.9792513894605914
2861,1.5378361801097704
2862,1.2001150194550196
2863,0.1613076231081806
2864,0.9651267300206801
2865,0.4797495847056287
2866,1.7382052215804842
2867,-0.35099472303199764
2868,1.2413488878788101
2869,0.3321731465631787
2870,1.088086486940511
2871,0.3921815455385243
2872,1.6569086003531164
2873,0.8293444753682011
2874,0.507337846999
2875,1.710445490404389
2876,0.9818445313530693
2877,0.6219821326592496
2878,1.663963144147484
2879,0.8215441619543948
2880,1.497273844230468
2881,1.1582339589311121
2882,1.098252751854705
2883,1.1847193620790466
2884,0.32174536338754073
2885,0.9284259574959499
2886,0.48235991935769057
2887,0.6764263135263548
2888,0.48674453199697726
2889,0.7478862717558483
2890,0.5377029129338752
2891,1.1128255315722333
2892,0.9466880719663725
2893,1.0947217921642114
2894,0.8791876384691183
2895,1.1022938971447833
2896,0.5276932252660858
2897,1.2423952087369972
2898,1.2143888671915293
2899,1.177606453699307
2900,1.1122190886592132
2901,0.7189832892040446
2902,-0.13965642745228793
2903,0.07466076041077513
2904,0.4417158816674216
2905,1.124927133047195
2906,0.21867435378732036
2907,1.6187760283462163
2908,0.960951929336022
2909,0.9746249830346867
2910,1.1295091327741225
2911,1.1649327220076855
2912,1.0115640670710488
2913,1.603863082902933
2914,0.9406331761184685
2915,0.6295749038363302
2916,1.4502750499801453
2917,1.0057952529303744
2918,1.1369990008001643
2919,1.6228774624150615
2920,1.551379089756941
2921,1.5707920427618753
2922,0.1734533134307935
2923,1.2704054461995344
2924,0.5090863286257938
2925,1.7110334317229536
2926,0.7511082892023078
2927,1.0999709371306206
2928,0.7359761168776133
2929,1.2900821377657938
2930,1.0734101082106011
2931,0.8991640984120794
2932,1.3657768929610596
2933,0.9505364698246805
2934,1.3930356939587472
2935,0.5600668011473451
2936,0.5888293478917459
2937,0.37614915327919324
2938,1.323000032722651
2939,0.5199005506932131
2940,1.7404781779023988
2941,0.973934878331866
2942,0.039331159789099124
2943,0.4117059961205419
2944,0.9775605821058267
2945,1.0830088805001081
2946,0.9164611146055137
2947,2.122660808402319
2948,0.633036414683239
2949,0.3869387706756874
2950,1.396259046265076
2951,0.8156930677013796
2952,0.3247667555915832
2953,0.6155072266039717
2954,1.2124461067191625
2955,0.607070115986977
2956,0.21121135807759037
2957,1.2017374696982503
2958,0.8546715273365529
2959,0.10579750383424505
2960,1.0817065358377378
2961,1.0092352458015652
2962,0.5674840660620006
2963,1.4336763860115975
2964,0.5502410551014398
2965,0.609173470191529
2966,0.9603416184789517
2967,1.1656592186202621
2968,1.1292451337378082
2969,0.747599029002981
2970,0.7512267097220093
2971,1.2952920419614566
2972,0.41527205654204646
2973,0.790199955804047
2974,0.34486246370252915
2975,0.5772596306492624
2976,1.4173764784813507
2977,1.1555333988968146
2978,1.2050053999527783
2979,1.3331786756353725
2980,0.9574148009168344
2981,0.7276424714452174
2982,-0.06511850262377952
2983,1.1185056400575655
2984,0.6970257652195428
2985,1.3890853516996038
2986,1.4276864095772637
2987,1.0419392761315716
2988,0.5202832830998536
2989,1.6002188375270847
2990,0.3037006952391177
2991,0.5480768295714175
2992,1.5663720143357907
2993,1.0372384050902148
2994,0.390529815970724
2995,1.26485098571297
2996,0.5220669864778953
2997,1.7912636826711794
2998,1.6603275948725544
2999,0.5022640703874824
3000,1.3887041394144768
3001,1.5254849742861158
3002,1.3592112524675688
3003,1.3682808365325443
3004,1.356011734827676
3005,0.9553534354094575
3006,1.87831677536661
3007,1.5894444328915593
3008,1.1102423980847453
3009,1.9879027340014024
3010,1.1795418276420326
3011,1.1840191182983726
3012,1.311519093040412
3013,1.3936103665947754
3014,1.2968131807300447
3015,1.4564894851009558
3016,1.254001234259126
3017,0.027036955672998464
3018,1.2534892624981835
3019,1.6643448367526146
3020,1.487544277551803
3021,0.1770323543033798
3022,0.3054260873401809
3023,1.1673672399178145
3024,0.790791539376846
3025,1.4434190308350083
3026,1.8761768376560006
3027,1.0603610240005488
3028,1.6387013685620304
3029,1.0968589898958525
3030,0.8549584352473137
3031,1.6437078202492121
3032,0.6074734268964107
3033,0.5808193434235629
3034,1.5740059377169895
3035,0.5148269330005709
3036,1.6510061271424836
3037,1.3630132353711848
3038,1.0465091594150686
3039,0.8604608235660449
3040,1.7356449388977673
3041,0.8683894576545665
3042,0.4128752145548388
3043,1.1335868649972103
3044,1.4083537752857855
3045,0.5435586027996148
3046,1.4861596035053297
3047,1.5259882799813902
3048,1.57750321760283
3049,1.0974640433820428
3050,1.7234626847568892
3051,1.2330712651006674
3052,1.2342007063301281
3053,0.36417916165765557
3054,1.1446815164088022
3055,0.8706718101402116
3056,1.5406644641292013
3057,0.20511055458662747
3058,1.5393698232599997
3059,1.2068077930876315
3060,1.6416288813829718
3061,1.1831609398349183
3062,1.0566322713885195
3063,1.1678461286299462
3064,1.3259342972838353
3065,1.4987426111856907
3066,1.1990920565167484
3067,1.1469046302695356
3068,0.8380701587228921
3069,1.0498282110236659
3070,0.9975066953645317
3071,1.6667185335524342
3072,0.27860907006843366
3073,1.7366430055159268
3074,1.5180614232698444
3075,1.1077361898841591
3076,0.6312281306939959
3077,0.8285103996612511
3078,1.2502548386898067
3079,1.5815892570345131
3080,1.2858089713752572
3081,0.7989250453698583
3082,1.002482465616057
3083,0.8676083955443274
3084,0.7402116026602616
3085,1.3657006922467634
3086,1.7773975626658487
3087,0.9437113710522828
3088,1.2728501100793022
3089,1.3604228023387954
3090,0.13260941430733797
3091,1.3563732964730058
3092,1.4648559990659904
3093,0.5077474411471539
3094,0.61020513881668
3095,0.6943665698681811
3096,0.6241410951726545
3097,1.4048178868404042
3098,0.5878581470713875
3099,1.739531149748949
3100,1.3617538386831296
3101,0.3840251808520766
3102,1.1029266560600508
3103,1.3062295829929556
3104,0.7645555845896883
3105,0.46092072741112083
3106,0.7612042195422632
3107,1.353206789036255
3108,0.6301103649015869
3109,0.6450532485561777
3110,0.4555939633937717
3111,1.4581565364188713
3112,0.9217488490184084
3113,0.7016701035344614
3114,0.5284082261948094
3115,0.776393708955992
3116,0.30564781042541206
3117,1.226699292376924
3118,0.43931450026198254
3119,1.295990066563805
3120,1.3745304325013552
3121,0.9221296405753693
3122,0.8625380610631361
3123,0.3343104196774987
3124,0.5352064976219739
3125,0.9214197818402154
3126,0.8975149925971708
3127,0.6654647082656949
3128,1.1922872600304044
3129,0.7004865491082886
3130,0.9842736298678317
3131,1.2686654846474763
3132,0.4532894965099827
3133,1.2475010955462997
3134,1.1438957445490803
3135,1.392591620506674
3136,1.3829410972446885
3137,1.073828114604929
3138,0.6365796461732064
3139,1.751450099917958
3140,0.9577395568452917
3141,0.7796162388364152
3142,1.0752270011181386
3143,0.3147962693672564
3144,1.6581360629764759
3145,0.513382936834621
3146,0.6866648742674686
3147,0.5689711115756388
3148,1.039601041551288
3149,1.1634488935979026
3150,0.8320188262155273
3151,1.3482857790189522
3152,1.056931730532862
3153,0.7577351030815394
3154,1.1684788519686804
3155,1.4420397813927979
3156,1.793966587568225
3157,0.8405207512205877
3158,1.7661136367460415
3159,1.1363130729520543
3160,0.8958300001460047
3161,0.47270452026175025
3162,1.1443033435021985
3163,0.42819035291287655
3164,1.445373920423596
3165,0.6512792985751975
3166,1.1155976851255376
3167,1.5173670179286995
3168,1.1801165019785915
3169,0.5704554929087113
3170,1.6024665123147912
3171,0.8898671218144587
3172,0.33591366961184477
3173,1.0753419293865534
3174,0.5160906662506564
3175,0.9186485375142202
3176,1.5650099804816713
3177,0.6884711335348538
3178,0.9893837034678159
3179,0.7295100596359684
3180,0.5384810313003376
3181,0.5657164804668965
3182,1.6761248473473949
3183,1.5065515970879813
3184,0.5962581960153788
3185,0.45468726501032664
3186,1.2301282821092632
3187,1.4292807136422718
3188,1.4771039907589152
3189,1.3516200791297974
3190,1.0550084845324084
3191,-0.06270293071178942
3192,1.2505802075426549
3193,0.7548581660778138
3194,1.1359628483496185
3195,0.9908136356460111
3196,0.7960109763308721
3197,0.6304948064923683
3198,1.1063311491681944
3199,0.2823025287825378
3200,0.5215330761495024
3201,0.5160607284860597
3202,0.8408724319280392
3203,0.8746573900573041
3204,0.8889150199883991
3205,0.9207093283692837
3206,1.0989901141072145
3207,1.1466448275950414
3208,1.2597642837465157
3209,0.9665125441406899
3210,1.0057360160946398
3211,0.803436831424799
3212,0.13037151798121777
3213,1.4941122891760221
3214,0.929858987523992
3215,1.2770776824870105
3216,1.069869622875626
3217,1.258498004214142
3218,0.7641506752146922
3219,1.6152611945742952
3220,1.5683857623390571
3221,1.636881360038458
3222,0.48238430471014887
3223,1.0616048347089122
3224,0.32405565463442026
3225,1.6353638345471144
3226,0.40263814227905836
3227,1.095400887500043
3228,1.166539423355161
3229,1.4800778755565145
3230,1.0880371548239598
3231,1.2772803392239886
3232,1.3030370438911139
3233,1.4488969560889569
3234,0.5341508076903982
3235,0.5774117273251784
3236,1.2240034262986448
3237,2.0882815001733173
3238,0.896233581456741
3239,0.6260203403812805
3240,0.9042890204075225
3241,1.6388504965325108
3242,0.8488963865657149
3243,1.3212310247239185
3244,0.6100044990219762
3245,1.9983921010459762
3246,1.3174136107082381
3247,0.7115395039445583
3248,0.0921423694536513
3249,0.765559026093112
3250,0.9788580765054
3251,1.4268853351468744
3252,1.4340242355149286
3253,1.3976798605171095
3254,1.5089782684264952
3255,0.3672567466579283
3256,1.0918566075821774
3257,0.5273293364245388
3258,1.3043765601381314
3259,1.3296856264866612
3260,0.46873707483020344
3261,2.0153028139938476
3262,0.9237825864195857
3263,0.4936363596945181
3264,0.21823421691085226
3265,1.0766889803105673
3266,0.4102409185283532
3267,1.4385412022709012
3268,0.9410905584131632
3269,0.431643449261533
3270,1.247218241984857
3271,0.6677503881972318
3272,0.39336668220378246
3273,1.2021414104331312
3274,1.1406153784320137
3275,1.128141763216822
3276,0.9619155522486119
3277,0.3933226402850245
3278,0.6241652674133178
3279,1.10007218438729
3280,0.8914088642153195
3281,0.7608661768100549
3282,0.6396298448345036
3283,0.29432071436140694
3284,1.2306632965289286
3285,1.1581678486177447
3286,1.301709760589458
3287,0.3995213790400577
3288,0.975515591009918
3289,1.7003637745127886
3290,0.0712814036791066
3291,0.7488938595272089
3292,0.4115565240643645
3293,1.2185544546664817
3294,1.3101507943206065
3295,1.390839550088657
3296,0.48124631552709274
3297,0.5507328165286085
3298,1.4477317101868468
3299,1.2345991516851222
3300,1.3890635132579954
3301,1.3904541578369516
3302,0.23635852175012506
3303,1.1748513894164594
3304,0.5820175286068188
3305,0.7641791835535047
3306,0.608124177308443
3307,0.42368432368031456
3308,0.5596704032315384
3309,1.6997879252945363
3310,1.1743358411225284
3311,0.5323203189817339
3312,1.5858017907630066
3313,1.0188759943870431
3314,0.4202075108009935
3315,1.8464199687788305
3316,1.127356326644142
3317,1.2422321916005234
3318,0.7323854226150398
3319,1.310421067063383
3320,1.1581574373584316
3321,1.090917547018613
3322,0.46300277394487277
3323,0.7953225956126233
3324,1.1486011384674677
3325,1.1759110095506045
3326,0.5497896187244404
3327,0.9278975180389539
3328,0.407430231209284
3329,0.7497546505814114
3330,1.0644116948014761
3331,1.228420203029759
3332,1.6078565074139908
3333,1.5875481930277129
3334,0.4912858002388623
3335,1.2354081929328653
3336,1.2017917748551536
3337,1.4641636910454756
3338,1.3574615222949449
3339,0.5288630771428291
3340,0.725825943591575
3341,1.513514091403609
3342,1.4083648560781061
3343,0.5986289049757556
3344,0.35507573982787816
3345,1.7383939514647495
3346,0.4362396390206678
3347,0.9188687880622587
3348,0.8546232657378454
3349,0.5754665138047406
3350,0.10406487145574009
3351,0.7830919779173992
3352,1.495908102965526
3353,1.037199443715792
3354,0.3698622194169407
3355,1.4346804453925728
3356,1.1197350375172321
3357,0.5785301140847029
3358,0.5465668168462557
3359,0.1971151583957186
3360,0.1350923023748854
3361,0.34928080895987124
3362,1.291626176740738
3363,1.0830344091394557
3364,0.17015521370661696
3365,0.47164011169685005
3366,1.2583877099046832
3367,1.2397149573943214
3368,1.6717379374022479
3369,1.0626634366405399
3370,0.6105634700637624
3371,0.3183828290753009
3372,0.408574523686275
3373,0.24894524496842096
3374,1.8332498328906577
3375,1.6031352167844726
3376,1.213864628604027
3377,1.0959286370221217
3378,0.6616248635204579
3379,0.30512379667325507
3380,0.11555271209985074
3381,1.0189682596086431
3382,1.6860158289297726
3383,0.7326354051946233
3384,0.47310461990126856
3385,1.2610641974626988
3386,0.5319977785316581
3387,1.1317557603542978
3388,0.5890367068458726
3389,0.4402505878132584
3390,1.489592374810172
3391,0.4443394359766442
3392,1.2616725118618062
3393,1.0291994144869567
3394,0.500500555054895
3395,1.4918592208470667
3396,0.577276542968637
3397,0.587924877663903
3398,1.7897345025277
3399,1.1106771291411557
3400,1.2536657315392343
3401,1.2186624144185636
3402,0.7351164357553486
3403,0.606344499394077
3404,0.7845564835020641
3405,0.4865470204401995
3406,0.9977243184680916
3407,1.1777042158128277
3408,1.579744507885727
3409,0.5700903812318259
3410,1.815260353784029
3411,1.7401786381144766
3412,0.9909528213364454
3413,1.4077594762647814
3414,1.40823342058776
3415,1.098109704361839
3416,1.075182006639954
3417,0.4242977931896242
3418,1.181058367495918
3419,0.888838118192534
3420,1.8789016654102955
3421,0.8767126209609588
3422,1.2836506742835765
3423,0.40072495429665406
3424,1.3604011185627356
3425,1.2923506595567247
3426,0.20521174788643654
3427,1.416234349093068
3428,1.662758345662423
3429,1.2997016866449345
3430,1.175813036413918
3431,1.4936674365303741
3432,2.045630585667684
3433,1.1433304546931335
3434,0.6666125874885486
3435,0.6010105031245898
3436,1.298087148717411
3437,0.8768079983575194
3438,1.0877769050352493
3439,1.2559788309320783
3440,0.7560191246183028
3441,0.3990803842944097
3442,0.3122117468440533
3443,1.2674112648022282
3444,1.4449992653260346
3445,1.4152396154740832
3446,1.5303200537769313
3447,0.5142581896336833
3448,0.9725313960576185
3449,1.038585012080133
3450,0.4775207607601586
3451,0.4592167295102727
3452,1.4006385524864005
3453,1.5614767207213593
3454,1.4770606294903383
3455,0.8180893544483985
3456,0.4886138609830658
3457,0.9508666092891354
3458,1.8985405646895783
3459,1.4811890703767956
3460,0.9715582070470287
3461,1.5215473909876969
3462,0.9148157525947739
3463,1.2625558870409903
3464,0.8722173740494783
3465,0.28273997273167945
3466,0.9594186256233894
3467,0.9966110638428316
3468,0.9334791373916906
3469,0.9813143752647174
3470,0.6319962315508776
3471,0.5173915904308699
3472,1.4601069210666457
3473,1.198185927682506
3474,0.34665737794174667
3475,1.1984350563249893
3476,1.319060591280539
3477,0.5409956052324577
3478,1.685176594811674
3479,0.7727189627415585
3480,0.45819463490678114
3481,0.3177302598658418
3482,-0.09893581221444736
3483,1.3858393672509508
3484,1.5693554823825666
3485,0.4845222033047407
3486,1.4567652814679988
3487,1.835172459894701
3488,0.7557131394082132
3489,0.4609804365502478
3490,0.8729598153852118
3491,0.833273794436197
3492,1.1813785229313207
3493,1.1006873841685603
3494,1.220343591558024
3495,0.20709420160332498
3496,0.6442860944499933
3497,1.8829015008645988
3498,0.15604515373730768
3499,1.5955315496693752
3500,0.8613521004342354
3501,1.256666011483857
3502,1.6452527830672303
3503,0.4219997964180015
3504,0.5353318026020125
3505,1.2494474505340716
3506,0.9462307200346879
3507,0.9466681333306928
3508,0.9817845035938222
3509,-0.21746150341814607
3510,1.022304436126408
3511,0.9890190755732584
3512,1.1863597925811051
3513,1.4590864942005408
3514,1.7423062885777432
3515,1.5642366429426477
3516,1.1630372940468765
3517,1.020514401373746
3518,0.5065269908849759
3519,0.524669700055976
3520,1.4311100574439988
3521,0.6312566526663573
3522,1.6941317965463552
3523,1.0214023844266902
3524,1.671951839120055
3525,1.392737932902202
3526,1.0649033984583598
3527,1.3417249350202238
3528,1.2045510213971824
3529,1.1853786179598949
3530,1.8402624632995037
3531,1.9429205706045498
3532,1.295055748648511
3533,0.7109600411431514
3534,1.3869531563230457
3535,2.2341957122927267
3536,0.46258932427973726
3537,0.34195449567988984
3538,0.7258107554726401
3539,0.9455041344419862
3540,0.3919475955518944
3541,1.6047708420811535
3542,1.605871743375884
3543,0.6443034718926626
3544,1.2236807076446212
3545,0.9870419887516441
3546,0.7926226448255057
3547,1.1243480952715872
3548,1.182660711569129
3549,0.8101825089387381
3550,1.5344859819506906
3551,1.3869672596156573
3552,0.316680863732411
3553,1.1169939748223179
3554,1.1204533877667986
3555,0.48022134725756127
3556,1.4917365214522411
3557,1.3320956676186229
3558,0.5632342401671275
3559,0.7885941566763257
3560,1.2087054006457643
3561,0.44233492484391523
3562,1.4053406044807242
3563,1.1629328972251807
3564,0.6725786415038548
3565,1.2632346866981157
3566,0.7048164448179013
3567,1.595889726004304
3568,1.2840358188752874
3569,1.534064544620957
3570,1.9692725207750583
3571,0.7906579895815651
3572,1.4679667802866219
3573,0.5057261838404492
3574,0.8445165382997711
3575,1.6887337314720887
3576,1.5588429172440246
3577,1.20261116655185
3578,0.8099046986487906
3579,0.6058850158125384
3580,0.45973910697837883
3581,0.5039249390428471
3582,0.30320187976165347
3583,0.41034040327813576
3584,0.5134859658087876
3585,1.6164969135247271
3586,1.0785562122752705
3587,0.9201621743546704
3588,0.8336369847715515
3589,1.4380226330280907
3590,1.426274835638445
3591,0.3173772831143232
3592,1.8330290440543178
3593,0.5860905871055389
3594,1.0488407085037712
3595,1.3601222139857612
3596,1.3707549551361802
3597,1.1452235586969486
3598,0.8934249795905127
3599,0.4053616239219972
3600,0.9370091465844899
3601,0.5088074328772179
3602,0.8819391488616446
3603,1.1045561279258147
3604,1.6515368643795894
3605,1.5815480859928046
3606,1.8630041319941215
3607,1.507068804809847
3608,0.5871852708227778
3609,0.6753429293538349
3610,1.0698049452266774
3611,1.2756078856506088
3612,0.7910185698708548
3613,1.1125458621293578
3614,1.5509584178316982
3615,1.0198169166902704
3616,0.4885936722167143
3617,0.8282994739404828
3618,1.715858121301093
3619,1.157076688286781
3620,0.1857662943114906
3621,1.1238755580837085
3622,0.4480222039238275
3623,1.4664049122411382
3624,1.118961780032353
3625,0.6153535400391472
3626,1.160701985832198
3627,1.036979817679235
3628,0.7286134723955886
3629,0.15074500356317364
3630,0.5350408824925792
3631,0.056861324140697056
3632,1.0299782516691227
3633,1.1384911631732493
3634,1.4719838411735977
3635,0.8981935859198082
3636,1.0271848224353568
3637,1.3112085381050749
3638,0.8658427741567405
3639,1.7579480873192816
3640,1.167532087995846
3641,1.2299381595398229
3642,0.5495245744590864
3643,0.9379716331644382
3644,1.587888469957698
3645,1.4671896554897215
3646,1.191813120231513
3647,1.5622783463248138
3648,1.222865865487019
3649,0.12276060114578663
3650,0.5571584670618683
3651,1.015930757019039
3652,0.6887531381428049
3653,1.2774122850833547
3654,1.1520949888135037
3655,0.5340311428389958
3656,1.615266958525562
3657,0.9961208097670796
3658,1.8417701308367203
3659,0.5364628109198749
3660,0.506200578888514
3661,0.3339173721273966
3662,1.7981999400650772
3663,1.2765963814632664
3664,1.3464917835970265
3665,1.2280351559131497
3666,0.6246511819052069
3667,0.6732470288485763
3668,0.6468806602984993
3669,0.8649558870141103
3670,0.5047776016025243
3671,0.28987544347780325
3672,1.1408325089645215
3673,1.7327253192359198
3674,0.8810154331818212
3675,1.6066555183064222
3676,1.0649797634238678
3677,0.6850822420124337
3678,1.1508309781524557
3679,1.1236043498827872
3680,1.3921596811238124
3681,1.1284110623516892
3682,0.5064505035294471
3683,1.3189326974371054
3684,1.2930714672446322
3685,1.4780005335779642
3686,0.9732273229544606
3687,0.8634441766231573
3688,1.0268545394571493
3689,0.3964762932449696
3690,0.2359401272378141
3691,1.5367562530684353
3692,1.1477845738587886
3693,1.8805001079820658
3694,1.2672640950606988
3695,0.2525770090729764
3696,1.4786305015937633
3697,1.2214045713065333
3698,1.321352611375761
3699,0.864029986492725
3700,1.7525442484375566
3701,0.4138172883214953
3702,0.9242941003150283
3703,0.2624479051741356
3704,0.48800051913054043
3705,0.7967250780661428
3706,1.0410877377972554
3707,1.3350913486023017
3708,1.0597357947340944
3709,1.3688339393741804
3710,1.6015981539720205
3711,1.2492384629079298
3712,1.3993249423826688
3713,0.05497513380577265
3714,1.2851310231483948
3715,1.4190328966296042
3716,1.3880950833096917
3717,1.6249595173165954
3718,1.2121962456602708
3719,1.7500533982388873
3720,0.6604390610065338
3721,1.178043572015356
3722,1.4409345173330852
3723,0.7439579888154925
3724,0.257618330435739
3725,1.7119691561795638
3726,0.5793291866421286
3727,1.0758433600960746
3728,0.9025063309395565
3729,0.5849608485928525
3730,1.5314827244134301
3731,0.4776877036383211
3732,0.44978137746513763
3733,1.1452889350719124
3734,1.325973452126398
3735,0.3789549832461518
3736,0.548501118227826
3737,1.0901827617175217
3738,0.4134472064101837
3739,1.3042041916308733
3740,0.9369569609280393
3741,0.9243427956072099
3742,1.1717572850750821
3743,0.5843339676723226
3744,0.9888675598706365
3745,0.9541569604073296
3746,1.4477528272616909
3747,0.584565043046279
3748,0.7025039341326333
3749,1.5151343516238938
3750,1.0882144400876075
3751,1.4159937556341242
3752,0.5577286133009105
3753,1.3056002656424794
3754,0.39068600864688047
3755,0.6492952254722251
3756,0.4048467618295271
3757,0.2982318099233786
3758,1.2849668221768826
3759,0.6172164715893307
3760,0.08269541157552501
3761,1.0430971256245578
3762,1.1191691873774265
3763,1.1103802628097523
3764,0.6773722935441072
3765,0.9274051069239153
3766,1.0995147464142718
3767,1.5696411510481023
3768,0.3796912693766514
3769,0.6169374616288736
3770,0.4885842542841655
3771,1.0429364671302797
3772,0.9266538020183982
3773,0.568759209396348
3774,1.061213572257592
3775,1.0073510316541823
3776,0.2994517603293932
3777,1.3714518167373397
3778,1.0711210224284482
3779,-0.14474756435983585
3780,0.6772411646892533
3781,-0.3603687023851629
3782,1.4064158301772
3783,1.103733949415322
3784,0.8623455414521346
3785,1.2330917277874665
3786,1.6005055114730893
3787,0.9720657891693592
3788,0.9243560501203673
3789,1.258758936389789
3790,0.9099282930633417
3791,0.4987319905550526
3792,1.18061505118938
3793,0.7206239909095377
3794,1.0820349336055122
3795,1.2762956802041563
3796,0.9795213259753475
3797,1.141600570547082
3798,1.3949879583161515
3799,1.199897134179439
3800,0.8026877437715214
3801,0.39151923830860547
3802,0.5745489567928193
3803,1.281940938092121
3804,0.5081439091173104
3805,1.1119766754705243
3806,1.273712515170487
3807,1.3097145784081439
3808,0.34088486657079936
3809,1.1759456062959108
3810,1.4054065927935762
3811,0.9406280848106843
3812,0.9882084389117407
3813,1.362443257734875
3814,1.2704692776507946
3815,0.4875496323533481
3816,1.0267612073328567
3817,1.4395908803538429
3818,0.9495467982287978
3819,0.840921740883608
3820,0.39682297680523443
3821,1.8899325976457089
3822,1.0190971877338697
3823,1.0887897328627871
3824,0.345071067015652
3825,0.7739515254418097
3826,0.7152037828387464
3827,1.750856592023886
3828,1.203876340939706
3829,0.5143151990971613
3830,1.3966137014259958
3831,1.8391751957761775
3832,0.7006802809514893
3833,1.256965715495084
3834,1.0584704554375517
3835,0.9703943998224904
3836,1.2090517824141334
3837,1.65085513831187
3838,1.1864136473265263
3839,1.6207493479815367
3840,1.1080344481377573
3841,1.408621619003878
3842,0.59354890935691
3843,1.1536748150703462
3844,0.9338416174927127
3845,1.2396078930577432
3846,1.1196194358010632
3847,1.5621963527506817
3848,1.826664257660819
3849,0.876327162753496
3850,1.2132855882754008
3851,1.2767437419301206
3852,0.7707747088690817
3853,1.0929980779831077
3854,1.3271076857177955
3855,1.152416655697915
3856,1.3317147916164669
3857,0.7100015786939237
3858,1.3294733145931064
3859,1.7895827417767354
3860,1.403032287833247
3861,0.3977128947126681
3862,0.9339205094230231
3863,0.46417199075441384
3864,1.3117204993086637
3865,0.4885028906226846
3866,0.9296355352725734
3867,1.3046934880063041
3868,1.7827468332738614
3869,0.36609889943286206
3870,0.7448407382290694
3871,0.4652349302671196
3872,0.6609072802814234
3873,0.11848654730386443
3874,0.22414293128185023
3875,1.4780888687557545
3876,0.942583399112578
3877,0.45279924555786144
3878,0.8343047081450323
3879,0.44385206559823615
3880,1.284821934105826
3881,0.4932420227849154
3882,1.2916914167341342
3883,1.241411429048811
3884,1.2769789918161603
3885,1.1791023313688722
3886,0.8964908810705481
3887,1.022633720176651
3888,1.0311011747764263
3889,1.4932789255592265
3890,1.1457587043931086
3891,0.17681020137065323
3892,1.1984134011404273
3893,0.8624773602150817
3894,0.4333087772716417
3895,0.25559473720053355
3896,1.1337939110953097
3897,0.45242526938557437
3898,0.4888698040280659
3899,1.2505067154909073
3900,0.31459976007535434
3901,0.733176400318709
3902,1.1868047149052083
3903,0.3401671735958574
3904,1.7145677764670988
3905,1.0075020590377781
3906,1.6320931397803082
3907,1.5948001818331128
3908,1.6237687955045295
3909,1.4167462445510566
3910,0.6114541012265695
3911,1.3880489720323759
3912,1.5964061469435797
3913,1.2483496691400293
3914,0.827162584188898
3915,1.523749265922021
3916,1.035420337664425
3917,0.7342345357906483
3918,1.3518873798703233
3919,0.3926864649328237
3920,1.133651890479162
3921,0.02373285790794527
3922,0.5768907039055247
3923,1.1800660790181423
3924,0.7250917947744601
3925,0.5748704386790386
3926,-0.13041385180615844
3927,1.6991119101846734
3928,0.7832266379041987
3929,0.9721874452021037
3930,0.7705637434513326
3931,1.324453831547517
3932,1.0640072153408986
3933,1.7181138611467488
3934,0.5203470569804205
3935,1.5596994903903054
3936,0.7192990959944754
3937,0.8963339802726424
3938,1.0722921316339655
3939,1.4321245267436638
3940,1.5032355126282522
3941,1.2230939848952054
3942,0.9005394102948125
3943,1.0125183671412232
3944,1.1480551652874535
3945,1.2055033427139246
3946,0.9792782458742
3947,0.4883550820624494
3948,1.1224950269956455
3949,0.4276336341146279
3950,1.3110403987701793
3951,0.2951665001283144
3952,0.5176058930950846
3953,1.13792122255974
3954,1.685937068818641
3955,0.6952005190374763
3956,0.43101294483788954
3957,1.3051897878862873
3958,0.577707840999118
3959,0.2443070800167888
3960,1.0308153751953029
3961,0.9932197799082819
3962,1.2071472808024195
3963,0.379414304855837
3964,0.9009701657553462
3965,0.5355030872271709
3966,0.7267501630725058
3967,1.506258844412518
3968,0.8363988271161411
3969,1.7738703628426107
3970,1.6443872619491098
3971,1.495916069191717
3972,1.0528956952459234
3973,0.574297239645172
3974,1.9193131621856492
3975,0.8268318706379884
3976,1.093503665561889
3977,1.0631791091461829
3978,1.7695523069532664
3979,1.2493560406195556
3980,0.8617188133403213
3981,1.1030714475810206
3982,1.459331884449432
3983,1.098458477516334
3984,0.49423772358047435
3985,1.4911426345599976
3986,0.7054195599013169
3987,0.18388791583740866
3988,1.4777117464616214
3989,0.6437008359256831
3990,1.2342378482213352
3991,0.9455480731765167
3992,1.1401132184050518
3993,1.0316141587963732
3994,0.34481228787980106
3995,1.2600418235776685
3996,0.876258138960182
3997,0.359045887636934
3998,0.7596993858885932
3999,0.5406029156581914
4000,0.25832732965311866
4001,0.31735281986139524
4002,0.5951818143045642
4003,1.2310405637640505
4004,0.6000231145019506
4005,1.1524388427296084
4006,1.6446080502140927
4007,0.9970918127498958
4008,0.652195685053861
4009,1.6212409610335365
4010,0.5026651047596932
4011,0.8071745288138727
4012,1.0135792167642408
4013,0.3291498986960853
4014,1.1375940482938345
4015,1.1875939495543413
4016,0.06720127141865234
4017,1.4504854721159492
4018,0.9367080382556652
4019,0.4932214025680106
4020,1.6117642412280793
4021,1.103357042015053
4022,1.3616076648943856
4023,1.5189073853003698
4024,0.469980480448124
4025,1.5789722183481052
4026,1.0429075673066122
4027,0.5827072557269823
4028,1.5804953651199396
4029,0.7163140248356512
4030,0.7615289580449566
4031,0.5179640057695125
4032,0.5316725129369426
4033,0.364348162082327
4034,0.3065047255250725
4035,1.4190768348282987
4036,0.6692742216835954
4037,1.1630758481191141
4038,1.2422816012382847
4039,1.4922729618268187
4040,0.3168168647671201
4041,1.8375919412021335
4042,0.603295413778322
4043,1.5974934160750354
4044,0.36744487040256724
4045,1.924394482981118
4046,0.6900371414637423
4047,0.40254266086677737
4048,0.2829120907392908
4049,0.7941383003732958
4050,1.3746244451747338
4051,0.47006086079978404
4052,0.3766742175142832
4053,1.5026043473713269
4054,1.066932408161878
4055,1.4774467991186477
4056,0.3865962995483565
4057,1.5360490004857486
4058,1.5453192109140712
4059,0.4187220474082495
4060,0.8373434560310579
4061,0.9296302712834521
4062,1.3551016072909698
4063,0.8683571671344716
4064,1.366759510096458
4065,1.2896855646492187
4066,0.24425616329247551
4067,0.8175072758343309
4068,-0.08771453755532248
4069,0.2917950468294202
4070,0.8467904397779193
4071,1.1682738029095332
4072,0.27864458292177907
4073,0.6079999093125342
4074,0.5018696650130738
4075,0.6012984021460872
4076,0.9325207469031194
4077,1.1058641348437497
4078,1.119442525111329
4079,0.9022264868860683
4080,0.9746689326710809
4081,1.577019679106528
4082,0.3266536167006156
4083,0.4581689931331367
4084,0.5544236699400007
4085,1.5208858181702503
4086,1.0652917806724684
4087,0.8008531566070001
4088,0.7792192113076544
4089,1.1013877568715245
4090,0.42691391622775776
4091,1.1784193329389523
4092,0.25052532970274755
4093,1.4137661929697574
4094,0.8530008612857836
4095,0.3777105473158337
4096,-0.07434714311522328
4097,1.5063328142543233
4098,0.8641422666310142
4099,1.1798279752636776
4100,1.275395467898358
4101,0.4278319278102207
4102,0.8325455544718658
4103,0.3591112376682502
4104,0.9905905604982617
4105,1.2566705944166412
4106,1.2218138661764861
4107,0.9936458150345729
4108,1.0795844429985046
4109,0.5126059317673568
4110,1.2085144768593223
4111,1.0043675733886956
4112,0.6690955334517381
4113,1.0139071526666208
4114,1.682782863661564
4115,1.305064447121011
4116,0.5492815637846656
4117,1.1369399148722743
4118,0.6481173506734021
4119,0.5618891377516977
4120,1.0707997911818543
4121,1.1471030368491772
4122,1.2382316170334158
4123,0.30991565178746244
4124,0.3282575693334004
4125,0.5827921439160785
4126,0.8770487889771652
4127,0.6922775955638105
4128,0.5062427281079349
4129,1.054136750396556
4130,1.8461298252875022
4131,0.45425527194362747
4132,0.6522847479457713
4133,0.4186214080468801
4134,0.4169007481836536
4135,0.2524720376155988
4136,0.9073239767860923
4137,1.290595778367046
4138,1.0308238105678846
4139,0.5329068367980616
4140,0.44619206869249894
4141,1.2681535492027083
4142,0.7822438802562661
4143,0.5191991116998522
4144,1.0315920848531763
4145,0.1317622646495574
4146,0.5258885508746229
4147,1.1369591825686676
4148,1.8953047342050082
4149,0.46443181387149857
4150,0.7846481153522309
4151,1.1459275515127074
4152,0.8662693874686225
4153,0.4624181026356232
4154,0.3661177006548826
4155,0.6398984096496644
4156,1.7430697327614242
4157,1.1453967576414281
4158,1.3567992565861218
4159,0.6426957242712912
4160,1.5618134543799735
4161,1.6694553341802427
4162,1.1116827374260678
4163,1.244933327687816
4164,1.5927156603386012
4165,0.3141975829588616
4166,1.3551036267661376
4167,1.817346109648433
4168,1.5324149722144087
4169,1.4078738296067632
4170,0.8441936786956715
4171,1.1713120796431955
4172,1.0437466644860929
4173,1.5615075062828674
4174,1.0631223583268334
4175,0.5729125678242604
4176,0.3523293417690698
4177,0.5076530215097518
4178,1.1603105182742393
4179,1.7150015578536055
4180,1.586497238964755
4181,1.2056462695410997
4182,0.3234168331293967
4183,1.5780846628993423
4184,1.3852443239126149
4185,0.9831213116273527
4186,1.123573360626072
4187,0.6932603782121441
4188,0.2354734098905733
4189,2.043024808118364
4190,0.7178606057382375
4191,1.1783111268272293
4192,1.5498526864257116
4193,1.590043813576207
4194,1.4347945325045117
4195,0.8336981340565595
4196,0.7514400364102186
4197,0.40770382112612286
4198,0.3041036793271183
4199,1.1263113907341502
4200,1.3010195803869204
4201,0.5710708055627487
4202,0.11557408942817651
4203,1.2942990124136209
4204,0.20644585901643525
4205,1.0750274842581975
4206,1.4335726748832371
4207,1.0559092743418026
4208,1.160045723939672
4209,0.9052644730717845
4210,1.0899617088176239
4211,1.1069812539005932
4212,1.2193529644609826
4213,1.2946186309054193
4214,0.3140360642922173
4215,0.9341193218832637
4216,0.35967015582969325
4217,0.6043203437098261
4218,1.15255393522814
4219,0.35622571155398014
4220,1.1323481127237924
4221,0.2619944245017706
4222,0.8414978406742032
4223,1.3316657543747867
4224,0.6075603031049857
4225,0.7430343410965229
4226,0.4962364853853598
4227,1.3260063310238035
4228,1.2862959666494087
4229,0.8850502214691227
4230,0.633399811009214
4231,1.239563860452546
4232,0.4439171149864259
4233,0.8457394734223688
4234,0.9491871138468696
4235,0.4324578845385351
4236,1.5726597303510175
4237,1.6448309612483212
4238,0.9698578966857001
4239,0.7800885075835036
4240,1.5572512148390918
4241,0.6491848035445268
4242,0.4677868693732984
4243,1.4807509790193119
4244,0.48183202860862534
4245,0.707036191094849
4246,0.5005415030059519
4247,1.1488005025889958
4248,0.6470323017485928
4249,0.9653598538879689
4250,1.1256441440392053
4251,1.4745047443608037
4252,1.2228698023564488
4253,0.3600854856956022
4254,1.854878450068299
4255,1.3006672178913679
4256,1.0895472862474476
4257,0.9761726580998948
4258,1.2259386962770056
4259,0.41676715258191654
4260,-0.6318140247067953
4261,0.46032282902648247
4262,0.9332168455015589
4263,0.7821978534834715
4264,0.3536230040435946
4265,0.8369736705685946
4266,0.11976936332035185
4267,0.45993763501206386
4268,0.9196609578878907
4269,0.6779062258936341
4270,0.6845578505035208
4271,1.1613496362584212
4272,1.9608661683584319
4273,1.368378049355552
4274,1.4964928714951693
4275,1.5122450949615134
4276,1.1407671828099464
4277,1.6807760816589834
4278,1.3028431191652678
4279,0.4637021064185467
4280,0.9286627827645839
4281,0.7422269193202926
4282,1.4556540546559005
4283,0.6272076157589173
4284,0.7541875468089456
4285,1.7206699123696008
4286,1.715953781455436
4287,0.6390432261335333
4288,0.6484491076119736
4289,1.0276113227644468
4290,0.5977713552276811
4291,0.5683169695298803
4292,1.1462948166741287
4293,1.0781358830462615
4294,0.00013911472070278486
4295,0.9546163234772247
4296,1.1309074878285594
4297,0.8568839391863595
4298,1.43867346731691
4299,1.1893834868748339
4300,0.3258502931347165
4301,1.8173623127372998
4302,0.9502573609174112
4303,1.4302115228860997
4304,0.6451228505673615
4305,1.0540547466752292
4306,1.2051087556114843
4307,1.161535970571988
4308,2.210625062519921
4309,0.26490478084134955
4310,1.913384486722025
4311,0.8091008926776633
4312,1.1856325592918355
4313,1.1811589619423286
4314,1.8840250541012415
4315,0.998052383469846
4316,1.015249286872327
4317,0.9212827226001276
4318,1.1803090076979683
4319,1.0486347431109988
4320,0.8364920384132594
4321,0.23744965782767302
4322,0.5853211446581364
4323,1.6565582382411468
4324,1.0698140603614434
4325,0.6336910000747298
4326,0.5592159316197642
4327,0.7278255594528732
4328,1.0207965602705031
4329,1.1455677837140514
4330,1.1571555617365779
4331,0.7362335357916607
4332,1.0368954346229367
4333,0.580987827272359
4334,0.7106250966589365
4335,0.47790290793076634
4336,0.9457909360939554
4337,0.9990673268669159
4338,0.9864466701372634
4339,1.2249936993816182
4340,0.8215935472061096
4341,0.33440668367495696
4342,0.3056426257070816
4343,0.3325018448339643
4344,0.7550080075802463
4345,0.3609977995703161
4346,1.4993058261808936
4347,0.6959760294933752
4348,0.7978115952579992
4349,0.8716758852282143
4350,0.6954455862241499
4351,1.3277220574894963
4352,1.4541906015158992
4353,0.8939646059240984
4354,0.5681375112174835
4355,1.7237139929040342
4356,0.493983041799552
4357,1.3581413675772525
4358,1.6808919376880476
4359,0.9309947887735769
4360,1.7091378596166495
4361,0.7912623234600445
4362,1.7201316922229481
4363,0.846815696604133
4364,0.8634245670700291
4365,1.0201179465258703
4366,1.1181472844414269
4367,-0.07573153047496933
4368,0.610004810703998
4369,1.3638751178275403
4370,0.6139162153171519
4371,1.4385605101326298
4372,0.8194665870761697
4373,1.3281688363136954
4374,1.0276970070745577
4375,1.1624640821139418
4376,1.5485195179012585
4377,1.1365343685169504
4378,1.734618134451035
4379,0.36771238654118865
4380,0.8811087675626932
4381,1.4943629146626467
4382,1.1326517094859103
4383,1.1020252691100925
4384,0.7278218991414805
4385,1.5442945175779756
4386,1.8786663665447683
4387,1.2209223035713803
4388,0.7177943553347202
4389,1.5030480510117965
4390,1.242698790713465
4391,1.0720196450793935
4392,0.38983365311337126
4393,1.4059685150273267
4394,1.150661890258734
4395,0.9722135404016707
4396,1.8411521021632264
4397,0.55747355988144
4398,0.7237565342544918
4399,0.9841711280706573
4400,0.45144268364595874
4401,0.6584773073845089
4402,1.891321213680472
4403,0.9977027661494706
4404,0.3875550290418175
4405,0.5269460733775724
4406,1.8716180169949606
4407,0.8409442380053026
4408,1.6909476050951961
4409,0.5165816453822141
4410,0.590931712987165
4411,1.1993316896296107
4412,1.719481086258975
4413,0.968738349148305
4414,0.22715895482363158
4415,1.5814613514580205
4416,1.214225063214616
4417,1.7377673522588184
4418,1.3589622931595033
4419,0.9281869032485895
4420,1.1832037012021555
4421,1.5960927644065896
4422,1.0274045951233708
4423,1.0928674205612716
4424,1.2401334647910924
4425,0.561770490661827
4426,0.5924660389234429
4427,-0.007918528548019964
4428,0.6901235758821705
4429,1.378562341563527
4430,0.9718129134563939
4431,0.6634140563782851
4432,1.9977440104013473
4433,0.1506841628514606
4434,0.716391671700107
4435,1.222578011583833
4436,0.990766343194892
4437,1.2861816786869493
4438,1.0493674655479746
4439,1.2244972503816685
4440,0.44134256581710746
4441,1.2284887494922976
4442,0.24353112985767034
4443,1.633370335093935
4444,1.5916593501956247
4445,0.31244809022009357
4446,0.7780204584669743
4447,1.1867463371592728
4448,0.3439096334487662
4449,0.29895049615666547
4450,1.020236757338128
4451,0.7303797668815711
4452,0.6795749269129017
4453,1.122988791034704
4454,0.8463486478790908
4455,0.510992863859923
4456,0.5316212799216966
4457,1.5511498515104072
4458,1.0712208872804965
4459,1.66375476919792
4460,0.4946084227143761
4461,-0.017249851720695375
4462,1.0342336457205135
4463,1.1686517952561832
4464,0.554296236886473
4465,0.6073155750911832
4466,0.5659958537023538
4467,1.366237050872018
4468,1.196463001839271
4469,1.8648507495699582
4470,1.5706564316015275
4471,0.8398684880738183
4472,1.0620328124640075
4473,0.5490861788691999
4474,0.602813093424975
4475,1.2801346726691767
4476,0.24622948535583905
4477,1.2681083202485863
4478,1.182131327573154
4479,0.899294847895614
4480,1.398934266097366
4481,0.5430055209902458
4482,1.6849460103642024
4483,1.111492754876788
4484,0.5521093029978893
4485,1.547956348444969
4486,0.44243764053280865
4487,1.2848333638180263
4488,0.9837355832979577
4489,1.253842750151621
4490,1.1588095355722108
4491,0.8367548593877954
4492,0.3523026187035597
4493,0.7069756545004068
4494,1.217957650743076
4495,0.4824057165849598
4496,1.5206261160916719
4497,0.2963753528211517
4498,1.4081310781213707
4499,2.3803015413314785
4500,0.5031569465961498
4501,1.0986385065364057
4502,0.8873249218027106
4503,1.325558259642163
4504,1.5647645396638201
4505,0.5124009786612735
4506,0.6623852052354222
4507,0.785838871233107
4508,0.12628861114867646
4509,1.0690333345790466
4510,1.2781529453658154
4511,0.7130772244796272
4512,1.3461432234925288
4513,1.1388710620957423
4514,0.6319950323390662
4515,0.5045293481151076
4516,1.0492348814115156
4517,0.9115479066536561
4518,0.6582290974933552
4519,1.0731387852546321
4520,0.9394010323278852
4521,2.209210549676728
4522,0.9748213770408175
4523,1.0441432646077637
4524,0.39416820679139364
4525,0.4002381850607902
4526,1.1174698388140043
4527,0.5896125670903251
4528,2.68746019199887
4529,0.81976433433208
4530,1.4378702063567537
4531,0.25304335312499415
4532,0.43550818607112307
4533,0.7683911093194371
4534,0.6041298117287206
4535,1.4434043033804604
4536,1.4620879676334084
4537,1.1680765942910947
4538,1.1689900663551733
4539,0.7017619760273588
4540,0.23121240155843098
4541,1.1938883196581584
4542,1.2285525868697857
4543,2.0918750872870415
4544,1.4824732812617358
4545,0.31724185856631476
4546,0.7913690772300931
4547,1.1975833371822429
4548,0.13337108231171005
4549,0.10477225024720643
4550,0.9303846922567287
4551,0.30895017727733665
4552,0.6865652269845742
4553,1.188690724205689
4554,1.1829562113555157
4555,1.1561331408625037
4556,0.6139848971784457
4557,0.6082587062751228
4558,1.4960484595735632
4559,0.5121039540479468
4560,1.037243070414907
4561,1.1284266270652192
4562,0.5095589375950904
4563,0.923329434977198
4564,0.7802446533790912
4565,1.1380558826299407
4566,0.9995798303979815
4567,1.2716577315320319
4568,2.565818440857595
4569,1.1171161239851308
4570,0.7482420536099124
4571,0.6177174253366877
4572,0.5263404088486933
4573,0.931704227461655
4574,0.7347005017669404
4575,1.3912814662088917
4576,0.9627116753468393
4577,0.3639281413007487
4578,0.8568520470864044
4579,-0.03663490837374563
4580,1.4379687362713156
4581,1.0470029939682268
4582,0.9647911812523381
4583,0.7182459523007549
4584,1.089981479132255
4585,0.9778248014723221
4586,1.2838584055929394
4587,1.0078784580347406
4588,1.1797901403626723
4589,0.7376450710278313
4590,0.4317062902246383
4591,0.6614490312754171
4592,0.9147455442976814
4593,0.706282301695809
4594,1.0764234815728435
4595,0.8038851515498588
4596,1.3589649861992008
4597,1.1018921051687929
4598,1.1219501511955512
4599,0.6556822074747387
4600,1.1434293065577688
4601,0.5622618803982938
4602,1.225014788847727
4603,0.8349218732423741
4604,0.8268117431362196
4605,0.4390894228899822
4606,1.261227351644274
4607,0.8148474995815611
4608,0.6149878959839208
4609,0.9085476746935948
4610,1.3814323147493013
4611,1.507205726289977
4612,0.859480634343179
4613,0.27550931710787036
4614,0.6030157863156103
4615,1.1436190981387608
4616,0.6886047518993514
4617,1.4433095486898775
4618,1.2988115181512705
4619,1.2047397007588088
4620,0.9993015264548553
4621,0.4085817263602632
4622,1.492985575562639
4623,0.6516858648854571
4624,1.3143662709912904
4625,0.7518093111993727
4626,0.4872027479058666
4627,0.28003932485328253
4628,1.813620131785492
4629,1.400682533690075
4630,1.6556183541019296
4631,1.3284003899462866
4632,0.7619184071346443
4633,0.4661000640936922
4634,1.1788580357358
4635,0.8473247025391653
4636,0.2049931081982071
4637,1.8571074766974023
4638,1.5561504246797382
4639,1.3293677123129557
4640,1.7244456743465575
4641,1.0662340974394087
4642,1.3862865229431587
4643,0.5747052991862023
4644,1.3726259282010531
4645,0.6218014552905317
4646,0.6961128350573067
4647,1.7060958333729368
4648,1.3512555724401762
4649,0.9702221592642514
4650,1.019138444527051
4651,1.4756287771121157
4652,1.1016563756475497
4653,1.530039888404557
4654,1.1494647337918664
4655,0.5021371013160452
4656,1.6705303663121636
4657,1.284074374474426
4658,1.451744347579401
4659,0.7429963308083979
4660,1.364911538236044
4661,0.8584874919775117
4662,0.26622062171282707
4663,1.2589886450038348
4664,0.28236708323219367
4665,0.8924710259038546
4666,1.6304229223336604
4667,1.4550784678528947
4668,1.4838312855558626
4669,1.4348833135262735
4670,1.3488339839543273
4671,0.7761732776930108
4672,2.091384578372574
4673,1.0387026904908672
4674,1.622018076323661
4675,0.30784399668208373
4676,0.566759867254329
4677,1.549016555055322
4678,0.4903524346591239
4679,1.444024056759242
4680,1.571076772810355
4681,0.7580314045306827
4682,1.0878035310400305
4683,0.507622565597861
4684,1.5749396586880682
4685,1.5476471995390728
4686,1.4431801121597487
4687,0.5432208248777162
4688,0.1295095003977873
4689,1.1782536265912147
4690,1.4894370674863997
4691,0.6764071382225239
4692,0.833181313961284
4693,0.7499552606884021
4694,0.6244549951112299
4695,1.5216524999533898
4696,1.1260083283179176
4697,1.6563437709969762
4698,1.5774015490970759
4699,1.5658837362773432
4700,1.455227255898035
4701,1.1294856789424081
4702,0.4027297797443575
4703,0.8769912848232557
4704,0.9843658608660225
4705,1.3576931142689983
4706,0.8456087228965374
4707,0.5661556462567703
4708,1.2283487455448376
4709,0.2972913524480803
4710,1.1623919486277396
4711,0.4632582532345836
4712,0.863139073923693
4713,1.1838700418601604
4714,2.482538306076852
4715,0.8475821371994781
4716,1.7542069407149006
4717,1.6613847756679163
4718,1.425883099045402
4719,0.9477132827352002
4720,0.5785441595071354
4721,1.0489401564087704
4722,1.313772793970047
4723,1.044501344461906
4724,1.7095261323987216
4725,0.72115061135698
4726,1.1503617378255049
4727,0.6209544913901182
4728,0.8687303247537339
4729,0.5429916117377475
4730,1.4564744473209439
4731,0.24194828081634714
4732,1.3991959508665246
4733,1.7962253188105004
4734,1.3709328651372683
4735,0.2960525649505703
4736,2.2324917978740246
4737,1.713185150688402
4738,1.4508699490171049
4739,0.8574945687479907
4740,0.7407006526772087
4741,1.1072679372631236
4742,0.44391834215273007
4743,0.5350241971527195
4744,1.085260836991771
4745,1.3543158171209344
4746,0.9206532817202143
4747,0.4738517011563388
4748,0.757203246995699
4749,0.8414083575658695
4750,1.042098980173985
4751,1.7819583341508838
4752,0.40331438952395504
4753,0.28588469687099044
4754,0.8979828334346303
4755,0.41903809855335705
4756,0.692075861359417
4757,1.3422915163661358
4758,1.179268845090711
4759,0.9256832616096784
4760,1.6097995494590451
4761,1.1376515609971531
4762,0.9165494815742532
4763,-0.22492476871804593
4764,-0.12802751673889518
4765,0.9465365505125616
4766,1.3683290776970338
4767,1.928721790951688
4768,0.42495651133658324
4769,1.1217050440311258
4770,0.374728150935101
4771,1.480758448052037
4772,1.7792433008749287
4773,1.3455244678419689
4774,1.4318580457182937
4775,0.8190861490861165
4776,1.0192163805522807
4777,1.1782445014836607
4778,0.8906743015038421
4779,0.9760584494512254
4780,1.6918614043478737
4781,0.3862131493137317
4782,0.666982591273451
4783,1.6692819822854057
4784,0.6950822717024288
4785,1.4183440753281742
4786,0.4112131992002792
4787,1.8992123871140283
4788,0.9605595635681672
4789,1.2814896917000214
4790,0.7550893083318013
4791,1.4468393649108746
4792,0.631999936016962
4793,1.678296862558835
4794,0.7669208770533784
4795,1.2410915325924052
4796,1.3184236391128816
4797,1.6720799610345756
4798,-0.37506718866678646
4799,0.7640605580424751
4800,1.889963653974875
4801,1.142431755776987
4802,2.277604197335296
4803,0.834527888312542
4804,1.3304195995839185
4805,0.8035637989560898
4806,0.5448251295240889
4807,1.3284979085671307
4808,0.9673237833026311
4809,0.44051852409242054
4810,0.6784996852908479
4811,1.0301938859235111
4812,1.490507326146232
4813,1.0087487423012498
4814,1.2156294752801418
4815,1.2138681822214619
4816,0.509619497567301
4817,1.743571076947204
4818,0.6483628887130153
4819,1.3197051291910329
4820,0.401168479747616
4821,1.4973138533232155
4822,1.5443951214323053
4823,1.3784208988293623
4824,0.0019257554696755497
4825,0.9077179099053151
4826,0.09502074680254041
4827,0.26809144606512275
4828,1.3546641330589861
4829,0.8744041294119228
4830,1.688883786724592
4831,1.6800021674073005
4832,1.0704747212238677
4833,0.7042863583614316
4834,0.5933792877167146
4835,1.4985338404829824
4836,0.8002420221811041
4837,0.21832325678926312
4838,-0.07728167066991548
4839,0.9316468841075229
4840,0.10880089753513944
4841,0.25271989810465745
4842,1.358729965483365
4843,0.5512083510110377
4844,0.9379827046005993
4845,1.0242085212603802
4846,0.7863222979927522
4847,0.3576050881770883
4848,0.4312214966948674
4849,0.5536679244541479
4850,0.9282547622113857
4851,1.3806782772843176
4852,1.273609240549926
4853,1.138382768498838
4854,0.9430239440006425
4855,0.809592222228559
4856,-0.4242516249747891
4857,1.4374503907168346
4858,1.0443580478599934
4859,0.5631766641007884
4860,0.5988982895965796
4861,0.452078399444266
4862,0.17707026495019323
4863,0.9926954070635933
4864,0.8634720494319124
4865,0.28909597255904856
4866,0.8796827015257728
4867,1.2200169142921637
4868,1.32384365350535
4869,0.9870163096145858
4870,0.9817575266187786
4871,1.47502749206958
4872,1.0451058521044854
4873,1.3923661616245235
4874,0.12404898786578711
4875,0.9086419606007503
4876,1.6161027152741485
4877,1.1907777803643658
4878,1.3476782413141128
4879,0.36525654811081903
4880,1.034991903851138
4881,1.2524897143355878
4882,0.4613993580361696
4883,1.4760358143485344
4884,0.7822942946052296
4885,1.252065971281433
4886,1.6149129045684463
4887,0.4634607341093564
4888,1.1335850136514307
4889,0.40177859572557895
4890,0.6407585515130879
4891,1.212976479629266
4892,1.0113577725128737
4893,0.3749044132901181
4894,0.4567876884659099
4895,1.2174340627229396
4896,0.489739700354582
4897,1.1331787338011423
4898,0.6383185268018066
4899,0.46083799476507936
4900,0.6353474245340753
4901,0.7265665885343774
4902,0.4573121348618665
4903,0.7105801161500354
4904,1.2721720608246696
4905,0.36486046118089294
4906,1.6551640528473168
4907,1.446302114135845
4908,0.47321752363437275
4909,0.7485529884721052
4910,1.252073917283849
4911,0.4575865200924238
4912,1.3382441516191634
4913,1.593325754122262
4914,1.1112968085737331
4915,1.412962631484742
4916,0.8846838364571947
4917,1.1261713448868251
4918,1.186686565120337
4919,1.1938698478568943
4920,1.6278403184442327
4921,1.1700186582980774
4922,1.383008921444115
4923,1.3644875685992184
4924,0.996014505706246
4925,0.6228438369435907
4926,1.610362797288607
4927,1.2142421210188301
4928,1.32482752320307
4929,1.0046916702212827
4930,1.5604135729818034
4931,0.023191751184890586
4932,0.5806049083637531
4933,0.4863235405271801
4934,1.560315277488494
4935,0.44815449885038844
4936,0.3738993852071971
4937,0.1898030577820946
4938,0.5087538795497851
4939,0.3925476134235263
4940,1.1228529986615023
4941,0.761015099459041
4942,1.3469013066465256
4943,1.511080531321185
4944,1.0423789848275549
4945,1.6535444195684397
4946,0.8769733640005086
4947,0.47813729162879315
4948,1.1482363843874916
4949,0.8670851545595043
4950,1.822627353951152
4951,1.4907030407821753
4952,0.25030221909694095
4953,1.0985185044640313
4954,0.636570501371743
4955,0.7860828429959079
4956,1.1046392255927737
4957,0.5905787692857302
4958,1.0834019494458909
4959,0.9679110006222236
4960,1.2975369779733525
4961,0.7497302414933639
4962,1.6186534749589294
4963,0.5299048935376685
4964,0.6774947487767224
4965,0.35634433041519986
4966,-0.11985874030494076
4967,0.38762589156163507
4968,0.8085292602522901
4969,2.098461336587967
4970,0.9762506657059388
4971,1.0230608134680965
4972,0.8148995995714439
4973,0.4689676126788457
4974,1.2723530401564747
4975,0.23453562802769196
4976,0.9438472056374594
4977,0.64038868639407
4978,0.41635315576804816
4979,0.8673215512578306
4980,0.9124104453608897
4981,1.2952131245633445
4982,0.9564336975046777
4983,0.16528728895612446
4984,1.0611035374044688
4985,1.1735797744421255
4986,1.5938734505335068
4987,0.5413473199087273
4988,0.445525611584884
4989,1.411730668251609
4990,1.0106514850870139
4991,1.3803965415665078
4992,0.49159238818078366
4993,0.6130551973432476
4994,1.2191926210382527
4995,0.3307366013581277
4996,0.24070939870877575
4997,0.5266774494092062
4998,0.3353884187907226
4999,0.07609091791597894
5000,1.39516886694283
5001,1.34364713760986
5002,1.8706104767770757
5003,0.3987457647655217
5004,1.1426385155475047
5005,1.2833875119859701
5006,1.3591414270247228
5007,2.1320141266018204
5008,1.147104097740873
5009,1.4141350708488745
5010,1.3761300901073197
5011,1.0026708131748523
5012,0.790480183297483
5013,0.3212567153264447
5014,1.2994402148661242
5015,0.5172582842790889
5016,1.6058703439855955
5017,1.3364493157111736
5018,0.9601498062296241
5019,0.5747096735519365
5020,1.460101747586633
5021,0.999417071140146
5022,0.801775240382348
5023,1.6684471095848927
5024,0.27613548015029876
5025,0.5502732614094971
5026,0.852786266202745
5027,1.0698745521499002
5028,1.0958191918827278
5029,1.2612267795617935
5030,0.463602593227897
5031,1.1072553290272928
5032,0.10028739098527037
5033,1.1132645650937996
5034,1.3178876965482766
5035,0.3234364156572926
5036,0.8051890212289118
5037,1.2889954033653224
5038,1.3804901023064229
5039,1.0534958652553965
5040,1.6106912517871796
5041,0.02922792091599674
5042,0.49485942387133797
5043,0.26468545503962215
5044,1.6342616533202172
5045,0.3478238933328353
5046,1.2349928582931342
5047,1.4375728188279875
5048,1.6262295194825915
5049,1.3999583369496809
5050,1.1208012803029028
5051,0.8881690392757724
5052,0.7408873843429395
5053,1.5474148210711394
5054,0.5797213829371751
5055,0.333869439852518
5056,0.9086869038989185
5057,1.6334669652120009
5058,0.5492183170974655
5059,0.9195486030882278
5060,1.7717065893937236
5061,0.7321535090412893
5062,0.7559152919887269
5063,1.4236454291452456
5064,1.2119022857468646
5065,0.8795665842090494
5066,1.2163511243950544
5067,1.587489791089594
5068,1.350760969261551
5069,1.124408314337767
5070,0.9277938803108794
5071,1.0792932860669648
5072,1.2592764147398827
5073,0.29971946144410966
5074,1.3265328615211291
5075,0.5542913633013471
5076,0.36915484057758957
5077,0.5407713583265301
5078,1.6741361077804435
5079,1.4879304743515558
5080,1.2872493050713472
5081,0.9649934911279615
5082,0.21267428573437425
5083,0.9926032703874546
5084,1.5567210958806845
5085,1.1588477925007612
5086,0.5770583295604121
5087,1.4621652076776726
5088,0.5693657408725052
5089,0.3850512195274634
5090,1.3068070935980267
5091,0.3728005219466643
5092,0.288819785310659
5093,1.6101563998914865
5094,0.6495949383210082
5095,1.2208009967293953
5096,0.9534194948917902
5097,1.6588334396028306
5098,0.779456686784995
5099,0.6672247804141347
5100,0.9114630080751016
5101,1.2852669586226302
5102,1.2081424069305353
5103,0.9368751295923925
5104,1.2633215728927563
5105,1.2287115734423517
5106,1.126221180389337
5107,0.3227668204676098
5108,0.6606533852828008
5109,1.2034962481517324
5110,1.3064030684435428
5111,1.0846918736057463
5112,0.435808594000876
5113,1.1098681426988701
5114,1.4252704965996026
5115,0.5749069794023958
5116,0.4362994015332018
5117,1.3089165338253492
5118,-0.2602481121199694
5119,0.5705402239058927
5120,0.5796620069497682
5121,2.0469485276877197
5122,1.0565142232296498
5123,1.7867599091082127
5124,0.951496143331838
5125,1.4744621961518587
5126,1.835293930758783
5127,0.7678771365086821
5128,0.9691771908867867
5129,1.1987104467630507
5130,0.49068790255111294
5131,1.0079939888071574
5132,1.1044619888569653
5133,1.2420897029800075
5134,1.7880701377588095
5135,0.9911753587730954
5136,0.5080472393775732
5137,1.2320584212522987
5138,1.3272260540624898
5139,0.7050525773911958
5140,1.3362535168584144
5141,1.2609325157039573
5142,1.4084083266553908
5143,0.6914049673766283
5144,0.4327637312005357
5145,0.5915966307101591
5146,0.9720825960053168
5147,1.887309821361332
5148,0.30815719586152096
5149,0.1145222316908587
5150,0.8465021950530087
5151,1.4036694537809065
5152,1.4506711498453517
5153,-0.013231972378256691
5154,0.6699788036359711
5155,0.8669610042797442
5156,1.619438859520269
5157,0.38493265911069163
5158,1.3495833101132333
5159,1.0575330664346736
5160,1.1844353849811506
5161,1.2025557876557773
5162,1.2056076952500772
5163,1.0859514932377192
5164,1.438004346140632
5165,1.2691109753730383
5166,1.3406088171837751
5167,0.9411883207988974
5168,0.5678143324941753
5169,0.6583142523043739
5170,0.8194647502267337
5171,1.5019552415320108
5172,1.2863936023550187
5173,0.960608557782578
5174,0.6290592212202923
5175,1.072050903544142
5176,1.411111998900353
5177,0.40813231486464574
5178,1.0937785535217441
5179,0.9879160366677049
5180,1.62121546695095
5181,1.2147722563192649
5182,0.6011242245355948
5183,0.4814484618867654
5184,0.28896787336777985
5185,0.589639764014689
5186,1.0792649172892745
5187,1.148503856077602
5188,1.2124758174434787
5189,1.6679549826301423
5190,0.4685591984136817
5191,0.36643413071195685
5192,1.049130777604477
5193,1.306577186646345
5194,1.0701370297525723
5195,1.2126260658515622
5196,1.0424730736878538
5197,1.2289817315656772
5198,0.5601514730050471
5199,0.9387470672014082
5200,0.43690796125593623
5201,1.0864220502516524
5202,0.7109696036365082
5203,1.136013047579382
5204,0.17178175651304473
5205,1.4727805768395883
5206,0.5835734732094571
5207,1.4713307760247623
5208,0.45378197929542785
5209,0.216153147988846
5210,0.9041502524241773
5211,1.023113068709586
5212,1.1927907518807124
5213,1.4055984168749238
5214,1.189750279290593
5215,1.9331987746183594
5216,1.0412533839466642
5217,0.5895897355323112
5218,1.179472051091612
5219,0.9365016975726875
5220,0.5433813587920691
5221,2.1214702146941153
5222,0.6036683435301988
5223,0.9119799849352965
5224,1.403915085223355
5225,0.4791667388656008
5226,0.4626204063108198
5227,0.6335045247369675
5228,0.6765578342362188
5229,0.813804388270108
5230,1.2829223787004538
5231,0.8719049296985628
5232,0.7044692488957416
5233,0.9912646538275354
5234,1.9632401996602478
5235,0.2823374297921373
5236,1.5843220635975754
5237,1.618832348660988
5238,1.1787295723767277
5239,1.4355890738646968
5240,1.0336073356817792
5241,1.7939221054686925
5242,1.53470882586
5243,0.3433646150589163
5244,0.3103762834445884
5245,1.6427830808590298
5246,1.7382971005670564
5247,1.1908020800498966
5248,0.9208061495600672
5249,0.3684958534463935
5250,1.7014354019266387
5251,1.4506498061990487
5252,0.22141847530691833
5253,1.5178025014974774
5254,0.23210196596304755
5255,0.6625655263020533
5256,1.0647683872156957
5257,0.9557388677218718
5258,0.3093692987838087
5259,1.0777459255200412
5260,0.618649895127303
5261,0.7053216869083817
5262,0.9815052672284279
5263,0.2158163818630875
5264,1.1676701095456858
5265,0.49316940212732896
5266,0.972279156096088
5267,1.3537226231106065
5268,1.2183256168542844
5269,0.9784849947781239
5270,0.8163874868663575
5271,0.6870118349921697
5272,0.8015918938703402
5273,1.435427377199384
5274,0.9383439468290506
5275,0.6916911459923794
5276,1.1838888006491817
5277,0.563526259479656
5278,1.322527616272763
5279,0.5401019455033694
5280,1.2540962492091223
5281,0.37113993714917676
5282,1.9306364034956862
5283,0.5432968372337023
5284,1.119062013551484
5285,1.0507252696151488
5286,1.012883778594801
5287,0.34152323238374377
5288,1.4550151548706556
5289,0.48731867676995444
5290,0.2652387246590909
5291,0.12546777202351242
5292,0.5823529612231819
5293,1.0853066139816292
5294,1.6244451796255803
5295,1.1576745392350727
5296,0.46866334852180525
5297,1.7524128251486921
5298,1.2294033959151878
5299,0.4087341856413908
5300,0.9781444145912248
5301,0.9996693260296556
5302,-0.022659317181667582
5303,0.4083362829382601
5304,1.2208529184699977
5305,1.9223763378042036
5306,1.6497379257535805
5307,1.2249945104866173
5308,1.587801210499987
5309,1.578505179927698
5310,1.1782739429143612
5311,1.5724072733567778
5312,0.37117537981615306
5313,0.41470441523992146
5314,1.4685800371260043
5315,1.2983926166784288
5316,1.7059802672723565
5317,1.6259393076634128
5318,0.6027408223558699
5319,0.6543521794239037
5320,0.7246559928259501
5321,0.44253423375902784
5322,1.7883524401444761
5323,0.6053311108488315
5324,1.9066114588757077
5325,1.0113260192077915
5326,0.3280551484371264
5327,0.34981638160691964
5328,0.2651489364638037
5329,0.9045449019772172
5330,1.0087524581842504
5331,0.557060348357351
5332,0.5465979878269747
5333,0.28867999332999694
5334,1.7383452723358217
5335,0.4957103008839925
5336,1.4729870580711246
5337,1.2667538455590281
5338,1.1018104829464497
5339,1.2988666883488662
5340,1.7321590117810275
5341,1.2097718420159467
5342,0.5848580160323134
5343,1.3618010894228143
5344,1.0884159527475012
5345,1.1906847846422248
5346,1.465372493626826
5347,1.0866245182998817
5348,1.2020226649114893
5349,0.2452030717254031
5350,0.7481628400481506
5351,1.1398499188754707
5352,0.19307629030659462
5353,1.3373241591359544
5354,0.4203245206382066
5355,1.7449731647532616
5356,1.107428835433851
5357,1.0526273432844655
5358,0.5333613700180947
5359,1.2596254370458386
5360,0.7003075101096166
5361,1.1417369365050922
5362,0.8054970167110843
5363,0.4855709025909172
5364,1.1583644763460852
5365,0.516105572218691
5366,0.7834001182313456
5367,0.6571684858148702
5368,0.5377825730102992
5369,0.559948339415566
5370,1.186833752278273
5371,1.7918603922417473
5372,1.069826291407588
5373,1.898011289112251
5374,1.11458736820999
5375,0.9133524232368957
5376,0.6853997318051698
5377,0.9713890025896885
5378,0.41640019160046626
5379,1.2535917975635251
5380,0.39513470713411425
5381,1.656423605592794
5382,1.1040070328996328
5383,1.0700010561214022
5384,0.7488383074772746
5385,1.260642601032354
5386,0.4461592296933868
5387,0.7603725278382863
5388,0.5316037695751485
5389,0.9108782224523408
5390,0.617849247354555
5391,0.5692117673683896
5392,1.531788498188229
5393,1.4145782025832445
5394,0.31848872881053647
5395,1.1287068290104028
5396,1.6382627497954383
5397,0.9646604125211451
5398,0.9154349168634555
5399,1.4016769350474483
5400,2.1898832947355595
5401,0.9533462366081165
5402,0.47614946500585387
5403,1.1427933315060688
5404,1.1834568971994912
5405,1.1614753057423581
5406,0.30623330491458306
5407,1.0162512760550786
5408,0.35047639356258253
5409,0.7458867548895529
5410,1.192994028010257
5411,0.6419983499586293
5412,0.7883068573456875
5413,0.9165116579761876
5414,-0.18919894116693042
5415,0.7720302326109646
5416,1.025802349730816
5417,0.39809306260885174
5418,0.8598496445867077
5419,1.3185636829920189
5420,0.9963353987835659
5421,1.057819431761469
5422,0.6453890721239671
5423,0.7179487206261157
5424,0.6026395627002716
5425,0.49237013157836096
5426,1.1079588420832076
5427,1.6033579984926325
5428,1.4658460817913188
5429,1.4002012638219679
5430,0.9043890649236362
5431,1.3823796850541767
5432,0.7258188264860896
5433,0.5372939551033871
5434,0.42148427761150065
5435,0.48666793580477474
5436,1.5146021927252362
5437,2.151128374883575
5438,0.31105816856040797
5439,0.3110309722056338
5440,-0.45143620060436107
5441,0.9130088096456583
5442,1.2103296362496314
5443,0.4754090087590475
5444,0.669431083240832
5445,0.5935225787091978
5446,1.146026994020689
5447,1.7932040576431576
5448,0.9687190744229723
5449,0.507145012081397
5450,1.6622328775637825
5451,0.4428182683637671
5452,1.1237587694794453
5453,1.252315702914112
5454,0.03868102576661503
5455,0.24677589290571306
5456,1.1005320897006219
5457,0.884547107140393
5458,0.5341528020373216
5459,1.4281340507888234
5460,0.5804337244647102
5461,0.7493573613152519
5462,1.248408282819638
5463,1.2730512799428342
5464,1.6795833937621238
5465,0.8514733031632162
5466,1.3758793228040616
5467,1.822837517524412
5468,0.39236211676729893
5469,0.3578671223883928
5470,0.6091995552931471
5471,-0.0026210192135174837
5472,0.7975631780294733
5473,1.1076378537165956
5474,1.2887553511003205
5475,1.7623251735930094
5476,0.8218855250120634
5477,0.7100754995055111
5478,1.086743399950306
5479,0.9094940665753513
5480,0.9907612424820218
5481,0.5053259237594884
5482,0.9652502175379972
5483,0.5545699236066673
5484,0.7360639853215172
5485,1.0597239174675894
5486,1.0668444538439237
5487,1.1441897171406241
5488,0.35150426241853605
5489,1.154940615565633
5490,2.033890437987587
5491,1.1965391919639936
5492,0.43326885980693075
5493,0.819227415269877
5494,1.2834594238463857
5495,0.5264605819060868
5496,1.8236863392850933
5497,0.4501436736344343
5498,0.7467892992934941
5499,1.1261992344407552
5500,1.3896387745271022
5501,0.9598665548495915
5502,0.8333896899340196
5503,1.5081877400023616
5504,1.0398393580255054
5505,1.317996259079504
5506,1.3529670196731736
5507,1.0838469614651465
5508,1.3425970834356327
5509,0.5838115476646261
5510,0.8494669454619733
5511,0.35291839627799365
5512,0.4647483178733403
5513,1.1825340137524942
5514,1.1769813167582053
5515,0.5508851598394494
5516,0.7119713888990125
5517,0.35375651318521456
5518,0.5028597232782035
5519,0.9974800260254462
5520,0.8068257470360483
5521,1.1304362094237805
5522,0.9303436343425172
5523,0.5350488206916904
5524,1.2195135381992221
5525,1.5891219395150744
5526,1.021780538813268
5527,1.9285058258242842
5528,0.5303101864928839
5529,1.6219178962511642
5530,0.9139248902925343
5531,1.3902992753957792
5532,0.3874800269642834
5533,0.6815484150883266
5534,1.4983744752786525
5535,0.6434014870950273
5536,1.08746306941872
5537,0.6108266605236572
5538,0.9042708840412587
5539,0.7419025093601717
5540,1.3937510829767095
5541,0.7682526999932353
5542,1.1074422541972324
5543,1.336988185550172
5544,0.7492437194429298
5545,1.4910087865823023
5546,1.1374348979558389
5547,0.9226719446487089
5548,0.5750010650971755
5549,1.3333782518973607
5550,0.41077230575450063
5551,0.5656051392406022
5552,0.2895626019112722
5553,1.9758869207450729
5554,1.1019717032600602
5555,0.9763398533396903
5556,1.3726695493010315
5557,0.6690639493561343
5558,1.3448165152405716
5559,1.569255694271709
5560,0.6213437958141552
5561,1.7038760643463782
5562,1.0439829840107946
5563,1.2025962312105574
5564,0.40804152894468854
5565,1.5494072701303785
5566,1.8849708564583985
5567,0.47754776188752673
5568,0.8436650635974794
5569,0.9487114499920404
5570,0.46692462286686576
5571,0.30127741830614657
5572,1.562482125428314
5573,0.779008904754033
5574,0.32765926763983394
5575,0.5267912086070146
5576,0.8244571362459231
5577,1.110927598647634
5578,0.5503358566067157
5579,0.8581327576030036
5580,0.003064541493571493
5581,1.1285210362146985
5582,1.309269114429898
5583,1.407911209836461
5584,0.8395687209960394
5585,1.2678223909680844
5586,0.6977178610205628
5587,0.9324518648002897
5588,1.575346343833845
5589,1.0193212714885869
5590,0.24553987633379126
5591,1.1366936664482217
5592,0.43895066595561055
5593,1.812859178090177
5594,0.8892165580896008
5595,1.386518134435328
5596,1.128271884237076
5597,0.7637157003592031
5598,0.4732394962896465
5599,1.3126948998633203
5600,1.0457395615323974
5601,0.7476109962031683
5602,0.9002366591762625
5603,1.1110532462512794
5604,0.7897270787220031
5605,1.2945386484207768
5606,0.4108649629759533
5607,1.6427694215284356
5608,0.8934542987231567
5609,0.9857795692268926
5610,1.9633828925078516
5611,0.5780397894569143
5612,0.7242050336424597
5613,1.2073301679808754
5614,1.3070792302773087
5615,1.3338685903712288
5616,1.2491283183795145
5617,0.03382062419350251
5618,0.7320959649405046
5619,0.8734013054640042
5620,0.9385902556515096
5621,1.7412873668603663
5622,1.2914742474802323
5623,0.8312471631976402
5624,0.7105772202481904
5625,1.2990693176987471
5626,0.8817161095084158
5627,1.0995023204079097
5628,0.2854990377190099
5629,0.5820316113786252
5630,1.3987380750482639
5631,0.674637305003642
5632,0.6949308626297922
5633,0.6487267144808488
5634,1.1946520349083694
5635,1.3461719891240982
5636,0.6633730314377202
5637,0.8862166553987286
5638,0.7026196521519665
5639,0.7613039192140227
5640,1.1119964408602183
5641,1.2614122018329041
5642,1.5086134109958484
5643,0.32869754606400997
5644,1.2871398470831106
5645,1.5674023382060125
5646,1.2434025567343048
5647,1.187513561594795
5648,0.6589162515767408
5649,1.0135988976774113
5650,1.28377911886156
5651,1.1402689036540474
5652,0.18980612152599544
5653,1.1459822976224183
5654,1.2592895857840447
5655,0.49415252252265046
5656,1.4046162211418403
5657,1.9554621687849645
5658,1.085542046712106
5659,1.0228904272136732
5660,1.6721867475515086
5661,1.0524287592918442
5662,0.9711920429771378
5663,1.1015405364190882
5664,0.49982754426833387
5665,1.726003215026969
5666,0.733942286145631
5667,0.8674847252062137
5668,0.8994776292138398
5669,1.0647523220228
5670,0.9241620171702689
5671,0.30797710058315814
5672,1.4316469681980182
5673,1.1579399923418308
5674,0.480647070859444
5675,1.5241054226092499
5676,0.905718536677939
5677,1.1642513795416811
5678,0.8578910409188734
5679,1.6008824063810159
5680,0.7747331249041151
5681,0.6333847054463579
5682,1.0248555241188109
5683,0.5389780259271386
5684,1.169929467042457
5685,1.892377089481978
5686,1.0628973744740273
5687,0.3748570359694327
5688,1.686229423091202
5689,1.814797351968171
5690,1.2182278586427504
5691,0.5759233557487489
5692,0.6006213668811234
5693,1.1951911028703621
5694,1.328877199944885
5695,0.5467516981973313
5696,0.8467733317146966
5697,1.0874694704598875
5698,0.8544486632518258
5699,1.267075909450795
5700,0.09466200448359682
5701,1.9637018991783668
5702,0.8953282693469033
5703,1.042320741843574
5704,0.8682785523557022
5705,1.2704233900549184
5706,1.8743331050479548
5707,1.4030091999137952
5708,0.4816339298465403
5709,1.8104709966606238
5710,1.3918111253042542
5711,0.4050899956969052
5712,0.9040570988309939
5713,1.504087560870961
5714,0.8161888659764692
5715,1.698433416122013
5716,2.0776618627694408
5717,1.0950161086115184
5718,1.3711982427024292
5719,0.10340581105562768
5720,0.7983391898311876
5721,1.2448312592020023
5722,0.3383251588852775
5723,1.1668018246476592
5724,1.1040807153834455
5725,2.0021604319030866
5726,0.3915792182571443
5727,0.4329726776341669
5728,1.8819341620657655
5729,1.3772735922753134
5730,0.5237299157174151
5731,0.8756425590979882
5732,1.8285512655958507
5733,1.2603003907938062
5734,0.7779181915027159
5735,2.0979357471978393
5736,1.2063219122256468
5737,1.0475203368116803
5738,1.6065947106092409
5739,1.4065591916837175
5740,0.33909841821334696
5741,0.7677784532082523
5742,1.1573234011100917
5743,1.0640037366694037
5744,1.3714660248400525
5745,1.5067574846881773
5746,0.5247797775028613
5747,0.5550388244286515
5748,1.433478808042578
5749,1.051520129101628
5750,0.7013740421563899
5751,0.9126137978243263
5752,0.9823028710638595
5753,1.7137485027796031
5754,1.6378663406651683
5755,0.4130402927577318
5756,0.480151747605654
5757,1.0084207600134034
5758,1.192037052223252
5759,0.5933052152995245
5760,1.7347940659277516
5761,0.4489129205112111
5762,1.539817743488284
5763,0.9659737021547314
5764,1.0873964428541103
5765,1.0978195340479078
5766,1.716204625535699
5767,0.5504368529615074
5768,1.3877062996654974
5769,1.3487816041973097
5770,1.1865143408765433
5771,1.0624646512260603
5772,0.44108789396163567
5773,1.1947272866460246
5774,0.7538182631543602
5775,0.5083581008140349
5776,0.4819999036898999
5777,1.3177101080309157
5778,0.9748910379843636
5779,0.76543965015194
5780,1.1272105982202871
5781,1.2975697656660277
5782,1.4754706862952336
5783,1.2764645374609132
5784,1.0399465504713934
5785,1.0623046127321536
5786,1.191140122898496
5787,0.841164449991002
5788,0.718815785097463
5789,1.221343896424517
5790,0.6752498077311965
5791,0.6543518856586819
5792,1.4711503981273983
5793,1.7078164137555663
5794,1.2862415622213526
5795,0.8752173124588176
5796,-0.19915908275465977
5797,0.54349023005224
5798,1.8406692969041791
5799,0.617043008250455
5800,0.9879470046779766
5801,1.1905652767300139
5802,1.0909488211696847
5803,0.9554239003150903
5804,1.1558309351402558
5805,0.6574460804919654
5806,1.2350225329844835
5807,1.420944662985847
5808,0.41976548230187144
5809,1.5905772554734
5810,0.6697596953376246
5811,2.094288789826648
5812,0.6086547621874757
5813,0.6849954492906907
5814,0.6665237528785086
5815,1.145887448304641
5816,1.9548396827911538
5817,0.41323885043904895
5818,1.3809698343900685
5819,1.0153465868727916
5820,1.1777142443500876
5821,1.5826682491580155
5822,0.6524056449264695
5823,0.5571956523241899
5824,0.5297885684148471
5825,0.5289178156535648
5826,1.0277664516465417
5827,1.169504376872342
5828,0.5054184585043923
5829,1.6976551412822012
5830,0.5779571464174637
5831,1.5435033747025284
5832,1.6009888795999787
5833,0.5736967159725532
5834,1.2643592050592143
5835,0.9519775464445085
5836,1.0453617913601776
5837,1.407872857195851
5838,1.2429610404632994
5839,1.0619218390241558
5840,1.4805072637880792
5841,0.6566691345189493
5842,1.3203057481780127
5843,1.9823464039414826
5844,0.472137949250248
5845,1.1247839894774154
5846,1.121256969985023
5847,1.5945535259559833
5848,1.2993079638264993
5849,1.0005690333670534
5850,1.4852352706255232
5851,1.8356472430318012
5852,1.0638063675461567
5853,0.47721917752567977
5854,0.5494119212392273
5855,0.5823023078788615
5856,0.678085746131206
5857,1.465746585531016
5858,0.5558281000123398
5859,0.86867649933225
5860,1.40008603675418
5861,1.216111584483738
5862,1.149733087710181
5863,0.24272320288806498
5864,0.40331780726736915
5865,1.0417957908163566
5866,1.2290987451293078
5867,1.845116827975924
5868,2.000374713369236
5869,0.6504754495631679
5870,0.5419253526523673
5871,1.148796594330035
5872,1.0217106413077714
5873,1.573300135023782
5874,1.052625037956685
5875,1.7613724254755714
5876,1.0665176991497616
5877,1.1464918144396876
5878,0.490689038763754
5879,0.7278580593736241
5880,0.9956586837890096
5881,0.5482851578746012
5882,1.1425916706309556
5883,1.66291989283739
5884,1.1695242434268487
5885,0.9247202513455253
5886,1.2850716744866975
5887,1.3578809312935562
5888,0.05574426564585834
5889,1.2849038423468995
5890,1.0734687671464098
5891,0.1337033631946422
5892,1.2252236030103834
5893,0.12619657611023682
5894,0.4667471621421134
5895,1.1524986392253744
5896,0.42454675608723946
5897,0.5932355815060322
5898,0.8673507704914062
5899,0.5130614919649399
5900,0.4092920626780241
5901,0.7094204985089123
5902,0.6653786769323997
5903,0.5622220749661714
5904,1.0420043188408001
5905,1.301514292186602
5906,1.5201896224143794
5907,0.11022405365545784
5908,1.5277296861471688
5909,1.4211368631036527
5910,1.4923185195216513
5911,1.4822067909632148
5912,0.26232888093659684
5913,1.3340747580622927
5914,1.6048980230973757
5915,1.439629791622255
5916,0.9146849133751223
5917,0.46337860203011
5918,0.5323180556896082
5919,1.0138159244172118
5920,0.888788715615926
5921,0.3663420720912937
5922,1.3412174093461204
5923,1.3928473307823794
5924,1.2061826516920877
5925,1.366406285095239
5926,1.1209530842981077
5927,1.0438351886404447
5928,0.3460487596786597
5929,0.6192464151243512
5930,1.435284924217531
5931,0.8902672276641892
5932,0.9893686990619575
5933,0.641000970113083
5934,1.9465363472543493
5935,0.5802811683603974
5936,0.80770218743414
5937,1.5380294674317692
5938,0.6914701365847202
5939,0.895313264919616
5940,1.3038987786407952
5941,1.2870277600513609
5942,1.6112650260595787
5943,0.8104765940171041
5944,1.506316245171289
5945,1.8063935286502533
5946,0.5247059264407131
5947,0.49908472458668895
5948,1.0244834763930908
5949,1.1763430359597669
5950,1.2995618106922169
5951,0.7475272071910206
5952,1.1248765379310326
5953,0.3602397440186973
5954,1.3188336235906268
5955,1.5530829148959513
5956,1.6790678135627015
5957,0.9612678562440776
5958,0.7467261823968343
5959,0.7352402016990236
5960,0.597589615658614
5961,0.38411501784418156
5962,1.2659643134243215
5963,0.6893102348742173
5964,1.2241204251767943
5965,1.217450818647885
5966,1.2398481839503839
5967,1.6171284622497288
5968,-0.24802349154126377
5969,0.9868421247371217
5970,0.8691679279380957
5971,0.6291863727092353
5972,0.6721789294387596
5973,1.3315690017024338
5974,1.4319364703366797
5975,0.6627047390550375
5976,1.448051741888977
5977,1.3142155931617352
5978,1.2619473359154534
5979,0.25386323774595626
5980,1.266107395557879
5981,1.1613481646652521
5982,1.582926884533173
5983,1.0640196276995817
5984,1.6897410408863562
5985,1.3635759696711958
5986,1.2200883760845653
5987,1.2426003057427752
5988,0.77137798350235
5989,-0.2359986835857954
5990,1.5648696254965726
5991,1.4154455090042415
5992,1.127884643312501
5993,1.321517411902933
5994,1.39694229362575
5995,0.45087747562091307
5996,1.1263492666853419
5997,1.1611198829081424
5998,1.4419619450737504
5999,0.5400350744894961
6000,0.670584692439453
6001,1.2021105684573388
6002,1.1176242653462214
6003,1.4971866606071758
6004,0.7694680229555549
6005,1.0963140000791975
6006,1.1709849087214101
6007,0.45149699591472137
6008,1.3808110771382127
6009,1.0197055763374756
6010,1.0658700902012925
6011,1.0225132581416345
6012,0.24741803432461734
6013,0.4323908487364272
6014,0.699074604236245
6015,0.44557227132837807
6016,0.08921047129163981
6017,0.7233376340020086
6018,0.586503672472574
6019,1.6874497070451655
6020,0.5594976091737058
6021,1.01950614875867
6022,1.3204902941418803
6023,1.140895557779941
6024,0.05890288398833399
6025,0.8005622524350058
6026,0.5447840483167309
6027,1.1451584574193043
6028,1.5427979317659746
6029,0.42196737475013724
6030,0.8101790826828074
6031,1.3922676101639964
6032,1.036258888171528
6033,1.106575773580352
6034,1.7657622300406668
6035,1.9542110580298262
6036,1.1524942264889098
6037,1.191098973367694
6038,0.4483563516143808
6039,0.5930503901553655
6040,1.6616537823989934
6041,1.0186180638381082
6042,1.5445193796624699
6043,1.4973232974157882
6044,1.4704556348640068
6045,1.0444577522401663
6046,1.3847051476076573
6047,1.803232972568055
6048,0.6645790209493031
6049,0.8206164753231543
6050,1.6056309644931859
6051,0.8483431493965635
6052,1.5494388381111133
6053,0.5894552887675845
6054,1.267372320080361
6055,0.3197531127060895
6056,0.1789294824679108
6057,1.2775189956364583
6058,1.1053430598613343
6059,1.7694459570688812
6060,1.1483483449622771
6061,0.7797439644120986
6062,1.1451367112731774
6063,1.6779402280082707
6064,1.1781420637266393
6065,1.3773431831537633
6066,1.1941084052641444
6067,1.278294577434791
6068,1.5157563199058677
6069,1.3007027686908448
6070,0.8967867389163131
6071,1.7958685459735415
6072,0.9062877563987425
6073,0.1975865156735806
6074,0.47162792039114276
6075,0.575204923902178
6076,1.52609283156249
6077,0.9432517926762052
6078,0.48080957431735694
6079,1.2446062171767882
6080,1.801548619715879
6081,0.8935114873330521
6082,1.17758384802567
6083,1.5528172839581784
6084,0.8440157374312438
6085,1.107638477575969
6086,1.1758312995703692
6087,1.4903880714183173
6088,0.8243118880516038
6089,1.3095933992568747
6090,1.5975091386011477
6091,1.0351650454299892
6092,1.1740259055083473
6093,0.5579492592978149
6094,1.8522335893244077
6095,0.3710252544064492
6096,-0.00018569676322702233
6097,1.104987441274659
6098,1.904428705526283
6099,0.8697850982480313
6100,1.6211429496297804
6101,2.037006075554452
6102,1.7994215533510132
6103,0.45869338895337736
6104,0.479135643611067
6105,0.6731152315019652
6106,0.41336573941680627
6107,1.152485053114217
6108,1.3561993738366525
6109,0.9940406866129081
6110,2.175302783547298
6111,0.5225181426297116
6112,1.4888170704572707
6113,0.7650018532159004
6114,0.6337039646589926
6115,0.3799603083467875
6116,1.5431437782492083
6117,0.989593508034216
6118,0.8486943441018314
6119,1.5437988370289264
6120,1.0331358822903187
6121,0.6896945490007158
6122,1.8492179223346579
6123,0.625700593223187
6124,1.011240453098378
6125,0.4657546417972309
6126,0.22000652924006991
6127,0.5237349665739781
6128,1.4545682654295289
6129,0.4014814085714973
6130,1.420089458206251
6131,1.173810317002626
6132,0.6682694369739155
6133,1.3319013242681645
6134,0.8908375928927064
6135,0.14228786741932148
6136,1.043435859553384
6137,0.5167346033684755
6138,0.47784981996301246
6139,0.06449410533134442
6140,1.8000831729679272
6141,0.31101874711298116
6142,1.1692135810024133
6143,0.42395496143732525
6144,1.039976711786821
6145,0.6986413861191139
6146,1.1491153547548678
6147,0.8258953244812786
6148,1.3834884133273897
6149,0.6020688838531156
6150,0.9819570394899582
6151,0.644281396026477
6152,0.5566725318750188
6153,0.7955510730625501
6154,0.25514371763978133
6155,1.6378276712492248
6156,0.4204687849794955
6157,1.2012647563573222
6158,0.8980164655585186
6159,1.2284022038442788
6160,0.6589718855119493
6161,1.7241305187978104
6162,1.648544175675791
6163,0.4169473627144048
6164,1.24675030895134
6165,1.5914914690201627
6166,1.4126601731095039
6167,0.7123247690572394
6168,1.193379169910218
6169,0.36524342167964463
6170,0.8002675903525733
6171,1.2710546817986967
6172,0.32458551421691173
6173,0.36590748296983855
6174,0.9637138189875525
6175,0.4213864651167515
6176,0.5731459909017953
6177,0.5814247587974005
6178,1.1138034049146435
6179,1.8801647124265526
6180,0.42363766319135343
6181,1.1256659215047837
6182,1.6439948292529234
6183,0.7284110718925568
6184,1.5104787375186866
6185,1.273377206175642
6186,1.1209197227627423
6187,1.4034726817664471
6188,1.4270696915319774
6189,1.034586307007768
6190,-0.059335233064504
6191,0.5148000531849656
6192,0.28351257362013776
6193,0.6727759085087727
6194,1.0840699014614887
6195,1.2834511174220338
6196,1.7879591707574356
6197,1.3441500726117015
6198,0.5549280146369765
6199,1.0297288782887097
6200,1.0023451907507623
6201,2.2443323044423025
6202,0.2970620086393115
6203,0.6777897547692987
6204,0.8807810647574413
6205,0.546475674581237
6206,1.186991950827994
6207,0.9351768770512463
6208,0.6814186282980732
6209,-0.1287320398388686
6210,0.6778478152323111
6211,0.7405269263076627
6212,-0.07485401459330121
6213,1.1394091393073995
6214,0.8028143682575707
6215,0.7619644576425275
6216,0.9836241729941497
6217,0.7642213302439245
6218,1.2688091925158993
6219,1.6466402242152254
6220,1.9264842434748406
6221,1.4647812803109228
6222,0.9595199933144511
6223,1.1894197088648495
6224,0.5653834575833537
6225,0.29977405231896537
6226,1.4246844960404221
6227,1.3204884031297761
6228,0.7252086950602317
6229,0.6289373976470748
6230,1.4044322299687677
6231,0.5224333982530874
6232,1.5195529491728743
6233,1.6121311883672473
6234,1.6693275774671608
6235,0.25742451034261193
6236,0.5415810981134055
6237,1.3467270609050113
6238,0.6661262864193143
6239,0.6664038109415474
6240,0.8171310617944141
6241,0.9868964587253106
6242,1.1200081850647607
6243,1.1717003816553255
6244,1.077344062991446
6245,0.8981467548964084
6246,1.2291924460513552
6247,1.4194829908900648
6248,0.3222432264380008
6249,0.6141935936153988
6250,0.6746728436382137
6251,0.45035203691337
6252,0.5548115708515645
6253,0.6359647349936719
6254,1.4637193580443233
6255,0.4663791895725955
6256,0.4464294019186671
6257,0.8766495844592906
6258,1.3866625370542653
6259,1.227138698107802
6260,1.361345784879852
6261,0.25813468296529307
6262,0.410429049659293
6263,0.9777850777600343
6264,1.2734531703798448
6265,0.4484319148388257
6266,0.6718884722861552
6267,1.176253291166733
6268,0.48585176189532475
6269,0.2880928322505875
6270,1.1899064552698237
6271,1.7036576724080024
6272,0.9206490222482433
6273,1.5079161906247915
6274,1.0760140523376154
6275,1.1946281288284157
6276,0.9261765465764735
6277,0.45536535231327496
6278,1.1556023463522647
6279,1.6792873905270365
6280,0.6668775148907957
6281,0.4302463422179386
6282,0.23927912279373292
6283,0.8674381512753657
6284,1.1995009264264378
6285,0.3893967540741945
6286,0.5820407475964573
6287,0.9226339950057705
6288,1.0740639717594864
6289,0.7595022705800876
6290,1.4976432242750501
6291,0.40684756893893426
6292,0.8073591107648841
6293,0.699372347814026
6294,1.0864316683826731
6295,1.3127766386727215
6296,1.523169183528399
6297,1.0672794774491576
6298,0.2739508184405443
6299,0.6343615371671201
6300,0.5051633400049556
6301,1.1978706758764863
6302,0.880305114372805
6303,0.7709146324143188
6304,1.6776585144966916
6305,0.8355157145389545
6306,0.8220222856652601
6307,0.6954475994490692
6308,1.9474426683971504
6309,0.12311015152532412
6310,0.3909196513501649
6311,1.041996304508091
6312,0.5222470508967365
6313,1.172606595211004
6314,0.9442248231214139
6315,3.0614189174842483
6316,0.39097479875814745
6317,0.6570137686460047
6318,1.5312703072455893
6319,0.9881361369902113
6320,1.1106223242113065
6321,0.465579109044473
6322,1.9439710229431653
6323,0.05483772551314292
6324,0.5861760680994669
6325,1.127128654045332
6326,1.0515206966754336
6327,1.3265234957504055
6328,1.587422332847047
6329,1.7819060352027885
6330,1.558104977118928
6331,1.3198561943669578
6332,0.9455579471517963
6333,0.3882495382642668
6334,1.0195524668923852
6335,1.1311680841055394
6336,0.4849136939744332
6337,1.0408181192780666
6338,0.5723411565172785
6339,0.8347249817062325
6340,1.5721921590123018
6341,1.0130944748537452
6342,1.2345776760969258
6343,1.8347606670731889
6344,1.2540323463999166
6345,0.8661499592177779
6346,1.2995726378891637
6347,1.045720962879875
6348,1.0436889073127413
6349,1.0907796470328923
6350,0.7317088522910965
6351,0.5901889596318104
6352,1.755357276620158
6353,1.5297814752935177
6354,1.6046195229303382
6355,1.4779089469472009
6356,0.1483056649902732
6357,0.9229038113613162
6358,1.6664356233070228
6359,1.000347490787243
6360,0.9162426362756639
6361,1.257113384230012
6362,0.46102146708362923
6363,0.7437332375451746
6364,2.1838472194941048
6365,0.13351294870335556
6366,1.8536174842311035
6367,1.033024047366948
6368,1.1751858876941217
6369,0.8144920648902215
6370,1.1065737637895472
6371,1.1959987883311085
6372,1.1256952873267208
6373,1.326305509297203
6374,0.9487416453156519
6375,1.3744690431736792
6376,1.5924802468714023
6377,1.1732534303489333
6378,1.6217493946999455
6379,-0.23900015756365012
6380,1.3747359447697296
6381,0.24252457572043917
6382,0.5817866879688793
6383,1.464774142477934
6384,1.0851346449558905
6385,1.2052244481705454
6386,0.320271517244822
6387,0.8760372226605975
6388,1.2308219125493924
6389,0.6552867700036737
6390,0.4377801906034047
6391,0.5043674904128266
6392,1.097926171178686
6393,0.9512228746444156
6394,0.322579349691504
6395,0.4829682013240205
6396,1.541873653169506
6397,1.1501530489516663
6398,0.8818357015366789
6399,0.6500956338361764
6400,1.6619302340225954
6401,1.1636998560358274
6402,0.20261924252045105
6403,0.8143480789525395
6404,1.3852392959299067
6405,1.5124289561243565
6406,0.5912311182122866
6407,0.9159017597673805
6408,1.6527769415218434
6409,0.5767434624715073
6410,1.4620219472706524
6411,0.5570892918685975
6412,1.0303856799992193
6413,0.04837970967428562
6414,1.0741926912363748
6415,1.2506052807125432
6416,0.8800824173540505
6417,0.05325182091281305
6418,1.3126702334262195
6419,1.1178471656138507
6420,0.5007937803132172
6421,1.110634152465369
6422,1.0770673965047648
6423,0.2564465295478439
6424,1.3104672434524767
6425,0.7294233944793233
6426,1.3448165971199537
6427,0.5519885086992712
6428,1.30287236941222
6429,0.9294772208346791
6430,1.332466326030035
6431,0.6656779997688036
6432,0.8973234705521809
6433,1.1720139691955713
6434,0.36951082898580706
6435,0.9228366244273474
6436,1.0500286065734579
6437,0.9808879277676372
6438,0.5450433326895654
6439,0.5541802311595496
6440,-0.44158829713480374
6441,0.7703763115787505
6442,1.208740569315339
6443,1.7946743773073872
6444,1.1253049931680188
6445,1.1524951768958247
6446,0.7274182623761961
6447,0.8365564433427002
6448,0.673395114575426
6449,1.139407847728606
6450,0.5920166699294547
6451,0.9702510376363109
6452,1.3054987229785673
6453,1.2445391843842382
6454,0.25127253192716215
6455,1.318630623840207
6456,0.08016531843783109
6457,0.884551445642403
6458,1.1253401509747392
6459,1.285826509924262
6460,1.5333041052553704
6461,1.0026945382057602
6462,0.6867487971696834
6463,1.3736535853306884
6464,1.0251351275586762
6465,1.2247568847928383
6466,1.3906908446399426
6467,0.9606108654977232
6468,0.38696566903324814
6469,0.8745282769491466
6470,1.0974796884968485
6471,1.4388366556314225
6472,1.0161313522096438
6473,0.611606771167577
6474,1.550118325607756
6475,1.0725407516294587
6476,0.05622464899907015
6477,0.6765689545170578
6478,0.9824576477727931
6479,0.8058078225883599
6480,1.2282576448676652
6481,1.4109679301454183
6482,0.5991718552108555
6483,0.40917301381199295
6484,0.9713946156729876
6485,1.117057683648827
6486,0.6199917476691842
6487,0.933695614052457
6488,1.0512761978048808
6489,1.2634809179681041
6490,0.1071196909135243
6491,0.8124404929252702
6492,1.3483486162456502
6493,1.3872985014209513
6494,1.2162930345012284
6495,0.08881045627779241
6496,1.0183626753704493
6497,0.4496579167787601
6498,0.8781518536745039
6499,0.3009993576960402
6500,1.490575377332746
6501,1.3442061544784871
6502,1.0197352569745806
6503,0.4625733055251418
6504,0.49795313694800014
6505,0.5944546563720505
6506,1.0217716485722446
6507,0.4737352970336403
6508,1.0980121080451835
6509,1.287584029660203
6510,1.0743779915273692
6511,0.753672294288168
6512,0.8032112968386488
6513,1.1837526622011068
6514,0.49958240072570875
6515,0.6224513041558931
6516,0.3225008734118432
6517,0.09820678771973512
6518,1.4454798907333557
6519,-0.31865644859759784
6520,0.7227992041091118
6521,0.07774810452044811
6522,0.7001303230931499
6523,0.05577335174146447
6524,1.4084201002662262
6525,1.5053037312396849
6526,0.5079357709508454
6527,0.5596901536522331
6528,1.5180282468004718
6529,1.166353098035691
6530,0.9048317125497447
6531,1.4977337952120529
6532,1.1394440799977454
6533,1.4471531817216723
6534,1.6019388259202731
6535,1.155800914847995
6536,0.9877952049538268
6537,0.14537172247755453
6538,0.22922759795449166
6539,1.0816189032283772
6540,0.8780158547209542
6541,0.892104707864833
6542,1.167284210692099
6543,0.7128755831787735
6544,1.458069400153438
6545,0.7134625884589088
6546,1.0544342020451625
6547,1.4882170682742448
6548,1.547885892277753
6549,1.3941357135275454
6550,0.5448213041502712
6551,0.5238298729427601
6552,1.042992185241618
6553,1.07869068791131
6554,0.8035737072609138
6555,0.7829644887817647
6556,1.1912219773881718
6557,0.15245863309379123
6558,1.1991479341053757
6559,0.45798243084009826
6560,0.6716041588407078
6561,0.5324636062125413
6562,0.832693205100852
6563,0.36855870209870445
6564,1.3896860041017227
6565,1.2664861773903302
6566,1.354081517487077
6567,1.3372738813046579
6568,0.8785170799017523
6569,1.4153421948588703
6570,1.579738475827947
6571,0.9900952881287362
6572,1.0166073302780707
6573,0.6803715112844158
6574,0.5879855649362543
6575,0.9871524871315412
6576,0.7465702089063674
6577,0.9876497048144917
6578,0.31851811721998824
6579,1.0184386698456644
6580,0.9982588669078513
6581,1.9089212583946717
6582,1.5671571836812026
6583,0.583070341305634
6584,1.0716103867871305
6585,0.7275455083906408
6586,1.9046441132013001
6587,1.1249960666397079
6588,0.8820965481052556
6589,1.4833684787219195
6590,1.6039220959083411
6591,0.895460668407496
6592,0.6738693057749185
6593,1.7392534293717556
6594,0.6944427244947877
6595,0.9631907239280458
6596,0.5409426024587629
6597,1.1943995779270224
6598,1.4535168101758573
6599,0.9548140776737181
6600,0.9542906637598484
6601,1.618903634384556
6602,0.9016691235522506
6603,0.764298616553959
6604,2.194547073360294
6605,0.768458175582055
6606,1.7063737483740895
6607,0.4976893081089863
6608,1.1726637978664203
6609,0.5513410108125677
6610,0.8103939924389076
6611,1.161572460125758
6612,1.0478460353855332
6613,0.8481663810659444
6614,0.30698452440367396
6615,0.22228978398290541
6616,0.7117433667499784
6617,0.8622687695957918
6618,0.1725996675516902
6619,0.5407997942588572
6620,0.8350858279163647
6621,1.337246464918334
6622,0.7130037071646614
6623,0.39385446548248604
6624,1.1737875443356567
6625,0.6305670592013836
6626,0.10670868346154597
6627,0.9275930491364499
6628,0.24492522096431757
6629,1.720810184543062
6630,1.4168260422948662
6631,0.9041073362764531
6632,0.6655478906046597
6633,1.7640151242390596
6634,1.604846625542715
6635,0.2868049259495647
6636,1.4999292014527783
6637,0.37519163224587326
6638,0.8368437411993909
6639,0.5063476107050491
6640,0.6157253240136614
6641,0.485309810260978
6642,1.2816620860236134
6643,1.258305697270742
6644,1.159749453406124
6645,0.8810418184395652
6646,0.3326727164030055
6647,1.394249480431283
6648,0.22068429807128287
6649,0.11242362467796513
6650,0.5302920385137022
6651,0.7281331465226251
6652,1.0811267169877938
6653,0.5943292895158696
6654,0.5886968506146336
6655,1.2743248242643666
6656,0.2972270103320966
6657,0.5733496467773183
6658,1.5190338187382384
6659,0.3033587518389177
6660,1.4631167860575325
6661,1.418756474846624
6662,1.6040392339572238
6663,1.6037591037021552
6664,0.4985714057449278
6665,0.8835548384327054
6666,1.1437838859074125
6667,0.772493409596628
6668,1.25855832901573
6669,0.526609793562886
6670,1.0255298225826595
6671,0.2506903392421065
6672,1.3339948218892639
6673,0.9517779684840229
6674,1.3112020381278082
6675,0.41572697380372314
6676,1.5503417843448628
6677,0.5936706255709274
6678,1.2070477791129326
6679,0.6619570656795685
6680,1.1031540333682794
6681,0.3549413201279288
6682,0.38044622983832244
6683,0.9811360146033639
6684,0.9534670469959221
6685,0.6081129703440917
6686,1.4256320252309833
6687,0.738753080090314
6688,0.14999287089579677
6689,1.8721100275970672
6690,1.248082556602451
6691,1.6002863249420956
6692,1.0632974843436869
6693,1.2723048494723317
6694,1.1393215102246623
6695,0.5737845976201649
6696,1.5388492829125613
6697,1.0517541349487989
6698,0.47384245115499196
6699,1.2470873602765609
6700,0.5790996590363839
6701,1.0292970401913832
6702,1.288044687678975
6703,1.322894711306155
6704,1.1122942307090637
6705,1.2312312246680712
6706,2.1586036727819287
6707,1.7290070372135347
6708,0.561409740896651
6709,0.21628574661406236
6710,1.3907564945278477
6711,1.0853526031342953
6712,0.4667807886187736
6713,1.3963538228672916
6714,0.7983053975935728
6715,0.875710990622261
6716,1.050400517095453
6717,0.588980223385923
6718,0.38610987226436305
6719,0.6177809951818514
6720,1.9303749259124101
6721,0.9003717517075347
6722,0.8699109343234808
6723,0.4571216756448032
6724,0.3883213998474642
6725,0.14903734323624993
6726,0.7466366702191899
6727,2.5375633644805973
6728,1.385771626332657
6729,1.0396886531124705
6730,2.016512214810115
6731,0.31982641380359095
6732,0.5371682114539607
6733,0.7993911542340888
6734,1.0365570564833435
6735,0.6648224301181132
6736,1.1221808441023131
6737,0.8536853869245826
6738,0.5236085422128129
6739,1.3299570777745013
6740,1.1475230397175915
6741,1.2120082782312087
6742,1.2236860292568355
6743,1.4408442044412122
6744,1.2311109118987917
6745,1.520354498398765
6746,1.5483477098846643
6747,1.201535661368451
6748,0.6447522738302905
6749,1.7952921656977567
6750,1.2348117343075335
6751,1.496213915461984
6752,0.20990667197277363
6753,1.195702264128211
6754,0.9541405304289376
6755,-0.1199495431692766
6756,1.6498767875849634
6757,0.9670652237155486
6758,1.4227728234355768
6759,1.9502744888165668
6760,0.6380903827867797
6761,0.6809550958715531
6762,0.3317398869980075
6763,1.4235509428115838
6764,1.7809626269123298
6765,1.3559753219358652
6766,0.7038749374667592
6767,1.6284280540169096
6768,0.8735426123796539
6769,1.4935696308447306
6770,1.4992266554030866
6771,0.8102038478707095
6772,1.3833528983602832
6773,1.4763298170559216
6774,1.1152864091958508
6775,1.6428899856968893
6776,0.1806191929959621
6777,0.6409964804307173
6778,1.389623302721343
6779,0.7562823394299665
6780,1.4620877932504652
6781,1.111193655296127
6782,0.864726055436462
6783,0.6647988862123878
6784,1.0264537495346724
6785,0.8086795367951258
6786,0.5494654804754563
6787,0.9010104783984518
6788,1.6006908233825405
6789,0.3735560037280022
6790,1.0503036222444657
6791,0.516998633362359
6792,0.854587355699364
6793,0.9325916570680397
6794,0.7533477145335541
6795,1.3708159573776229
6796,1.0590239849200433
6797,1.1197672074387526
6798,1.6901150037834198
6799,0.42892600552066096
6800,0.7343851344522735
6801,0.4277491868799248
6802,0.3054632987524633
6803,1.113387875031639
6804,0.5592256549757674
6805,1.4846857694528603
6806,0.9795836533708268
6807,0.54381671324599
6808,0.44829858976227477
6809,0.5069988596504532
6810,1.285190747222622
6811,0.7652148360004329
6812,0.5452588470968972
6813,1.2965860703638301
6814,0.7767778620997281
6815,1.6020619874354065
6816,0.8890382769119366
6817,1.22404613825086
6818,0.9172102946657142
6819,0.3623227935567254
6820,1.0214220629544497
6821,0.32508733194631795
6822,1.660043305218751
6823,0.6910342265679839
6824,1.370906226704684
6825,1.6847859236269835
6826,0.8825444170692891
6827,0.6666011226638136
6828,1.0624865921737079
6829,2.1173034200251575
6830,1.3160872151777294
6831,0.4780891476839206
6832,2.2282373415583874
6833,1.214105819034059
6834,1.0985951781745895
6835,1.4811957990924904
6836,1.5348511391674478
6837,1.1987141790071343
6838,0.9592368002887193
6839,0.5065065849498528
6840,0.7991009307856809
6841,0.705209902981917
6842,0.5839270939619146
6843,1.3214766494076344
6844,0.8395596123365683
6845,0.7301068057993162
6846,0.9696285661245934
6847,0.7164017221386813
6848,1.0488258214778707
6849,1.8506432133695234
6850,1.2362189126726253
6851,1.2241102206461942
6852,0.9917091525234489
6853,1.525621797626824
6854,1.2428783099686898
6855,0.6853531479883677
6856,1.3992150266803507
6857,1.4533811324251347
6858,1.3167497223992126
6859,1.9579516741157992
6860,1.2158419424111702
6861,1.6790288757628211
6862,0.27142082296186
6863,0.8330865097633381
6864,1.338848680119303
6865,0.9358107442960633
6866,1.3939153636267734
6867,0.36672742825557497
6868,0.2922444723103557
6869,1.0021452024133772
6870,1.4589091207755869
6871,1.156893714051793
6872,1.145261232197671
6873,0.9100912249619386
6874,1.5501957913967432
6875,0.7332604504394058
6876,0.5521542245192176
6877,0.623327372535342
6878,1.1630638607793402
6879,1.8487611979691643
6880,1.116682333260958
6881,1.4903430089213696
6882,1.4144577230338657
6883,0.5814544828208281
6884,0.8894850962980342
6885,1.2137575016652191
6886,0.6127171745389971
6887,0.43590554431711687
6888,0.7879657421579993
6889,0.34013499686849125
6890,1.4756443104322634
6891,1.4277196932217207
6892,-0.1138004482796546
6893,0.40337738450245014
6894,0.4761158340123003
6895,1.2575593362137716
6896,1.2287140764106577
6897,0.972759008185442
6898,1.3638151015100317
6899,1.5927987835432118
6900,1.1269777563971957
6901,0.7291473017571524
6902,1.0098669475284137
6903,1.219309783187497
6904,0.4873527516039786
6905,1.5253644939743802
6906,0.5297902904977504
6907,1.0522043337191311
6908,1.0246977429959194
6909,1.7166048247262655
6910,1.0925506674509207
6911,1.902956614129532
6912,0.4104168789402071
6913,0.4201222007331899
6914,1.3407649310005856
6915,1.2286991620943013
6916,1.3020229241713923
6917,1.2816907837715132
6918,0.825302119938853
6919,1.6904625937400222
6920,1.4132847168939469
6921,1.4470954832437668
6922,1.241969819431639
6923,0.9535427405398632
6924,-0.4127310106641514
6925,0.8268607645963746
6926,1.174971820617773
6927,0.5719959694331006
6928,0.7560785669337471
6929,-0.03427320805564371
6930,1.2594327858640946
6931,1.8470699305068847
6932,1.1460833679159714
6933,1.152781572465381
6934,1.2370014657095192
6935,1.3529154691115528
6936,1.2308589056492414
6937,1.0707521507046396
6938,1.7843220092463705
6939,0.15985574346837741
6940,0.4034998423862268
6941,1.18543870994808
6942,1.300708370535181
6943,0.641916021908598
6944,0.5096868125710348
6945,1.1169049712264174
6946,0.6146732822928309
6947,1.2929729995638268
6948,0.9710758614664212
6949,0.5565769596150847
6950,1.2706151816667202
6951,1.4837012801774176
6952,1.5035599149705754
6953,0.09694574970154435
6954,0.529044746774182
6955,1.4523435029216258
6956,1.193012744135201
6957,1.110143078085292
6958,1.4443559477087777
6959,0.7905837350504132
6960,0.43532410950944056
6961,1.7826179778651867
6962,1.3054046584352816
6963,1.3148526083872256
6964,0.6694508599023448
6965,0.40832265286927183
6966,1.2750262787234603
6967,0.7579573605697026
6968,0.3382517945944168
6969,1.9794255376088141
6970,0.6885387920650297
6971,1.0777880302528648
6972,0.539473713827836
6973,1.0485878131184614
6974,1.5167010795895788
6975,0.8806053106719447
6976,0.39394266740332445
6977,0.19662843676341593
6978,0.6927411045806284
6979,1.272247618721325
6980,1.2262067232390435
6981,0.7264413229456527
6982,1.5666951539097438
6983,0.6850630679128994
6984,0.6485212783250394
6985,1.1200573143262926
6986,1.8316384028983088
6987,1.0377946670749694
6988,1.524725998409409
6989,0.48898284015781124
6990,0.3195284188084402
6991,-0.1712190160201405
6992,1.2650280078609542
6993,0.6406419236922027
6994,0.6703248473701137
6995,1.0740131836933853
6996,0.32702797740759515
6997,0.9823481743739022
6998,0.3503160557839962
6999,1.1497207506047515
7000,1.533743626560375
7001,1.1390174063747716
7002,1.6293483430890958
7003,1.2891678022684787
7004,1.1311475583899224
7005,0.8499673785280385
7006,1.679053588712414
7007,0.2651350661219576
7008,1.7243476816677106
7009,0.8031889100160674
7010,0.4581523323299015
7011,0.2198796495459669
7012,0.3056818755487552
7013,1.1731141306342252
7014,1.1817159041930998
7015,1.5060244927556141
7016,0.3570591954415386
7017,1.1318584771309719
7018,0.6076656186410356
7019,1.2609278052778279
7020,1.35522901760264
7021,1.3702072500623461
7022,0.8232427656477519
7023,1.466822497669327
7024,0.22366796865434382
7025,0.7441406148495401
7026,2.178247244836031
7027,0.8704906563518664
7028,1.67573433877871
7029,1.206578957398981
7030,0.7589003569960394
7031,1.3844428979359655
7032,1.4268018412505006
7033,0.7100597213593831
7034,1.391237255739695
7035,0.4570083489716543
7036,0.6680221677771803
7037,0.5212298031597083
7038,0.38784982779109833
7039,0.9570681443860762
7040,0.5965989620003276
7041,1.9259599132246341
7042,1.0926932939043128
7043,1.3609578195123762
7044,0.3246797600199089
7045,0.42603153206582933
7046,0.9920730300184069
7047,0.6196259325510078
7048,1.231779195687332
7049,1.2289379296959937
7050,1.251504468150696
7051,1.1320904786326487
7052,0.9998325568332453
7053,1.0927007356759366
7054,1.71650275263834
7055,1.5471753972042541
7056,0.5766112052117696
7057,1.2351321645901856
7058,1.0271123669273992
7059,1.2582049191367184
7060,1.4531909799107559
7061,1.524409843382717
7062,0.49088380462958625
7063,1.101587363369156
7064,0.8969558422796251
7065,1.1263455842030998
7066,1.0102207240009204
7067,0.10955519824053431
7068,1.519689045713268
7069,0.3487422505986012
7070,2.027283788293996
7071,1.3113727508943827
7072,1.697258445999462
7073,1.647973668603338
7074,1.598356579486231
7075,1.6791032084080002
7076,1.6500371392640631
7077,1.1793999661577423
7078,0.7154698421598147
7079,1.191424664992045
7080,0.8340897762384532
7081,0.8361476983365839
7082,0.4139747200035744
7083,0.8830396993403636
7084,1.0150892549373656
7085,0.22270505136021262
7086,0.7180118494849852
7087,1.2499634869517935
7088,0.8538406033257515
7089,1.648766861792396
7090,0.9402425903951029
7091,1.224229500846894
7092,0.47427020675397424
7093,0.6118332559365942
7094,0.4476303478487047
7095,1.1003320785245045
7096,0.5021095143271719
7097,1.1950031445113911
7098,0.5931190338393657
7099,0.746446803726053
7100,1.5392578835877357
7101,1.1185609664764176
7102,1.0825065615970564
7103,0.6509682389054523
7104,0.4639890479140045
7105,1.8104856019080369
7106,0.26525787110554033
7107,1.5122274818533517
7108,0.0882810148592865
7109,0.7559323351813253
7110,0.6429795808620968
7111,1.8491076216345814
7112,1.4273596959127925
7113,0.1726903045781245
7114,0.10550405135253241
7115,1.973634199144393
7116,0.5289969656070659
7117,1.2772974701574404
7118,1.3083728233195222
7119,1.588137522285249
7120,1.878232285187071
7121,1.329808679993422
7122,1.3768115432600214
7123,1.554880967461675
7124,0.8497560092525636
7125,1.5205795554066022
7126,2.0182761483631877
7127,1.4283749554854563
7128,1.0724013671327395
7129,0.5967552809439358
7130,1.7943283278001207
7131,0.5161431925420901
7132,1.5212541343098063
7133,1.2429626736010408
7134,1.1534467406655087
7135,1.0920469063144194
7136,1.6338216220923598
7137,0.37530642275015563
7138,1.507781336171146
7139,1.4231743208175558
7140,1.7677280632477728
7141,0.9090779869376884
7142,1.236037231186657
7143,0.29900823889578865
7144,1.4449050769286433
7145,0.06707271082187577
7146,0.37877060516241934
7147,0.5545939266985406
7148,1.4919390559472798
7149,1.5148625189932703
7150,0.4910188360901353
7151,1.4128090400021245
7152,0.1306227022765259
7153,0.869329699488478
7154,0.14977169576148228
7155,1.0913266473772183
7156,1.1498807764881478
7157,0.5397596949744154
7158,0.955627527136136
7159,1.4018588940171517
7160,0.4959310364076741
7161,1.3472024675377057
7162,0.7602207253880156
7163,1.3188329600918904
7164,0.3557959258187389
7165,1.1601701704445948
7166,0.485239197847825
7167,1.1687912770585194
7168,1.1917130557463802
7169,0.5123899631506943
7170,-0.007360571480846359
7171,0.7766777498835568
7172,1.165310039508006
7173,0.614865002593463
7174,1.061854557126758
7175,1.5201139679122002
7176,1.550841455548024
7177,0.31058038572915125
7178,1.0202636733431705
7179,1.4983920276338374
7180,1.6415735263951936
7181,0.6003955367579753
7182,0.2977957295819963
7183,0.651821499034072
7184,1.3452193849808491
7185,1.138377376578634
7186,0.683716685209467
7187,1.1109142529668636
7188,0.5119331450679487
7189,1.3232426835812143
7190,0.8482598005967703
7191,0.5991143628513813
7192,0.9594546479286307
7193,1.331981031452784
7194,0.41119554972946193
7195,0.3707327591013322
7196,1.0030233715765753
7197,1.0499038854287144
7198,1.0757330477177485
7199,1.9368072979161353
7200,1.2781580619301671
7201,1.9049201524286972
7202,0.41826647983945936
7203,1.5152209191596935
7204,1.103804106188062
7205,1.7052546881890094
7206,1.0264724270533314
7207,1.5507381540994012
7208,0.07137147996536924
7209,0.94336726531643
7210,1.2948175659929502
7211,0.366363040349552
7212,0.8344960035255529
7213,0.9152067860210169
7214,1.507412075268106
7215,0.5168035695090835
7216,0.9554225314923133
7217,1.2090349417667516
7218,0.3928495985352791
7219,1.7848464094332104
7220,1.1970054629738434
7221,1.920562321675097
7222,1.014726603148178
7223,0.17698865365336192
7224,1.39806161469824
7225,1.0018353591318518
7226,1.9485769199591405
7227,0.5205810698027004
7228,0.10649450090081986
7229,0.9375781261063348
7230,1.55890704931465
7231,1.1349557125905543
7232,1.1724417880921028
7233,1.440026048445159
7234,0.9248039424183119
7235,1.505472079158243
7236,1.1534800714710114
7237,1.336279771118792
7238,1.7732859404700712
7239,0.9408420358171387
7240,0.5596786237460318
7241,1.3107266318390771
7242,1.5839456322288052
7243,1.2130965590579683
7244,1.4622718590130517
7245,1.2839141457125374
7246,0.7197151278785305
7247,1.7133659067397855
7248,1.3185144578358228
7249,1.0725855155688575
7250,0.852741793844522
7251,0.23967527676785935
7252,1.2095795817345807
7253,1.5225966626605492
7254,0.2849542370786149
7255,0.6801177234402627
7256,0.8392005489811554
7257,0.4163772130386458
7258,1.4723633065079935
7259,0.7654814824582834
7260,1.3469033350928825
7261,1.5235514174265203
7262,1.048441587968748
7263,1.0469573504136327
7264,0.49350999938220186
7265,0.515814139716185
7266,0.8675078483839973
7267,0.37761108519911607
7268,1.5416961473885147
7269,0.4069529998361481
7270,0.982058738442877
7271,0.7243022202490319
7272,1.1490822615912901
7273,1.3101290133873535
7274,1.017786337228622
7275,0.43797671906039537
7276,0.4644494407941515
7277,1.459637705570114
7278,0.48171447167807013
7279,0.5293699996145209
7280,0.6645808353524061
7281,1.9998763914726103
7282,0.5443363493717422
7283,0.9448807806244366
7284,1.9547248079988728
7285,1.2627006808103391
7286,1.6350841571345684
7287,0.7232298916970166
7288,1.5578334180074835
7289,0.28718228137135066
7290,1.1733961585734303
7291,1.5248721455130647
7292,-0.08297672086448907
7293,1.3314069304355671
7294,1.1259029978843256
7295,0.5116037697794005
7296,0.2548760321568829
7297,0.4226903664540463
7298,1.1458971315397548
7299,1.0714406970503119
7300,1.2220390638997862
7301,1.1699281213253474
7302,1.8063094413998129
7303,0.5549076696982488
7304,1.457647958178432
7305,0.8531992463588124
7306,1.3520612787434834
7307,0.8722888742820744
7308,-0.39340907612632564
7309,0.41391538312133025
7310,1.6062319637976685
7311,1.0261560301209778
7312,1.1997831962208578
7313,0.6434919065065356
7314,1.8460417268680378
7315,1.1175047449634259
7316,1.6305777416991853
7317,0.6291512726356647
7318,1.0443083679463667
7319,1.3697501033976507
7320,0.5067079347370409
7321,1.3316815134808062
7322,0.09992074221672509
7323,1.4947014193327584
7324,1.758861078064509
7325,1.23000110053986
7326,-0.30338495775331353
7327,0.9725602191385389
7328,1.297354918125849
7329,0.343517747450045
7330,0.9908820700936442
7331,0.773879627304926
7332,0.5734077453662033
7333,1.7626138401452378
7334,0.28919276977680647
7335,0.42591937573102057
7336,1.7937415115834145
7337,0.43279819510651163
7338,0.8118584690475398
7339,0.7172568647688944
7340,2.040778946205405
7341,0.6505538464631441
7342,1.2113458244134645
7343,1.2055264479580141
7344,1.0591682604061887
7345,1.3502398038623034
7346,0.8907260298441955
7347,0.4190797133853496
7348,1.2557776805496836
7349,1.1128762098367722
7350,0.6707593463876994
7351,0.4250472411707258
7352,0.273390044943367
7353,1.2052692667990261
7354,1.2215311274499108
7355,0.4475890968549372
7356,0.29344731224247417
7357,0.25430927942446263
7358,0.8594719517746505
7359,0.6667448959229011
7360,2.260661045839589
7361,1.1557106372059822
7362,1.1188444990177937
7363,1.8528205690026758
7364,0.951145411406454
7365,1.1721785747907312
7366,0.5766363383236619
7367,0.42174368693592573
7368,1.1137014596673682
7369,0.4925165503140726
7370,0.3772812845050365
7371,1.313862696983629
7372,0.7540449188943756
7373,1.2541739578772932
7374,1.171336226870527
7375,-0.20201131344551135
7376,0.6669479778794134
7377,1.2956134635717622
7378,1.2137121546237994
7379,1.727301117443556
7380,0.93965821538101
7381,0.5899998925925054
7382,1.1979565618979862
7383,1.5391499646967013
7384,1.4575496722217585
7385,1.735721937456054
7386,0.7477181109969981
7387,1.6971196651803568
7388,0.15246225281824158
7389,1.054775133088171
7390,0.050136727263085656
7391,1.2251062972851718
7392,1.0176758413924663
7393,1.8201548786756332
7394,1.461385400138099
7395,0.6765944249388348
7396,1.8254664020725961
7397,0.04363337867786432
7398,1.075452908597682
7399,1.2360843240616746
7400,1.352034129831106
7401,1.0961928986826024
7402,1.2367925003605325
7403,0.15426732878397428
7404,1.331207303111154
7405,1.679632190930009
7406,1.0180493813253177
7407,1.657308733802021
7408,0.35459531129500255
7409,0.5731428171644719
7410,0.6218308901699414
7411,1.5432434110846025
7412,0.5406928340434027
7413,1.4619105912816672
7414,1.013493302939687
7415,0.8842440463399781
7416,0.38719640057124227
7417,1.329990685568529
7418,0.1805361782478436
7419,1.1436929090949817
7420,1.307883990389281
7421,1.2796267312063367
7422,0.9851082603460892
7423,1.4035885204671
7424,0.9348114069043438
7425,1.1525136496777608
7426,0.6040257511443956
7427,2.002701234718184
7428,0.6885349363058172
7429,0.6603577723956735
7430,0.2796800298194363
7431,1.0041983466767368
7432,1.6312205224313006
7433,1.666404319636603
7434,1.0867855749143391
7435,0.33773685457825553
7436,0.8197702942716639
7437,1.3072756531353231
7438,1.1709402142410568
7439,0.054579916958646
7440,1.2482014391639449
7441,1.1388918871086218
7442,0.6971883192918061
7443,1.2803539480274557
7444,0.27300684950806914
7445,0.7153330498650108
7446,0.42453157975068356
7447,1.8841585340819984
7448,1.4904522956943518
7449,0.7436530723531443
7450,0.540188233188844
7451,0.45020815575383644
7452,0.5995268464830519
7453,1.2635788970462498
7454,0.6499937405144574
7455,1.731381223026397
7456,1.2981575622649923
7457,0.29767960399829135
7458,0.3890963124834822
7459,0.4495142309288779
7460,0.5256439731397426
7461,0.4147292290026231
7462,1.4706115661135712
7463,1.0295791184537553
7464,0.5210174661641841
7465,0.8173664499052307
7466,1.2049950085685683
7467,0.968808789021645
7468,1.0174885405488028
7469,1.1739257054228815
7470,1.3757908096306781
7471,1.9590440310830353
7472,1.1933504712926528
7473,1.7362892540413237
7474,0.9244454726333595
7475,1.0909785080414058
7476,0.18258117646887315
7477,0.713564027058016
7478,0.514872863752942
7479,1.154732322163498
7480,0.9452570495495303
7481,1.157029974499995
7482,0.9540211304026003
7483,0.7570764595100292
7484,0.5145877513352538
7485,0.7174082881790866
7486,0.7949127557327775
7487,1.301224870258316
7488,0.8004625786054117
7489,0.46660722737713595
7490,0.22718894765119446
7491,0.97625538329891
7492,0.27451113907991165
7493,1.139852127364792
7494,1.5045505763993465
7495,1.6623821035653021
7496,1.722274590233757
7497,0.7910135490604041
7498,0.6534238266822139
7499,0.8900280138167731
7500,1.112059327888993
7501,0.29185860115808077
7502,1.0827709173157662
7503,0.6970149203589093
7504,1.1306038238351552
7505,1.356589889564896
7506,0.5978571264163887
7507,0.45770150846775337
7508,0.11407691128525158
7509,-0.05546267505546004
7510,1.4577439097067542
7511,0.6035138318552025
7512,0.6741377311722089
7513,1.4684640799487547
7514,1.3265656458466313
7515,0.4332650966953202
7516,1.3025653688781929
7517,1.2210334461959045
7518,0.3140552511945741
7519,0.38352861482725664
7520,0.6849268943591692
7521,1.4615045662385189
7522,0.4104980792939241
7523,0.5487364078494507
7524,0.8626225698740275
7525,1.041272080970204
7526,0.6493226309128332
7527,0.8775280451202021
7528,1.0365440999140572
7529,0.5453289300743251
7530,1.0517583541274702
7531,1.3056877223119046
7532,0.4263827820265398
7533,0.5300858211463038
7534,0.5341164888852048
7535,0.17615028429041862
7536,0.5673305416146043
7537,1.2923596839813825
7538,1.6857432530537546
7539,1.4706964319588811
7540,0.7131523162185744
7541,0.12379858177151737
7542,0.4213178714905603
7543,0.20749784247374403
7544,0.6472558969962253
7545,0.9525534041939854
7546,1.4781248739188089
7547,0.6233003033312439
7548,0.3559817084460385
7549,0.2875417747989547
7550,1.1401918829416924
7551,0.63046573196246
7552,1.2716827669875879
7553,0.3673783008081165
7554,0.839325366208116
7555,1.4063706236692708
7556,1.338545120589718
7557,1.7233736920889517
7558,0.7243757169553409
7559,0.5832719265016186
7560,0.7695463056063743
7561,0.5269206841598432
7562,1.1027340637383758
7563,1.358923237532235
7564,0.5357738118933735
7565,0.6539312893703301
7566,1.0016890486943624
7567,1.3262255695325407
7568,-0.0892606947566382
7569,1.4972621045288106
7570,0.6987651810104993
7571,0.21676254229775926
7572,1.1268295678303482
7573,1.0027846298088594
7574,1.1424076077047953
7575,1.0380786449091297
7576,0.7091038156646552
7577,1.0297321485546909
7578,0.9774437612827241
7579,1.6505232638111318
7580,0.9805385677023806
7581,0.9841606910520542
7582,0.038937157131389954
7583,0.8772802758617174
7584,1.43993889016873
7585,0.4684500593788987
7586,1.1634183666892288
7587,0.8356459905976225
7588,1.5010769399447774
7589,0.5264699693828099
7590,0.3702018025393786
7591,0.5671078663354071
7592,1.8040411270501637
7593,1.072712516545438
7594,0.5802754403132826
7595,0.7378435383386611
7596,0.20679649410803352
7597,1.2678283935501486
7598,0.8223915718711007
7599,1.8187268666407719
7600,1.1884866772969218
7601,1.1676338018497119
7602,0.9689153244135775
7603,1.7402825904956825
7604,1.0777489881795694
7605,0.7805859543156433
7606,0.19514143864858668
7607,1.4196209554299686
7608,1.6481157302304053
7609,1.1758782049377676
7610,1.101205311372691
7611,0.9318547617644828
7612,1.056851273995759
7613,0.49447496871477276
7614,0.8982551535450266
7615,0.9953606728426161
7616,1.2899593849812994
7617,1.422231226630145
7618,0.42709154962794166
7619,0.5828535394028727
7620,1.230458410752652
7621,0.7205953853771143
7622,0.9911135125578066
7623,1.205477597339564
7624,0.6382942679622257
7625,0.6563437815839117
7626,0.9601089357078136
7627,0.16373569001010946
7628,0.32411451649402623
7629,0.15273462669690877
7630,1.5893726751172146
7631,1.4331341615658593
7632,0.3371593330487206
7633,0.777484427239164
7634,1.3749580802686245
7635,0.4252600962186884
7636,1.2561647309315371
7637,0.42925449801018717
7638,1.71042341856085
7639,1.585499044245779
7640,1.402017052661913
7641,0.885399248336108
7642,0.3549708568085325
7643,1.0935820844286086
7644,0.9087455237918907
7645,0.6139397914991838
7646,0.8978481397048501
7647,1.4613950324599074
7648,1.2070285701270245
7649,1.5607993054186005
7650,0.6754772079304994
7651,0.588710145801896
7652,1.2781274867329073
7653,1.8828853222317736
7654,1.1210994790517144
7655,1.4408862426230036
7656,0.4914525098893451
7657,1.6783762223471204
7658,0.2547975747740129
7659,0.4973849779683387
7660,0.5752771450462405
7661,0.547047932202
7662,0.951443889357115
7663,0.6118296878496063
7664,1.3545959056938235
7665,1.1219952259614014
7666,0.535443068293553
7667,0.6362040250783394
7668,0.3512545719297029
7669,0.8771770141979951
7670,1.1230412261456122
7671,0.5501473733419574
7672,1.59679983028618
7673,1.258010166752579
7674,0.6320504469294141
7675,1.2159993729003717
7676,0.4316366875507726
7677,0.5538686466367866
7678,1.4358352813160944
7679,0.8626707831640686
7680,0.42251282461750334
7681,1.2174815793907598
7682,1.1593273057702573
7683,1.1489525055617138
7684,0.5186357532689865
7685,0.13085805679247253
7686,1.212363551976214
7687,1.1015074424444693
7688,0.5311698848791231
7689,0.539641109866349
7690,1.0409238218208905
7691,0.6370456895086013
7692,1.1840616395009596
7693,1.4751273981924267
7694,0.853424739552912
7695,1.020371301221409
7696,1.3208431029320518
7697,1.4960072587081519
7698,1.1440990617785676
7699,1.478502456035062
7700,1.3678625750977327
7701,0.708157971901302
7702,0.9095357059907999
7703,0.9675655872493916
7704,1.4775983609578414
7705,1.222556726774054
7706,0.5981486624120809
7707,1.3460948647900564
7708,1.7433682207209142
7709,1.6558010917976036
7710,1.0253480192130642
7711,1.3826376050863673
7712,0.2197219119969555
7713,1.7137225432824215
7714,0.7360715897134966
7715,0.7152674631997356
7716,0.5629391935634993
7717,1.0481553977830669
7718,1.0926767999123521
7719,1.3824734376279904
7720,0.29518006383420514
7721,1.1107312596174603
7722,1.4167676254724677
7723,0.719747401962976
7724,0.5454769622740688
7725,1.080783164574405
7726,0.6942651709271477
7727,0.8081499141065567
7728,0.8256991815480692
7729,0.9527670448299912
7730,0.598855596113667
7731,0.3023768615536834
7732,1.047355310952723
7733,1.0092650499436675
7734,1.533018389818425
7735,0.8262771243390796
7736,0.2745593361234174
7737,0.9816148578931388
7738,1.1159963920583005
7739,0.7836410907454344
7740,1.577087192996053
7741,0.4432674015355546
7742,1.2432945652424732
7743,1.981030922949021
7744,-0.0981852559204619
7745,0.5670996200926702
7746,0.25924988481450706
7747,0.25334232521700245
7748,1.6957549989229892
7749,0.6635405396466665
7750,0.5381828449492683
7751,1.0739789635676902
7752,0.5534829171581637
7753,1.4124740584458828
7754,1.2388804392559056
7755,2.011875247151169
7756,0.16047062978613988
7757,1.1123070947328304
7758,0.28159245672605243
7759,1.6999082966968186
7760,1.0796612411938393
7761,1.57350028568713
7762,1.6917543137114808
7763,1.1255410670985468
7764,1.5360410093936507
7765,0.4478189802934089
7766,1.0979149915600652
7767,0.9539676588427293
7768,0.5016617386396156
7769,0.8158721841383049
7770,0.6397574383933293
7771,1.922245653822562
7772,1.1771851197444847
7773,1.4842119025345792
7774,0.8937633651734129
7775,1.65304931614474
7776,1.1957384228102446
7777,0.8257140134932435
7778,1.0892263881121245
7779,0.39517381954244357
7780,2.1710639435497705
7781,1.2224656480354548
7782,2.2550163100576874
7783,0.6985659951141776
7784,0.903048591113873
7785,1.1656781470713264
7786,1.2133894437437707
7787,1.1152882028296123
7788,1.4297681068275536
7789,1.4082869201823842
7790,1.4580845626018135
7791,1.0966975262104375
7792,-0.23758195099311913
7793,1.6862923687798563
7794,1.0734201418327654
7795,0.8303327928183508
7796,0.8228673420659692
7797,0.4310751260029044
7798,0.8702649244902235
7799,0.8627502704948913
7800,1.3174155293040046
7801,0.31906918503805204
7802,1.4288861359513845
7803,0.17565909851128605
7804,1.407108506717108
7805,0.6175702830595196
7806,1.0726083190549673
7807,1.0619851176659239
7808,1.363008900482697
7809,0.6461967376369949
7810,0.8905585332506798
7811,1.4088194280827908
7812,1.526973375983249
7813,0.8163050536968348
7814,1.1289299263261563
7815,1.021484889282221
7816,1.2403119698455627
7817,1.1618566529532457
7818,0.8677931532571823
7819,0.8424300029115517
7820,1.1885372299361356
7821,0.6895026940740451
7822,0.9645995537456791
7823,1.0114644597082694
7824,1.532564591765143
7825,1.0009426525612828
7826,1.2687452625760856
7827,0.5386940981302026
7828,0.5507237805223281
7829,1.1638864992330133
7830,1.796652365840842
7831,1.3440849765243374
7832,0.7022603217904647
7833,0.7741464349852101
7834,1.612313450346624
7835,1.1693946411267742
7836,1.6776348253842075
7837,0.2377828869335896
7838,0.9008169787504012
7839,1.5227563834793236
7840,0.26894231778645533
7841,1.8946142033825257
7842,0.49087359054852675
7843,0.4322794080142334
7844,1.4761487688893364
7845,1.8172675649254773
7846,0.8630927195114677
7847,1.2408797238918619
7848,1.2389619681173323
7849,0.8619194195774336
7850,0.9120884194255682
7851,1.2721843948387264
7852,1.0140707615542293
7853,0.34021705862993945
7854,0.8251904958687029
7855,0.27035983794483387
7856,1.273516686848887
7857,1.02663338984009
7858,0.801385719711335
7859,1.3319728672959243
7860,0.5295154335934005
7861,0.7159925858249998
7862,0.5684250029862641
7863,0.9113903274204991
7864,1.0299237109327892
7865,1.0456897252787363
7866,0.5745804174561258
7867,0.23369035924569348
7868,0.41107428557649645
7869,0.6990937875887072
7870,0.6624395957507946
7871,1.2126781622802731
7872,1.3952927461386713
7873,1.004846336927414
7874,0.8864299691862885
7875,0.6663186549810622
7876,0.437642840488022
7877,1.052237694205965
7878,0.7119661883479274
7879,2.060274867146082
7880,0.7772341628687647
7881,0.9247255491714574
7882,1.0245052228278992
7883,0.6305383126604034
7884,1.0230743426628803
7885,0.3741593450649737
7886,0.9305064273913903
7887,0.6919487942919896
7888,-0.08637027181772006
7889,1.4279109751011845
7890,0.9346240055325548
7891,0.7724814568227755
7892,0.607923293885685
7893,0.9118123755726106
7894,0.789001822385583
7895,1.257023806827996
7896,1.2621199180782914
7897,0.10969621830003476
7898,0.5507390975288424
7899,0.5701415826328791
7900,0.8370326372140702
7901,0.46536152424409194
7902,0.7451517634129695
7903,0.5899303650472786
7904,1.2226603523335884
7905,1.7306522776512354
7906,1.307549371672048
7907,0.7135237397609075
7908,0.49781163527880073
7909,0.9940427419680844
7910,1.7938457345237873
7911,1.076930840737989
7912,1.139886086635764
7913,0.024044557614409316
7914,0.8953568674010793
7915,0.8835351068561379
7916,1.7171341423192676
7917,0.6110712901606177
7918,1.1465070456706075
7919,1.4867109241144423
7920,0.498782846016598
7921,0.6981460035988283
7922,1.5444873796231282
7923,0.6679770544072483
7924,1.2427944421715615
7925,0.8339411333793213
7926,0.8627232937175767
7927,0.5785546884393032
7928,0.5010767720724407
7929,1.0903664683583973
7930,0.5965849407233312
7931,0.5871177693960565
7932,1.0156454370926773
7933,0.9226771348046576
7934,1.397864165319263
7935,0.8645577470935188
7936,1.2216440420890953
7937,0.9004585181880714
7938,1.1937480481876013
7939,1.552069800793849
7940,1.1485479264198724
7941,0.5411770366969131
7942,0.3599206481487658
7943,1.3721617210523345
7944,1.3114197478156053
7945,1.4273518048464435
7946,1.438872796163703
7947,1.1412219416938334
7948,0.567920484462634
7949,1.5718236724310262
7950,1.6237945562088085
7951,0.6034748860279444
7952,0.7398918297016691
7953,1.0314924929372196
7954,1.0809148206026016
7955,1.133302945924597
7956,0.7947756840988325
7957,0.8477153246533949
7958,0.9676481346180872
7959,0.7695307529688242
7960,1.527029188003144
7961,1.6831041285623194
7962,0.9104943927761551
7963,1.5127942537640275
7964,0.6684003806183968
7965,1.3697213886654
7966,1.2819484936875316
7967,0.6355716856250362
7968,1.278840297848644
7969,1.6468772745094906
7970,0.10730674366592391
7971,0.573746892706283
7972,0.18814695606303583
7973,-0.2080902684523215
7974,1.1506245442705552
7975,0.8142134375784595
7976,1.4184648343247166
7977,0.8451271104664915
7978,0.38847966704413706
7979,0.3985861758091631
7980,1.26799437685058
7981,0.5687601822293005
7982,1.0265175828297868
7983,0.5920742088406605
7984,-0.14502971638250794
7985,1.760752619628975
7986,1.5953546322192698
7987,1.0088576542354981
7988,-0.15606749109249501
7989,0.65685449126368
7990,1.4508968205733757
7991,0.48710415252309314
7992,1.0309916052995194
7993,1.4740513495381304
7994,1.1978938626613895
7995,0.58176020311925
7996,1.0592449977513758
7997,1.1539786795517815
7998,1.127666779687033
7999,1.1121036643930813
8000,1.2090609902000349
8001,1.1220807644625996
8002,0.9916017285971325
8003,0.3955850655135206
8004,1.4029038865614507
8005,0.26600195975957375
8006,1.378925370669366
8007,0.9916052718632455
8008,1.123830947867427
8009,1.3361376323327874
8010,0.8076852179042955
8011,0.06554859152492126
8012,1.6732208622304747
8013,1.9789462963878364
8014,0.7097379436716478
8015,0.1808614929452937
8016,1.2681670175123032
8017,0.7660602832259804
8018,1.2982221057840844
8019,1.5941050420296081
8020,1.6427568870773936
8021,1.512544238913228
8022,1.1447237059022184
8023,1.1259461706989953
8024,1.4203206106072592
8025,0.5580001866892641
8026,0.48875002467544326
8027,0.7396322393883585
8028,1.8128515502972904
8029,0.38896014090456316
8030,1.7277553030636301
8031,1.6002530833335191
8032,2.102618035654584
8033,1.417416518934361
8034,1.1059518136592095
8035,0.8139067725269329
8036,1.6627929727065247
8037,0.9496825173156014
8038,1.2415449902367315
8039,1.915062250538303
8040,0.02274711565771498
8041,0.49467855450968673
8042,0.8896417865943956
8043,0.8873575838714332
8044,0.18743848787828238
8045,0.7690612118493623
8046,1.2613467048924192
8047,0.24129335998623708
8048,1.5147198803826951
8049,0.4571732045966881
8050,1.4110215864382802
8051,0.4398533004141101
8052,0.16377014464892306
8053,0.38100526390843287
8054,0.38862457306866793
8055,1.1550716536441856
8056,1.3828050378220942
8057,1.1937714355489262
8058,1.2683234666598078
8059,1.7995771776191793
8060,1.0746426323324703
8061,1.0971447232371128
8062,0.6560519523183224
8063,1.1658539105903007
8064,0.7656203275697123
8065,0.8241792536089155
8066,0.9121690991278593
8067,1.1492948620724515
8068,0.5782606421773993
8069,1.2850572921745966
8070,1.741567495805573
8071,1.1307586203650002
8072,0.6601260858232079
8073,0.9043948752774622
8074,0.8140573042631674
8075,1.4597073128153306
8076,1.002703462960978
8077,0.04657540543754696
8078,1.198345730571683
8079,1.3185684956401087
8080,0.5252899419914698
8081,1.4567430053807455
8082,1.0741569684414483
8083,1.7233049287575724
8084,0.2838135727102655
8085,0.7526492467909778
8086,0.7437393674520414
8087,1.6383714833743062
8088,0.4304576007920407
8089,0.8732556552830055
8090,1.135516227637347
8091,1.4819205228350871
8092,1.438587666082963
8093,0.9694430648865322
8094,0.42125305846502326
8095,0.6893723984188763
8096,1.8993356555329983
8097,0.29883514421161483
8098,1.6631041818563606
8099,1.7192587599464582
8100,1.3115838906886528
8101,0.5506657462505365
8102,0.40386468750317517
8103,0.4371869033434704
8104,1.317242678668098
8105,0.829457688717988
8106,1.7205236054048212
8107,0.8428774322972893
8108,1.7671188609725577
8109,1.1412648837866344
8110,1.5933385025843063
8111,0.5216569430946122
8112,1.4723526528455957
8113,1.6258895092590084
8114,1.3947111279320903
8115,1.182044623659579
8116,0.5947147651563148
8117,1.3166957884578971
8118,0.7429245459400426
8119,0.6406503330942586
8120,1.7603199661664384
8121,1.5504423526880198
8122,1.6093159596825697
8123,1.447129243791753
8124,1.7205029175136066
8125,1.789894620612219
8126,0.6892322056566587
8127,0.24781085479993514
8128,0.9974198991315846
8129,1.031730748178273
8130,1.8935683121329494
8131,0.5497048177473703
8132,0.2607089595825449
8133,1.1111124550497276
8134,0.3528431819481321
8135,0.7727467760559887
8136,0.632429420599891
8137,0.6683222530491726
8138,0.6552317234933254
8139,0.5998433168812441
8140,0.6028158037798783
8141,1.0221999530764994
8142,1.2042324559908035
8143,-0.07537103401369327
8144,1.428795249382505
8145,1.09845225636169
8146,1.1106291051684112
8147,0.33593284185049965
8148,0.8279100167517754
8149,1.247672659707844
8150,1.5332211870666028
8151,1.0408491496272076
8152,1.4106068109056853
8153,1.957887894325319
8154,1.0753258606206668
8155,0.6055014734791737
8156,0.8661292448681178
8157,1.1215125279482092
8158,1.2102171260966743
8159,0.8377404632085041
8160,1.246333167133046
8161,1.1849702489966776
8162,0.4522362726465982
8163,0.6518129854787217
8164,0.5997945496983352
8165,0.6725740957678128
8166,1.2501316772503626
8167,1.1499873929005526
8168,1.0593081283543728
8169,1.0754827895121823
8170,0.6342099766424599
8171,0.7546557031379713
8172,0.5921028951032086
8173,1.2744411402535725
8174,0.5145978062771992
8175,0.8694710987134029
8176,0.3389579902846948
8177,1.5501309116476625
8178,0.8216023541426352
8179,0.7417936366714719
8180,0.6447924156834286
8181,0.7824917039820691
8182,0.3821566047830879
8183,0.6415922804575223
8184,1.1776087137890365
8185,0.9944716962677964
8186,0.6957361677832344
8187,0.5684431448448998
8188,0.5957405822207816
8189,1.612560519684609
8190,0.35054226656435905
8191,0.5739693263017963
8192,1.2361554976948026
8193,0.7963753944624908
8194,0.2614507861917187
8195,1.0163531478773753
8196,1.5307241547112853
8197,1.3251797370905072
8198,1.2290097160208382
8199,0.2603916054683797
8200,0.5507494769425878
8201,0.949775300485298
8202,0.295778852777709
8203,1.0960797138673013
8204,1.0011037196341033
8205,1.1294777546566217
8206,1.2705794789953098
8207,1.105353069335113
8208,1.1650289754336276
8209,0.5363189167826128
8210,0.9941853494959998
8211,1.6416046232327868
8212,0.7870913882575421
8213,1.653650341536986
8214,0.5771697321959516
8215,1.1869421956907926
8216,1.4823035071540716
8217,1.4927123277088834
8218,1.10677393029719
8219,1.1865492226725012
8220,1.4302124278575672
8221,0.635017453189575
8222,0.7125744598735918
8223,0.4617725088387616
8224,0.6719997247490022
8225,1.8163383204541863
8226,1.4394189220624403
8227,0.8892698409479999
8228,1.237981992407616
8229,1.4350086752427362
8230,0.32592312935706996
8231,1.0489252632326225
8232,0.9401832020961964
8233,1.559290007470831
8234,1.3213326488089785
8235,1.3887047061893818
8236,1.0450031592887914
8237,0.29243852689065286
8238,0.7607849539686087
8239,0.3876567670678038
8240,1.350826498346275
8241,0.1953570625117256
8242,0.550615687120121
8243,0.08516345805042394
8244,0.6991502586511018
8245,1.773478978851989
8246,0.8968693167782882
8247,1.0344176217471723
8248,1.0226443065540547
8249,0.5774507563625169
8250,0.38924837723552963
8251,1.4360455431270938
8252,0.3984286904180857
8253,1.8527861934234646
8254,0.8545615476321083
8255,1.374858537307748
8256,1.1830948703978654
8257,0.8655885081006822
8258,1.6402596240506986
8259,1.111722905742429
8260,0.692277469414246
8261,1.4791266925259816
8262,0.523432240822319
8263,0.8183593613728619
8264,0.7816725186410786
8265,1.52628062627452
8266,1.7283559806798245
8267,0.8122128996772838
8268,0.33193888681770145
8269,1.1253286081264833
8270,1.1748343626267888
8271,1.0720910714968668
8272,-0.49369616613149475
8273,1.335470932384164
8274,0.34055609820708005
8275,0.4706040258515004
8276,0.4312754427483311
8277,1.0030222720262447
8278,0.6675126509728402
8279,1.3665966209626845
8280,0.4672726811223078
8281,1.5204244086456078
8282,0.8806398529220243
8283,0.5788089510996135
8284,1.3412403155264838
8285,1.262380743360707
8286,0.5541570464431296
8287,1.1340689589188913
8288,1.1903562945392228
8289,1.6801327590538269
8290,0.20546196481401124
8291,0.4576810691021233
8292,0.3468215586907415
8293,0.6449400279088398
8294,0.3882171860671916
8295,0.9039243481963721
8296,1.9083522171092158
8297,0.4507645725662841
8298,0.8840498906594956
8299,0.6395278232365619
8300,0.3147701321762403
8301,1.294246315670238
8302,0.3233637429875101
8303,1.0704055015389038
8304,1.3465041854138668
8305,0.7719503231405823
8306,0.4828815616259843
8307,1.4154603823881655
8308,0.8974880353134443
8309,1.632325185117323
8310,1.2964498797787185
8311,1.091559506489335
8312,0.9431775925584196
8313,0.9131867721818545
8314,0.7990100287676567
8315,2.001326835828264
8316,0.6444358713157989
8317,1.319534395756548
8318,1.124623334059646
8319,0.23730696769980603
8320,1.4654799418755928
8321,1.183708627031654
8322,0.8848196159517622
8323,0.6262303336359663
8324,1.1970923271377225
8325,1.1084881551034842
8326,1.6142317730451157
8327,0.5725654529820919
8328,1.2460812332968274
8329,1.1382615311428839
8330,1.060124863885186
8331,0.13354891690878212
8332,1.4727756594598438
8333,0.912701131771083
8334,1.55070169456725
8335,0.32163381730675666
8336,0.3864601795463803
8337,-0.05923186772123912
8338,1.2269967788832807
8339,1.0365019453997555
8340,1.196916585499694
8341,1.1469732822083503
8342,1.0203181185398418
8343,0.8351987003394509
8344,1.2372565618979938
8345,0.6000873401049311
8346,1.5232840240756806
8347,1.4303832800793086
8348,0.35427461213748246
8349,1.5111653023808032
8350,0.4255343620096156
8351,1.0194571603770628
8352,1.2416940093464413
8353,1.6792552211587615
8354,1.1868242556776905
8355,1.0965254707537093
8356,0.42297077171329456
8357,0.6851689375545749
8358,0.29253220923653284
8359,1.0212433505323246
8360,0.5956945007749075
8361,0.46469015581400597
8362,1.3752601664652704
8363,1.1261952626384732
8364,1.2832820092777513
8365,1.1798136152239993
8366,1.2718529538420509
8367,0.8680694999578903
8368,1.3758881979262305
8369,0.8030790335661966
8370,0.6248258828841655
8371,0.5382866038965909
8372,0.8197860107990727
8373,0.5929706153704973
8374,1.8086490976280194
8375,0.6302933681907432
8376,0.9946650186883792
8377,1.2102383119836437
8378,1.4741294608021347
8379,0.6414219761253707
8380,1.0193685413877889
8381,1.5836055279781232
8382,0.919126346190517
8383,1.703838263814556
8384,0.5076014894689418
8385,1.2583128320291832
8386,1.0700860330379387
8387,1.0671366233671442
8388,1.0987648678342041
8389,1.4431600444469779
8390,0.8337287673150223
8391,1.3847180229488814
8392,0.7557597703311268
8393,0.728436709071291
8394,1.1561566978077722
8395,0.8719146563284539
8396,0.6752289056358937
8397,1.853292751489389
8398,1.5167487449360317
8399,0.9214203186694656
8400,1.6704716075286128
8401,0.8848253787580266
8402,0.5045137669022574
8403,1.0055760271678669
8404,1.0048837900437837
8405,0.7295625009320577
8406,0.7240563072481461
8407,1.8267309454888885
8408,0.5675640883899635
8409,1.690766110538926
8410,0.4012003127415605
8411,0.7590121757409378
8412,1.5557171822620133
8413,1.2500644250232134
8414,0.6702978716287162
8415,0.8111094600522413
8416,1.4074537790658501
8417,0.39927611536332697
8418,1.646038817962424
8419,1.4170830383467008
8420,0.9520529946510838
8421,0.5707396388098046
8422,1.0199210385251072
8423,0.8367731891982821
8424,0.9228119391065694
8425,0.4412465536893492
8426,0.6520884059852561
8427,1.3605133921749488
8428,0.6659580382161515
8429,1.216612565675576
8430,0.7780039742665192
8431,1.414756842925617
8432,0.5804988791181385
8433,0.6322323581081468
8434,1.5244524663578778
8435,1.3701569740357726
8436,0.933160636790014
8437,1.0808871816991577
8438,1.3621108215272768
8439,1.354468075746809
8440,0.940472218816315
8441,1.4468335869285418
8442,1.4839870137301816
8443,0.7765042429098408
8444,1.3635529357126879
8445,1.5061916507767115
8446,0.7628345831648264
8447,0.5944804840925502
8448,1.8381902447103875
8449,1.3215185697021767
8450,1.6752811259967522
8451,1.0499262786411876
8452,0.6666863498008423
8453,1.3528699536641686
8454,0.5736506267731929
8455,0.8420503567465356
8456,1.1418962059014948
8457,1.8224002844190108
8458,1.8803594424389014
8459,0.9953380250582955
8460,0.5273045264848623
8461,0.7068885504598866
8462,0.271543128348347
8463,0.13405264007668466
8464,1.8126065557439128
8465,1.244668029869815
8466,-0.00526084318069979
8467,0.9838434287228768
8468,1.05294574449119
8469,1.657675210061567
8470,0.346377821970736
8471,0.41796308943271343
8472,0.8722090317871245
8473,1.8637258564469814
8474,0.32191702780633286
8475,0.18645167652502384
8476,0.8646898691791847
8477,1.4182938328273718
8478,1.965997692114529
8479,0.8181198852472211
8480,1.2353783324028065
8481,0.13200641441389074
8482,0.1548636630053522
8483,1.5358436153411512
8484,1.6537531612701404
8485,-0.4233172870032259
8486,1.2153538058854385
8487,1.3126686626784063
8488,1.4668618166384342
8489,0.817978224651112
8490,1.1941675928729802
8491,1.1769668108630928
8492,1.3316235519443
8493,1.2561444923879606
8494,1.4275441260321524
8495,0.5599024243149003
8496,0.6032027450292501
8497,0.4951154859517512
8498,1.4763264472611293
8499,0.2706398705569735
8500,0.5625295589691188
8501,2.0046235933327363
8502,1.2301055344988254
8503,1.0512411330924314
8504,0.7379522760290839
8505,0.5565168775758519
8506,1.7403502683448426
8507,0.48391667417347906
8508,0.4017281238736901
8509,0.8815331057544159
8510,0.34491229353047026
8511,1.2034214759155473
8512,0.8793428217358916
8513,0.5581505087352477
8514,1.4630187159283383
8515,1.6445914856228132
8516,0.9473082045883978
8517,1.2016586709367671
8518,0.4441096780997428
8519,0.4831653689474221
8520,1.2697159016799144
8521,1.5546666214252465
8522,0.9682869979712923
8523,1.0633444676173558
8524,1.0605610701136667
8525,1.1659364547289925
8526,0.7009829424410278
8527,2.1784544415545732
8528,0.7935264111994746
8529,1.53931995416277
8530,0.7735646471288191
8531,1.261646517837282
8532,0.8810916941646377
8533,0.4165217622073672
8534,0.6384406218601748
8535,1.0871897221827225
8536,0.5367249266812226
8537,1.3488204428748034
8538,0.7265174635098488
8539,0.911104196648498
8540,1.4482495298336522
8541,1.2336511121237133
8542,0.5630512374560293
8543,0.7454669092686865
8544,0.8481679356783733
8545,1.0891134303704355
8546,0.40577463629669297
8547,0.36626310722483235
8548,1.1983795244396613
8549,1.0259965131861746
8550,0.719829033163335
8551,1.6998624460214855
8552,0.42332051432764817
8553,1.5585309114248198
8554,0.6350394292511993
8555,1.1438696301846552
8556,0.2422158356892792
8557,1.4170200397807602
8558,0.44748310541991276
8559,1.9299124336702764
8560,1.777976251156682
8561,0.4880835490129545
8562,1.191783155435154
8563,1.054047731469291
8564,1.363951776485922
8565,1.2237222883806953
8566,1.0333413380031418
8567,0.8254526874027854
8568,1.244270319457442
8569,1.355126407055474
8570,1.310592322391766
8571,0.9427654688359526
8572,0.47529217665000545
8573,0.5767473667004257
8574,0.3430514027863642
8575,1.5169702584219689
8576,0.7344680356832449
8577,0.427010705532802
8578,0.39727923176074637
8579,1.7232606313518717
8580,0.7932067948104925
8581,1.3304110326062035
8582,1.025393408298005
8583,0.44679578038339396
8584,0.8312520442256377
8585,1.305324761444322
8586,0.8696949691061748
8587,0.6736200364441927
8588,1.6234663915728587
8589,1.414949664372414
8590,1.2568195144602963
8591,0.6782214844952796
8592,1.5354487489934026
8593,1.5328017394041242
8594,1.169388764457718
8595,0.6839678880713924
8596,0.6503418320152845
8597,1.6029165375763466
8598,1.2590665359507964
8599,1.4665018342989111
8600,1.0025418997143634
8601,1.6133564365710094
8602,0.5624881913593864
8603,0.8902666565186619
8604,0.4713980903295719
8605,0.6955742327372999
8606,1.0724998369030725
8607,1.2041527891434423
8608,1.5330717614314602
8609,0.16361505677016253
8610,0.483063958126407
8611,0.6983600250493223
8612,0.45158129101301103
8613,1.3630296081709208
8614,1.505219042947977
8615,1.0272941819567725
8616,0.767684641694538
8617,1.1397363528389095
8618,1.4251201517687453
8619,1.435922942006008
8620,0.8026111052267313
8621,1.2552966532006404
8622,1.1946449454239367
8623,0.8017711108949184
8624,1.6145565763070406
8625,0.9087329140226428
8626,1.0582192906848933
8627,0.6211442877115477
8628,1.231412842997019
8629,0.7164442533429085
8630,1.5364618802198113
8631,0.3726623775146374
8632,1.6706635866464556
8633,1.3410672844748444
8634,1.5108933588437146
8635,0.2863212046265431
8636,0.8456161520905792
8637,0.9801378549107931
8638,0.33416698149765817
8639,1.075757936296137
8640,0.7040482349492929
8641,0.6755240135399949
8642,1.350478085730934
8643,1.0650133491984342
8644,1.0377787265420122
8645,1.642716184829903
8646,0.7667938296771225
8647,1.0218795456900502
8648,1.2016226090714173
8649,0.40361474060878255
8650,0.5348294734699752
8651,1.1975013544239905
8652,0.7633292816022512
8653,1.0961956339286156
8654,1.5051036652432652
8655,1.051148975944107
8656,0.7883070310815935
8657,1.0848807939736187
8658,0.8408625177811337
8659,0.6257778063526244
8660,1.066768755662455
8661,1.6424152310941071
8662,1.4589004903254492
8663,1.2195284023506692
8664,1.0833057334119918
8665,0.5434051448628645
8666,0.8368536393687479
8667,0.3742605874073034
8668,1.5388693544063283
8669,0.9330917986784679
8670,0.377242452705585
8671,1.0228775976832825
8672,0.5004479812693584
8673,0.7645743312657648
8674,1.2349912212807421
8675,0.8930700131248483
8676,0.8431378633949331
8677,0.3218771717571383
8678,1.0759054311504657
8679,1.7667670011597991
8680,1.1774885219576035
8681,0.9550463245688773
8682,1.0143765196706336
8683,2.112922732881053
8684,0.4464095903557588
8685,0.2882456530095748
8686,0.3107215543632179
8687,0.7021017214195724
8688,1.6368491158846648
8689,1.0996861309789618
8690,1.4351598704853559
8691,0.1434721954807137
8692,1.774117479860494
8693,1.1108108459717294
8694,0.6321880895932177
8695,0.40036344339510627
8696,0.7549136335575086
8697,1.452786497471624
8698,1.1720918391177833
8699,0.7801105712772922
8700,1.7500312279422507
8701,1.2840760141187186
8702,1.1166403174118773
8703,1.1604183182441123
8704,1.3974416992770216
8705,1.8149774896110478
8706,0.9614878609652875
8707,0.8019400881872651
8708,1.0497132913558596
8709,1.2361254906487709
8710,0.901767077598651
8711,1.6699282379104736
8712,0.9717273894732019
8713,1.0918667015315635
8714,1.5416170924066273
8715,0.7812410233659239
8716,0.3138266992222472
8717,1.8581160456460415
8718,0.059926185725948156
8719,0.3000577656039446
8720,0.6985153363049713
8721,0.9915582741746294
8722,0.870009980640934
8723,1.5439869332629395
8724,1.4370435203912613
8725,0.5341150745317267
8726,1.330320970991104
8727,0.6100205272353441
8728,1.097286690296107
8729,1.2693845433184345
8730,0.7905858397612334
8731,1.6035770964716223
8732,1.1274776981817725
8733,0.2226994413150492
8734,1.157027994057817
8735,0.754808194215428
8736,0.7204385196416401
8737,0.5500456356989594
8738,0.19619474667369927
8739,0.3933522803948893
8740,1.4819117813057237
8741,0.6882845352721308
8742,0.6243087830283969
8743,1.242869822661474
8744,0.5507085770044547
8745,1.6718111547354022
8746,1.205815771606947
8747,1.263617156523655
8748,0.2751838174799992
8749,1.7656212621085698
8750,0.8299497654310368
8751,0.9832534063022053
8752,0.9725348448612059
8753,1.6808355449391896
8754,2.0982113347169142
8755,0.611427781456338
8756,0.6586160420238751
8757,1.3583188602807215
8758,1.1861281843754874
8759,1.4797596950859249
8760,1.5070905765151137
8761,0.8339927561979801
8762,1.9503389955936061
8763,1.4501428491778272
8764,0.7386508933740571
8765,1.068230622882451
8766,0.432760976290621
8767,0.1692845131173995
8768,1.0357467806099745
8769,0.6702604573349545
8770,0.8257025073982726
8771,1.041594454165226
8772,0.5857552963356317
8773,0.9669435885498875
8774,1.2281953976666191
8775,1.3967910133124253
8776,1.175933564660022
8777,0.8954398078329551
8778,0.47868416568938665
8779,1.1505107331014288
8780,0.7138097434657331
8781,0.4679767144407564
8782,1.2118369677080665
8783,1.0597551257648647
8784,0.8792988394720402
8785,0.04463121533039838
8786,0.5508805838261785
8787,1.2159773370065845
8788,1.979551892886772
8789,1.0008649951839705
8790,1.2441686045372244
8791,0.6246449906981781
8792,0.5004790495516008
8793,0.49668389102918853
8794,1.0712436272440853
8795,1.1846116522079668
8796,0.4341404722771719
8797,0.4898575540063476
8798,0.9813535349749007
8799,1.3792102901219645
8800,0.998164248607055
8801,0.46905622750211273
8802,0.7704735732319659
8803,0.44113609956388866
8804,0.6354448168510133
8805,0.44775503544261896
8806,1.089560877116638
8807,1.07830062132166
8808,0.5780750672215116
8809,0.5817728783976186
8810,1.043091971575323
8811,0.5048610789665557
8812,1.2230487958069154
8813,0.9763040085601429
8814,0.3833716522108839
8815,0.3883072265405464
8816,0.9760080458902483
8817,0.9234407095941399
8818,1.5760244844335904
8819,0.9472726622562497
8820,1.7535806812634815
8821,0.5015413239772925
8822,0.9748977844321158
8823,0.3147219916852201
8824,1.2757204829925932
8825,1.665555661102553
8826,1.7369674599418796
8827,1.6067446743160159
8828,1.2157053030310216
8829,1.15830860697489
8830,1.9543207269296854
8831,0.3996061548161618
8832,0.9919027701142717
8833,0.7923206164253399
8834,1.1641273552988052
8835,1.3524022390218864
8836,0.541772053588617
8837,1.0328489931469336
8838,1.009519273859332
8839,1.4473055647364088
8840,1.2029623467619466
8841,1.3767650953173867
8842,1.7004658387643388
8843,0.6863380875745909
8844,0.9778898266639962
8845,0.5416239573158534
8846,-0.2857810548698967
8847,1.0137076947196106
8848,0.44572238217603966
8849,1.0139871862792253
8850,0.4886416851120035
8851,0.1890904209078522
8852,1.0733492696683404
8853,0.5237334841702873
8854,1.204176386352267
8855,1.031924663719596
8856,1.632595020679343
8857,1.4866305847025003
8858,0.6721566113456947
8859,1.791103008286151
8860,0.8780720566881371
8861,0.7748656897382726
8862,1.3566960395836452
8863,0.45752560473380544
8864,0.3032370752344748
8865,0.674978819802811
8866,0.8224544741040003
8867,1.3877475123223662
8868,0.27677196635993984
8869,0.622236869646852
8870,0.7133437331969354
8871,0.31549000472279587
8872,1.4561852361410759
8873,0.5773358393028785
8874,1.2251919620366334
8875,1.3085933111080248
8876,1.0641701815357207
8877,0.5419736981506991
8878,1.6157899782322036
8879,1.2992039538561948
8880,1.542556143752256
8881,1.2796745129804439
8882,0.9498424990178695
8883,0.3598433024189683
8884,0.6925842515695082
8885,1.2152473913401745
8886,1.133869649207596
8887,1.0342630783706301
8888,0.8014341915880071
8889,0.4799794777913359
8890,0.9973759571091719
8891,1.6842803096386934
8892,0.4935690422355908
8893,0.5509753216944426
8894,1.345665042733314
8895,0.835806010327244
8896,0.5335538319565278
8897,0.5700397759345353
8898,0.767080693682376
8899,0.06548213665146368
8900,1.607410995299051
8901,0.4864021081389661
8902,1.533154164167109
8903,1.160948114123025
8904,1.2293433861424612
8905,1.1141844854023542
8906,0.578587054831425
8907,0.9552264823281742
8908,0.7154025300373419
8909,1.2498254306549146
8910,0.8395059387780699
8911,1.523036990058166
8912,0.7189180403322619
8913,1.273798508498531
8914,1.0609366064801304
8915,0.6841439661410363
8916,0.9092368564693178
8917,0.28514870349611005
8918,0.5371022083658921
8919,1.37896850087676
8920,1.1989143392894972
8921,1.6603441356117479
8922,0.5376255648541424
8923,1.0174994669560853
8924,1.063709018553058
8925,1.3288502785775185
8926,0.8524542812453552
8927,0.5076637028624262
8928,1.5394826503340702
8929,1.4009758847998097
8930,1.3358132484110001
8931,0.5970460373554257
8932,1.370625742479341
8933,0.30387492082941114
8934,0.8879931285253947
8935,0.2715999572016141
8936,1.3036039310950884
8937,0.6282246882930382
8938,1.1639971065500332
8939,0.626185718216163
8940,0.5493942067211407
8941,0.6208506595679555
8942,0.8164473586105813
8943,0.8581486283021139
8944,1.366348368542023
8945,1.595515263367288
8946,0.8403190805711094
8947,1.594196397564055
8948,1.219405942351444
8949,1.951157284701229
8950,0.5119254879282533
8951,0.31307138628978887
8952,0.7346671885558848
8953,0.3850961779101918
8954,0.6509251352870211
8955,1.0938638710235904
8956,1.4629562616474565
8957,0.2769926938716805
8958,1.2617670592163461
8959,0.7763219973574513
8960,0.808999160378857
8961,1.9839778414530516
8962,0.013681408334119793
8963,1.008542856467384
8964,0.7648121881590073
8965,1.5113577075211042
8966,0.6047161206565932
8967,0.7943665323163357
8968,0.8315473994002132
8969,0.9296762642025639
8970,0.8874365571878392
8971,1.3955458497082591
8972,1.3920043294909124
8973,1.8960684731155213
8974,0.5022209812067336
8975,0.8957890725928603
8976,0.6063928118490458
8977,1.032057137473738
8978,1.2625122032727734
8979,0.42556349332705845
8980,1.0474668964378915
8981,0.33677846659746763
8982,0.3732517717642626
8983,1.013336973729995
8984,0.3103622519411273
8985,0.5722181650620723
8986,1.6080706993450555
8987,0.5115181360526038
8988,0.8816308705045991
8989,1.0679825482779821
8990,0.44886618316441335
8991,1.958893086872753
8992,0.43286754977384106
8993,0.9330713817013467
8994,1.9053209746133648
8995,1.3976625771374955
8996,1.1924328852458745
8997,0.861979033619432
8998,0.8858455898986608
8999,0.8393299477046201
9000,1.7043181149620414
9001,0.6138419009178643
9002,0.7452834623475544
9003,1.0918752264594684
9004,1.4283561742309254
9005,1.4608376399555203
9006,1.2929785755748697
9007,0.5535435678145586
9008,1.2639833862095502
9009,1.768057987315818
9010,0.38061314559442
9011,0.5885792968502117
9012,1.3719836066869373
9013,1.5064869161741679
9014,0.42396431688846736
9015,0.28486810232654514
9016,0.9898124059919085
9017,1.1050093680199748
9018,0.630958854010203
9019,0.46333694448094676
9020,0.40379637442541505
9021,2.017249781011058
9022,0.41436405233850904
9023,1.2687943500335157
9024,1.5850945630894948
9025,1.2210905700354173
9026,0.40680828082852083
9027,0.9132307631483474
9028,1.319442145010731
9029,1.2258134409869486
9030,0.6261720571923322
9031,1.1454113431783346
9032,0.5732955587911475
9033,1.621460739630141
9034,0.6234412552076793
9035,0.9627351216545097
9036,1.779280509865738
9037,0.5009982787754176
9038,0.9799498732588765
9039,0.5586125273178588
9040,1.8329449108871547
9041,0.4324574805345114
9042,1.0296342374193324
9043,0.29132132624729024
9044,1.0387913499378287
9045,0.5227602027123512
9046,1.4528830402145805
9047,0.4282405452612666
9048,0.4704715037229552
9049,1.1819875438622176
9050,1.7327719485726387
9051,1.3841834830209196
9052,1.2877709716617327
9053,1.3399550942294665
9054,0.8354857053436521
9055,0.7733804617497516
9056,0.46645941874822444
9057,0.6583341813009207
9058,1.2101117988067762
9059,0.6898262305301651
9060,0.3597051488290507
9061,1.7189431661125516
9062,0.23232205735811418
9063,1.1201690509120872
9064,1.9672931226308137
9065,0.8581699696675467
9066,0.6617409317005016
9067,1.0557543941160248
9068,1.4270661662061501
9069,0.5630461704666815
9070,1.4193517953681594
9071,0.9728738575870646
9072,1.576061019535551
9073,0.8602993818332645
9074,1.2932112122085195
9075,0.15479705776943825
9076,0.22281018197167873
9077,0.4927264692206921
9078,1.3932156306644836
9079,1.306851021537328
9080,1.3723894576247702
9081,1.2599748011517686
9082,1.8354425070361406
9083,1.82947323001647
9084,0.6676292448496132
9085,0.5260398685110323
9086,-0.26806746820323296
9087,0.8336807160046644
9088,1.1254697912357263
9089,0.5366556382704897
9090,1.1584852236453984
9091,0.45431948751242235
9092,1.4927407186278565
9093,0.5632950404193967
9094,0.35787365863803033
9095,0.947086743805705
9096,0.9553950575943571
9097,0.6711803335382228
9098,1.2707930789480821
9099,0.5373885306865746
9100,1.239806296493811
9101,1.3925336563603885
9102,0.9983555566741648
9103,0.3985771957451625
9104,1.010862788664325
9105,1.240131258382926
9106,1.2664388979851993
9107,0.9754054263862443
9108,0.14311658848947123
9109,-0.568113392597556
9110,1.028610673736456
9111,0.736471942365549
9112,0.5136626673106466
9113,1.5293618616045555
9114,1.4713584440227594
9115,0.46707770026369655
9116,1.4491798188931984
9117,1.4676287728308421
9118,0.9403385104491558
9119,0.8997782527131992
9120,-0.2998792580358754
9121,1.777901038895263
9122,1.2108572852163482
9123,1.2714276622653393
9124,1.1340881068902327
9125,1.2889467173763975
9126,0.525054032528109
9127,0.20620475763567328
9128,1.009025929538793
9129,-0.2276888305180969
9130,1.6799915153567255
9131,1.1440481260403903
9132,1.1236569796043516
9133,1.1152370684267743
9134,0.6994988039418358
9135,0.8486146663845975
9136,1.0994752132191752
9137,0.4324795812876474
9138,0.5340359071690568
9139,0.4874615652544756
9140,-0.10070341689250342
9141,0.8863839973796296
9142,1.0995368721820287
9143,1.448743251395458
9144,1.4275390590762682
9145,0.5995528468837183
9146,0.4012138752670684
9147,0.6118872781431302
9148,1.4165827995174434
9149,0.3397647446949527
9150,1.0039651030369938
9151,1.1435966473574997
9152,1.0467138710019586
9153,1.331772713621851
9154,0.7947355251801949
9155,0.35691510593982145
9156,1.1323687644358453
9157,1.23556096087394
9158,0.3776585139479983
9159,0.48419306086401637
9160,0.9003996066474728
9161,1.1639069129369968
9162,0.6306092052681664
9163,0.8260852611255423
9164,1.0937501121835354
9165,1.9541175765013266
9166,0.8995765342001083
9167,1.1717954565078454
9168,1.565023814096321
9169,1.0736845901036371
9170,1.0697679241002076
9171,0.3280114101315351
9172,1.334674916947855
9173,1.831703736276598
9174,0.415385371492343
9175,0.47627552346398205
9176,1.3820392758669924
9177,0.8698209012507616
9178,1.1956839464390892
9179,0.7126330066068658
9180,0.34529006574657173
9181,0.5503381054179854
9182,0.5512492146231794
9183,0.5004541681295528
9184,1.0615879260626806
9185,0.877017453671227
9186,0.6461352568696803
9187,1.2615208798563993
9188,1.436485337428462
9189,1.0742973175085397
9190,1.0125282970741745
9191,1.1325908614464466
9192,1.3035002849929835
9193,0.7148859941000887
9194,1.3000451865507676
9195,0.3319756380485443
9196,1.9039551837794564
9197,0.5649072867195011
9198,0.6195969163375529
9199,0.5402746184467426
9200,0.7198523121278665
9201,-0.4083440311869318
9202,0.7733062484834227
9203,0.31969206793223237
9204,1.3879156259231196
9205,0.9349727974510017
9206,0.5141620911105445
9207,0.8801058911926221
9208,1.0515536167103638
9209,0.8959039833384255
9210,1.8854425015227965
9211,0.9829885978029637
9212,0.6329440829570684
9213,1.1351279367386526
9214,1.4537756789094813
9215,1.2351971531354746
9216,1.3449080509045013
9217,1.4483318698224146
9218,1.255888742722988
9219,0.8700870463087387
9220,0.4575248203708508
9221,0.7597073249710175
9222,1.2179488346824847
9223,1.0612167803437993
9224,1.4242184498154375
9225,0.3767044434056237
9226,1.1489386592509319
9227,0.9485069913323652
9228,1.4589140757020358
9229,0.8949829502652058
9230,1.240945154887047
9231,0.28590831823035256
9232,1.3196640035308027
9233,0.6950586857587406
9234,0.46553225377729857
9235,0.4836974608380199
9236,0.936868627758996
9237,1.6197768625218094
9238,0.4695357579018168
9239,0.6071297315579167
9240,1.271463811047828
9241,0.3838540286077278
9242,0.6004059538393116
9243,0.48748212445886935
9244,0.23938896088180336
9245,0.8067990944371903
9246,0.5854186577894066
9247,1.8609967198437598
9248,1.4046584520430034
9249,0.7807855089771023
9250,0.7538516750046347
9251,0.901499870555063
9252,0.02763142684489256
9253,0.7643924436326401
9254,0.7435750322662731
9255,0.49049327458203895
9256,0.620520388291891
9257,2.0194842937930364
9258,0.7350626353774276
9259,1.6073809116640745
9260,1.1538643145577596
9261,1.1962508998311672
9262,0.3443152312682324
9263,0.616986807889131
9264,1.023055457414632
9265,0.4540753514297954
9266,0.5886452689591661
9267,-0.3932470884846508
9268,1.4066534981723775
9269,0.3182289495624774
9270,1.0967690310863256
9271,0.9947991663702465
9272,1.8169635532597086
9273,1.3361183779829218
9274,0.3333133097616811
9275,1.416165760967134
9276,0.9437824306653654
9277,1.8752287255417035
9278,1.217632467156073
9279,0.10841512487086002
9280,0.9205847868599156
9281,1.4747858667528266
9282,0.5470404144541897
9283,0.757960731571291
9284,0.7893578747037064
9285,0.6810512652094105
9286,0.932735811582065
9287,0.44697645704479944
9288,0.2042633945703951
9289,0.28447311421172916
9290,0.358683295478067
9291,0.33273020437416184
9292,0.3311343236776088
9293,1.304337384652793
9294,1.4832668617928078
9295,1.4839810209702264
9296,0.6318302290206761
9297,1.6009176619746857
9298,1.4464973337684375
9299,1.0809130161228333
9300,1.0802486651333603
9301,0.9347764539639762
9302,0.7214579567840659
9303,0.6583883698350613
9304,0.6361514023301319
9305,0.3805879565083144
9306,0.6688114483434742
9307,-0.15025254487768525
9308,1.0449365275931672
9309,0.3552555298800484
9310,0.5488057166921586
9311,1.6596751433076844
9312,0.22346154891632758
9313,1.2752999768057796
9314,0.6403376374352305
9315,0.5337112314193561
9316,1.6802238872462718
9317,0.8903468968704185
9318,1.8346313177489455
9319,0.15230224873960974
9320,0.9241714311362256
9321,0.4770997486101334
9322,0.5547838593097888
9323,0.460996086009906
9324,1.1308003288922406
9325,1.3358457525761467
9326,0.4582074958664436
9327,0.8675564428219503
9328,0.17976312195700395
9329,1.2649886812542295
9330,1.5202599951939062
9331,0.521480783108883
9332,0.21104088552747693
9333,0.6047888698318726
9334,1.4438878529965677
9335,0.873383038057181
9336,0.7527272409194483
9337,1.4221718021005727
9338,1.1710737169288756
9339,1.0117662597040105
9340,0.01602698597918001
9341,1.2503332005251144
9342,0.35425492295595745
9343,0.8847424688356014
9344,0.7561764654110987
9345,0.8842922091141259
9346,0.5655932601950384
9347,0.9292451324365183
9348,1.2950778219983903
9349,1.38805387959267
9350,0.9387753882797527
9351,0.9950289314896534
9352,0.32873038245795
9353,0.39272002829654706
9354,1.1695928645360765
9355,1.6049291838258881
9356,0.5957356244784915
9357,0.3117569880929886
9358,0.15945538920221913
9359,1.2238678256434141
9360,1.2649911475325073
9361,0.5318064850093103
9362,0.4517490417391118
9363,0.6058319816784399
9364,0.765956617999753
9365,1.085639308715951
9366,1.3867295667678903
9367,0.48236801133019336
9368,0.25957699952395047
9369,0.5736522348239401
9370,0.6098563946846662
9371,0.45378917551982767
9372,1.181037959840821
9373,0.6995618340607794
9374,0.8718750612549245
9375,1.8623093711282972
9376,0.5107044333038206
9377,0.21480709036802345
9378,0.841208498268873
9379,0.8098219464103391
9380,0.014823833991209567
9381,0.9405111578441165
9382,1.4550970951621327
9383,0.6279749886315549
9384,0.5988695880306066
9385,1.0932232756569955
9386,0.9075975817793825
9387,1.1706257105662792
9388,1.3327908194624405
9389,1.3542973330234367
9390,1.1778181848136264
9391,2.1596636370444684
9392,1.3121975439228994
9393,0.9169833286444025
9394,0.6609938826730237
9395,0.6641693899087543
9396,1.4299769049356308
9397,1.1488815520292004
9398,1.2643208116626057
9399,0.9213023956167165
9400,1.2559809350757776
9401,0.769649469072648
9402,0.3730099150765289
9403,1.1446626907109299
9404,0.6731200816153999
9405,0.07036551494106452
9406,0.448155283838183
9407,1.210458611752776
9408,1.4123598775007222
9409,1.1343168369343193
9410,0.3922631471870579
9411,0.3471604682294402
9412,1.9044475857187302
9413,0.27171595367017143
9414,1.563935419012105
9415,1.804305628472819
9416,1.2814225786240514
9417,0.8131471167349698
9418,1.5839911286109427
9419,1.6337250544288495
9420,1.2292785826521122
9421,1.6976796876392006
9422,1.0877420870196903
9423,0.9978522408092598
9424,1.2296733205277919
9425,0.895893925188596
9426,0.9380735278327961
9427,0.895845837780319
9428,0.661493595479056
9429,0.9507142729517033
9430,1.1293589202194307
9431,1.890578408648118
9432,1.2729514919151772
9433,0.7838450723389266
9434,0.4222464274502969
9435,1.0041294358792312
9436,0.8927118619119366
9437,0.6101553310513874
9438,0.6289460535064071
9439,0.9720814620588427
9440,1.10902282770083
9441,0.3871929455024104
9442,1.335376355217854
9443,1.9204281929793094
9444,1.0668418426629809
9445,0.2875668258019038
9446,0.592967103749117
9447,0.6213945751454153
9448,0.5792953500059201
9449,0.6444690826988165
9450,0.6553668880183277
9451,1.294867961964652
9452,0.3774088477456464
9453,0.5081985926957125
9454,1.2180714651246716
9455,1.3616523023754965
9456,0.5019967544241171
9457,1.1554235789908587
9458,0.5268049770270568
9459,0.8565720162247334
9460,0.9830924892031023
9461,0.6141511304653575
9462,1.3037598945541828
9463,0.4825995385653208
9464,0.5801580373618107
9465,1.3235180793054941
9466,1.2676396611790757
9467,0.8045856584932354
9468,0.35494208315276726
9469,0.965510768016038
9470,1.0666896459629764
9471,1.1153415822251826
9472,1.9282430359301421
9473,0.9446390696559717
9474,0.8093569047217247
9475,1.3112039596903502
9476,0.2939371505925513
9477,0.31977160234088736
9478,0.9172621363774648
9479,1.003102162120911
9480,1.0764184141429574
9481,0.7576722815360428
9482,1.0532945496007424
9483,0.7186794643555712
9484,1.7198849883648144
9485,0.738301918014638
9486,0.7560234387975352
9487,0.6364912467527872
9488,0.6380274763477858
9489,1.000096232596442
9490,0.2708289452923292
9491,0.2878920782214619
9492,0.929723371553443
9493,0.36918681275322435
9494,0.8928831546807318
9495,1.1256108602446964
9496,1.3011554740113997
9497,1.3864227550517487
9498,0.6655062310982435
9499,0.964174814012771
9500,1.0227113941400796
9501,1.2074228405073282
9502,0.37363596621296674
9503,1.2772084781843671
9504,0.5953931822266625
9505,0.4547571255640921
9506,1.5832143541862251
9507,1.4413628322512841
9508,1.7714209209376544
9509,0.34795111741091106
9510,1.6564204217462395
9511,1.133868555291392
9512,1.0852237093301829
9513,1.1329251556961608
9514,0.3474589992798525
9515,0.5872505855612352
9516,1.708418986329448
9517,0.31090957475312897
9518,1.2031262209479625
9519,1.8335815639257484
9520,0.3658426974064366
9521,1.3887629032959161
9522,0.9577102108382991
9523,1.0808800620558705
9524,1.26701553480829
9525,0.8073981191012297
9526,0.9094377045490064
9527,1.0097663822375282
9528,0.9953611479746434
9529,1.0875618641346279
9530,0.6929198499792305
9531,1.4237566615660582
9532,1.5273777275646263
9533,0.47710118570478793
9534,1.6446429736340085
9535,0.667239612768258
9536,1.3402446593122934
9537,0.8333564704872124
9538,0.23508921329464008
9539,0.5814546517237904
9540,0.6740087979438427
9541,2.067292597353303
9542,0.6513484069188331
9543,1.4886584714765378
9544,1.383235418731441
9545,1.3947012381253305
9546,0.35467497670462456
9547,1.4247751306792231
9548,0.8263283680838853
9549,2.0330488636882857
9550,1.2768033746347343
9551,0.9162115891964064
9552,1.6039809219785772
9553,1.6050073061650714
9554,0.9024470892627356
9555,1.5101472490993664
9556,0.36602212215497604
9557,1.022693872306062
9558,1.3709108927987808
9559,1.1190959009119155
9560,1.621281537633387
9561,0.6761354003216239
9562,1.4890158353015845
9563,1.8071597522675305
9564,1.5965079989080886
9565,0.8988682103912058
9566,1.1770768519387784
9567,1.6538975185836584
9568,0.3728500698028435
9569,1.0998131437132406
9570,1.0224179858147198
9571,1.1757763636698033
9572,0.6609209565223995
9573,0.9780198397956597
9574,1.549196741291597
9575,0.5171795569744707
9576,1.3475995934152554
9577,1.6695159709966243
9578,0.7601780464291829
9579,1.493331864823097
9580,0.5976294941355846
9581,0.651563820780271
9582,-0.03496439050421213
9583,1.4793148051568434
9584,1.0670093366858986
9585,1.626376354338875
9586,1.0612433314005671
9587,0.27355651338837
9588,0.8198916874060956
9589,1.2734601264562688
9590,1.1486487271873096
9591,1.7477572599635334
9592,1.094578757969643
9593,1.272587217829336
9594,1.1629907380635625
9595,1.0711930025304555
9596,1.617192707414476
9597,1.6220919151881539
9598,1.5243275733211243
9599,0.2779451029767191
9600,0.47561616754111724
9601,1.230020485370523
9602,0.7582407500763095
9603,1.5971790180871734
9604,1.0852896365925981
9605,0.6462451155598432
9606,1.4672139727777171
9607,1.1381215030693017
9608,1.1688433398844598
9609,1.3342661510643166
9610,0.6565966532407397
9611,1.262756970209397
9612,1.1515375155604355
9613,0.47793932556007396
9614,1.8084275019795808
9615,1.416020679009221
9616,0.9074496339928868
9617,0.666388737581464
9618,1.2008940967851434
9619,0.9520958547812226
9620,1.2769553184368676
9621,0.5477258011237587
9622,0.40262586284383395
9623,0.7696289946978683
9624,0.630115430812498
9625,0.14161007385594804
9626,0.4128993947712316
9627,0.8703890862126356
9628,1.1461538243988367
9629,1.6997733195080462
9630,1.3702607441074415
9631,1.262102500033156
9632,0.22902689909429957
9633,0.7433239972041372
9634,0.6662827879864976
9635,0.9003816732616089
9636,1.8327743887666406
9637,0.7917905110742468
9638,1.1306400268049162
9639,0.46548191049697013
9640,1.2357153670418728
9641,2.1004427695721812
9642,1.0490113849129536
9643,0.9014602504551663
9644,0.8054438026551946
9645,0.4469222840513977
9646,0.40375383132670134
9647,1.6479257084298746
9648,0.8741109004948133
9649,0.9372186684417351
9650,0.9103859175958335
9651,1.1134567156306479
9652,1.2584928402384046
9653,2.093759162467115
9654,0.8437836111619594
9655,1.8197738568443373
9656,0.5082732385146922
9657,1.1669185240184694
9658,0.5373648368996579
9659,0.4097931714244185
9660,0.38562266281360985
9661,0.3827647957814095
9662,1.3648348654167017
9663,1.0089011745210097
9664,0.5995435426629843
9665,0.7594051110050527
9666,1.051321649170803
9667,0.48095710404956205
9668,0.3533184156021888
9669,1.0571825451084098
9670,0.6531686199628166
9671,1.1288471337524413
9672,0.76638811859576
9673,1.3011125850767318
9674,0.23628333117731493
9675,0.6997281755556619
9676,1.4009376938543427
9677,0.41544056111639577
9678,0.9220634526475769
9679,0.8781434278776032
9680,0.4698759449766285
9681,0.5089740897656602
9682,0.5870699896769546
9683,1.3277246646726244
9684,1.33393422819705
9685,1.488061020031172
9686,0.8328963448561856
9687,0.46928246171066834
9688,1.0869006758684576
9689,1.3970835915288666
9690,0.631358917383491
9691,1.246167256059
9692,0.30950171974329543
9693,0.9503865402096747
9694,0.5488548398447538
9695,1.180900167528006
9696,1.2932574750142884
9697,0.523343341933113
9698,-0.1796509725471322
9699,1.200903496922848
9700,1.4138804551923663
9701,1.432442786649045
9702,0.4536086418365297
9703,0.5131429487294877
9704,0.358792045132803
9705,0.8671808342987567
9706,1.0545941933911158
9707,0.8191415840796732
9708,1.1606065160560575
9709,1.635152215204036
9710,0.32175537454490627
9711,1.3997599753950136
9712,1.4292427218690842
9713,1.2310352053354021
9714,1.9151548887670409
9715,1.1819990792884192
9716,0.8177153010685583
9717,0.538344860717372
9718,0.8057777057647624
9719,1.3136696731405446
9720,1.4816115034894413
9721,0.9185523376546079
9722,0.9263184537325871
9723,0.3512245000472135
9724,1.6725956887225681
9725,1.3826080891298678
9726,1.3671595082393502
9727,1.3299886167283224
9728,0.8962439253056419
9729,0.9726316502593763
9730,0.29147585587286257
9731,0.38507728733858554
9732,1.9096681621692193
9733,0.5857594324421909
9734,0.40822151856141076
9735,1.2832628586537418
9736,0.7100391237214164
9737,1.5639141897808044
9738,0.4969064608714777
9739,0.33301654574425343
9740,0.8577565561562591
9741,0.4658205788838512
9742,1.3599014642644198
9743,0.8977334587581579
9744,1.5190372217149606
9745,0.43916592193327564
9746,0.563048138161421
9747,0.8508973030147272
9748,1.7879026842080274
9749,1.3263115806425483
9750,1.186287544996603
9751,0.6472385321379638
9752,0.5472207405234921
9753,0.9728476851248427
9754,1.016663916409921
9755,0.32559665248149605
9756,0.14476536686509162
9757,1.0377723715353406
9758,1.0483327211642182
9759,0.6969861210966981
9760,0.2367881326420005
9761,0.5971660074639096
9762,1.4099410784695259
9763,1.3090983691077347
9764,1.062300732474672
9765,1.4523427877061428
9766,0.4792563102778113
9767,0.7865287871442523
9768,1.343731479510748
9769,0.7918713484199622
9770,1.2726061578804146
9771,1.225084267899292
9772,1.3006366117056307
9773,0.7575569241718
9774,1.6783462472999617
9775,0.6890668627238563
9776,0.1368257367314597
9777,0.9021115415818723
9778,0.34714284391503375
9779,0.39763851438026887
9780,0.9229464177060824
9781,1.5684410257537837
9782,0.5364202498872215
9783,0.467894242389442
9784,0.5206032199896664
9785,0.45423498570368487
9786,0.30857003690300394
9787,0.8041356416491384
9788,0.9558416276428199
9789,-0.10348072465021635
9790,1.1361958626254078
9791,1.812827997197744
9792,1.3072093074356537
9793,1.1399913298120123
9794,1.304778441222824
9795,1.9020759750936
9796,0.5826728030153441
9797,0.4238540996310896
9798,0.9970325381977458
9799,1.624153439312428
9800,0.40381165709413097
9801,1.6521463759669794
9802,1.0543041759554481
9803,0.5359394403713218
9804,0.7256869902978826
9805,1.3341138792749119
9806,0.5311375460465882
9807,0.9550648039770107
9808,0.3426376506819692
9809,1.2371102459383798
9810,0.9148204626330472
9811,0.6992368689787882
9812,1.2633842804389577
9813,1.3786340401989357
9814,0.6824642407822167
9815,0.8124172415647783
9816,1.1043050049543388
9817,1.7310320455279578
9818,0.8403373419941143
9819,0.47752763262613973
9820,1.7283495197899696
9821,1.971997400280216
9822,0.9670341708943739
9823,2.2063793570474743
9824,1.3695057494915577
9825,0.4405290748531415
9826,1.1913131989260188
9827,0.913881263016513
9828,1.0421854141681082
9829,1.6225970652125121
9830,0.8029619253273299
9831,0.9809563800214596
9832,0.6820891045831939
9833,0.9966143576217119
9834,1.5063147089047835
9835,1.0850977411788343
9836,0.2632150067529785
9837,0.7024239784108629
9838,0.46034110667867534
9839,1.7170410339885862
9840,1.7302992821112901
9841,0.8937772798282092
9842,1.5351519933906324
9843,1.3177374904450905
9844,0.2937457790015888
9845,0.7026375591387908
9846,1.2436074513904394
9847,1.0958003959167841
9848,1.035625311407538
9849,1.2404848349321913
9850,0.6286615828264078
9851,1.0592012173186218
9852,0.9912676293616502
9853,0.5527652155453091
9854,1.3002887138864798
9855,0.9725966130197542
9856,1.5863760185469888
9857,0.531967477122354
9858,0.45165531026948436
9859,1.3662579525893368
9860,0.24707261745370118
9861,1.0824319382634051
9862,0.611382980656733
9863,1.2693097535098419
9864,1.1127227124861458
9865,1.455537241621626
9866,1.5663521738672963
9867,1.3262011238622506
9868,1.440518455285321
9869,0.24660277119615837
9870,0.8467528740122414
9871,1.0673200617304643
9872,0.40140736063273813
9873,0.3271304111991869
9874,0.6980591955765705
9875,1.0880068411717405
9876,1.1144254402159448
9877,0.06914781400650705
9878,1.4589392342405458
9879,0.6285953725365522
9880,0.5451248553713524
9881,1.312892544488856
9882,0.8968332156541172
9883,0.8411692890576894
9884,1.7885392704799614
9885,1.1615863275152551
9886,1.4812937245855378
9887,0.4604047766049024
9888,1.508146764619075
9889,0.13229749126775345
9890,1.3398063164166212
9891,0.6750365483031902
9892,1.432756223254045
9893,0.4800880165106263
9894,1.1457616746719472
9895,1.312751801343568
9896,0.6642249259531345
9897,0.7190031997568084
9898,0.37761863332003054
9899,0.17537058722063562
9900,0.8307944043988268
9901,1.371157165849018
9902,1.5371591189330356
9903,1.7419923798459105
9904,1.1689550031896194
9905,2.059108191570769
9906,0.8639609335978679
9907,1.5283870803889765
9908,0.6275518508578977
9909,0.30678163651721546
9910,1.3363010145620633
9911,0.6390749875206032
9912,0.7006471367275561
9913,0.8733398312740706
9914,0.548948680796155
9915,0.46486325217375624
9916,0.6336983105227654
9917,0.462978866415631
9918,0.9093993619574992
9919,0.7182873104976414
9920,0.45437044166229734
9921,1.9418932940366376
9922,0.6484178918961376
9923,0.4505330858888341
9924,1.4287636061608158
9925,0.15485844916725
9926,0.3557434084526489
9927,0.5533184157690119
9928,1.3313701037629944
9929,0.7258948319040808
9930,1.0571449893833842
9931,1.4507829164039516
9932,1.0210544739949976
9933,1.2754347586691885
9934,1.0113510563084314
9935,1.3880705172054921
9936,1.4339080725867417
9937,0.42901944234079237
9938,0.8615537920340335
9939,1.5566167606796042
9940,1.5327850000858332
9941,0.45146975822463836
9942,1.2142946963547991
9943,1.682666575478233
9944,0.47646355727886525
9945,0.8509333142392961
9946,1.3674741678928182
9947,1.1506634202304529
9948,0.6342468287907355
9949,1.0143265388595089
9950,0.5782417481001166
9951,1.6295057659943222
9952,1.5871927304927869
9953,1.7353913946909998
9954,1.3065633855238639
9955,1.3416234738462096
9956,0.4138092652888123
9957,0.9464063886241265
9958,0.650908607080214
9959,0.6509939912589767
9960,0.32767838465623617
9961,0.7039177040344093
9962,-0.08967845102065969
9963,1.5652348511726157
9964,0.5542442799529255
9965,0.525825633876304
9966,0.16295570179349808
9967,0.19834569048109324
9968,0.6090251811199016
9969,1.218767176341729
9970,0.7049805110146599
9971,0.9776871379134154
9972,1.1805918341583435
9973,1.038636513967292
9974,1.1345087728625751
9975,0.5081635952916194
9976,0.9223902684084552
9977,1.2799810724614415
9978,1.4301600589020556
9979,0.48006651387986027
9980,1.0828130759981323
9981,0.8924805305556094
9982,1.3531802638933499
9983,1.2686872555502609
9984,1.8599367009117964
9985,0.9792931378332741
9986,0.597449200830266
9987,1.0328631016645327
9988,0.3498164199646728
9989,0.8142223569427106
9990,1.3101179979464077
9991,1.1385685123647926
9992,0.20416007576105258
9993,0.8672814063831835
9994,0.24250380517617232
9995,0.772146943678474
9996,0.6178414478220607
9997,0.8134281455508734
9998,1.4893511929332146
9999,0.5897639166183881
10000,0.23177110485316596
10001,1.005170503252022
10002,1.439844546276881
10003,0.9370869656239333
10004,1.1260772037393765
10005,1.116966731321545
10006,0.7715877796579219
10007,0.8391700453828954
10008,0.6787406099932596
10009,1.3892419557684454
10010,1.2521521113771592
10011,1.0192074345417776
10012,0.5837151156266889
10013,1.0097146083431858
10014,0.8624167739402273
10015,1.2113687214478293
10016,0.5748005045647698
10017,0.7188879575565534
10018,0.4217383057157034
10019,1.1576221130286588
10020,0.46124499987000056
10021,1.4271625828650858
10022,1.6282584038203032
10023,1.9908756340991014
10024,0.8788458868708926
10025,-0.10208477188854237
10026,1.2233443511146944
10027,0.5203248976840135
10028,0.6254731234540151
10029,0.17434187671079115
10030,1.528995395825615
10031,1.7166318281835868
10032,0.8851673243336962
10033,1.220968999724253
10034,0.7127965251837027
10035,0.7217623808513939
10036,0.486127152489619
10037,1.5665310697213992
10038,1.3131456121123901
10039,0.8507385724460199
10040,1.2854211979796855
10041,0.39190695635857764
10042,1.5510176340383959
10043,0.8733426185634094
10044,0.9231936576162099
10045,1.2069856851658094
10046,1.3050847500831781
10047,1.4508641981879293
10048,1.304540838859468
10049,1.5662761102338258
10050,1.1715845896828003
10051,0.756155258183609
10052,0.14861947374832393
10053,1.0442107633623776
10054,0.7078061644654317
10055,1.0505261193839117
10056,1.792124738363958
10057,0.8942679602108394
10058,1.2185898365951453
10059,1.601637583291284
10060,1.6219038755479445
10061,0.9935591235780441
10062,1.149973940535348
10063,1.366149090782161
10064,1.0692156837153375
10065,0.2900930444256398
10066,0.8980141230139755
10067,1.5571972629417672
10068,0.7650197760023744
10069,0.379058923605208
10070,0.5812532714985189
10071,0.6094112120072851
10072,1.4897321437970978
10073,1.0915472209604822
10074,1.03792345646784
10075,0.9227988367951201
10076,0.7837412461903833
10077,1.095097231625243
10078,1.194125835746453
10079,1.1190487534103948
10080,0.97636938715069
10081,1.1811793613770356
10082,0.8851684172893783
10083,1.3493937620262828
10084,1.317385995691872
10085,-0.08793326544612727
10086,0.7787706431047509
10087,0.9617681566367584
10088,0.35049013727055495
10089,1.5350382986762516
10090,0.18675145265763426
10091,1.2418861706316582
10092,0.9212758760067928
10093,0.2823531242110935
10094,0.8167527845259414
10095,1.3165198017423474
10096,1.3255612329458484
10097,0.7386128755153164
10098,1.0765024695776682
10099,0.4070912348862792
10100,1.1970319153053628
10101,0.48302746817836073
10102,0.5456837452116499
10103,1.5292434044899599
10104,0.5067427039452831
10105,0.48627718619712135
10106,0.7126843778058192
10107,1.9067367133490234
10108,0.9311641857228168
10109,0.48815795471484946
10110,0.40400508387798595
10111,0.7149192330698589
10112,1.6356776116757703
10113,1.6020255648938249
10114,1.8892106057942444
10115,0.9914072335597199
10116,1.1620400345114499
10117,0.7630367565112373
10118,1.1298452047217458
10119,1.4993162230321828
10120,0.5291726247704194
10121,0.6232880038839976
10122,1.0857054262668595
10123,1.0683656718748535
10124,1.8822668485714107
10125,0.4162277192593431
10126,0.8255350873889822
10127,0.9065124594548668
10128,0.5044693131301543
10129,1.2722597550710486
10130,1.3018669978170352
10131,1.8695078187572132
10132,1.1004961286937358
10133,1.3708190519410874
10134,0.701292428347772
10135,1.6464292075142808
10136,0.5712385279115202
10137,0.9233751909175555
10138,0.6275296761429845
10139,0.6157510110261065
10140,0.5022689431091412
10141,1.7053481688971015
10142,0.9402931252424857
10143,1.808667518287058
10144,1.3007920164708
10145,0.3004339558882191
10146,1.843736920057792
10147,0.44158933811426776
10148,1.5086467632330847
10149,-0.12978685797834555
10150,0.6611435868823734
10151,0.4186833825257581
10152,0.6210218021694873
10153,0.892483055791034
10154,0.39305659597605935
10155,1.2335491318854226
10156,0.9256603313964245
10157,0.36933650484435826
10158,1.787350778458809
10159,1.6073950240629098
10160,0.40458465215774164
10161,1.3916629703906873
10162,1.0284137707471768
10163,1.0087024318679485
10164,1.6468546463859686
10165,1.5108103888352815
10166,0.626663358910203
10167,1.5524537980474808
10168,1.091212364677495
10169,0.382794287429212
10170,1.1991221992938201
10171,1.5323927785615197
10172,0.644525785420237
10173,0.37823875703223075
10174,0.2701728010078414
10175,0.6490429034856966
10176,1.4707800201446872
10177,1.038892763064167
10178,1.3943622819388983
10179,0.2879757822872534
10180,0.34100621302839274
10181,1.454507019137286
10182,0.7478756724695181
10183,0.29601500573340866
10184,0.7732195945207758
10185,0.562236655476261
10186,1.617996317571347
10187,1.3950179798932647
10188,1.658558394923489
10189,0.4300938698103946
10190,0.8399881594732261
10191,0.5262080788911163
10192,1.4187558729833498
10193,0.4323289022107948
10194,0.31941076265437257
10195,0.7976452577032362
10196,1.0168505493287086
10197,1.1407909653325456
10198,0.48287451771483625
10199,0.9944080598244719
10200,1.7034662160281022
10201,1.4951737341171818
10202,1.2266102931893597
10203,1.6843857030664742
10204,0.5949602332401998
10205,1.2298581579168901
10206,0.6726814980785243
10207,1.2650015828268493
10208,0.35738621290851863
10209,1.6627764898073618
10210,1.1996643310427038
10211,0.4834404217978553
10212,0.8394245037187307
10213,0.49711161720371666
10214,0.8727688605823536
10215,1.4092165229352536
10216,1.0476285110592027
10217,1.3346781471278002
10218,0.6677216162838095
10219,0.8958684863139887
10220,1.5237363580193573
10221,1.31059439451521
10222,1.1279463329823542
10223,0.45694447216212086
10224,0.3484832946854275
10225,1.2372023636017264
10226,1.02168063785637
10227,1.0324551860071096
10228,0.7582468817184189
10229,1.2913803211964436
10230,1.3009215760836685
10231,1.97646514477696
10232,0.99470173875449
10233,1.2761515359046476
10234,1.506266877130643
10235,1.2837393744028653
10236,0.9894505645720765
10237,1.9092454879201062
10238,1.3840574835554738
10239,1.5050103869685483
10240,0.7831063104358634
10241,1.846813016423364
10242,1.2264985516084377
10243,0.6790340400384101
10244,0.6311377138452562
10245,1.7020224093385385
10246,1.2719362010688622
10247,0.849068207697323
10248,1.120286026520093
10249,0.9340068972411202
10250,1.2293533074537057
10251,1.0967647854058566
10252,1.651812948095987
10253,1.185242656389535
10254,0.7111989997117922
10255,1.280886277144919
10256,1.2310991824419872
10257,0.8559788742998227
10258,1.240130260564488
10259,1.116840371976841
10260,2.0533510767645975
10261,1.2328388009522877
10262,0.47310102890739847
10263,0.9269599495158154
10264,0.5776060841440194
10265,0.34301682116602494
10266,0.6475298825296371
10267,0.9560231003494568
10268,0.9861811748686573
10269,1.081579539119256
10270,0.38174662127799297
10271,0.8758401359830036
10272,0.8852415235345086
10273,0.3825142057264983
10274,1.4162252397375776
10275,0.6277792945983286
10276,1.145844965912871
10277,1.3689847500213177
10278,0.6509313694657156
10279,1.0286718784807527
10280,0.6881251433376901
10281,1.1940768545319203
10282,0.48220485764160437
10283,0.4974391662530167
10284,1.3976696155282438
10285,0.6557065302601766
10286,0.9451776824774489
10287,1.5288678274335876
10288,0.7255304804363878
10289,1.1428348070422403
10290,0.6461781406262397
10291,0.13308881599073885
10292,1.1934717953842748
10293,0.5326898622159214
10294,0.8780582291599475
10295,1.4720152471911736
10296,1.4989343051821398
10297,1.0367814548227852
10298,1.5249357038911286
10299,1.114612435007496
10300,1.0948667515582375
10301,1.4673690540848257
10302,0.9443535379386974
10303,0.6710130299457755
10304,0.7746449773173246
10305,0.6052837854725424
10306,0.7389340049451489
10307,0.9320329410177974
10308,1.3204366830288685
10309,0.6791769955422213
10310,1.4524807623759115
10311,1.6846755410589576
10312,1.1162932377654573
10313,0.7674490980466477
10314,1.4874360834966902
10315,1.141631123341336
10316,0.6017965261972305
10317,0.8898259727717786
10318,0.5295074338048286
10319,1.7830528690841374
10320,0.9192475286321958
10321,1.146987457180794
10322,0.7574702851849191
10323,1.0841050267673618
10324,1.3061616455049108
10325,1.350652471287523
10326,0.5600909498563994
10327,1.8111732228985762
10328,1.29496091521734
10329,0.6471088357747679
10330,0.45399398083919257
10331,1.2051172432180532
10332,1.237392506039567
10333,0.8129440568486065
10334,0.9980498014522954
10335,0.1794292109904699
10336,0.5257967902194536
10337,1.3840392293723842
10338,1.082452461854336
10339,1.2510739208919823
10340,1.202176245411858
10341,0.35763244164859986
10342,1.3751852531998883
10343,1.1786041502797202
10344,1.7251818496171398
10345,0.5116167095522968
10346,0.3747285137756736
10347,1.0571026575006124
10348,1.3276964906856619
10349,1.0376358301044404
10350,1.0290837482268134
10351,1.4546352850958248
10352,1.317969219812926
10353,1.3555013861152485
10354,1.7912498333499811
10355,0.8109890488215812
10356,0.1432056086299001
10357,0.9408207529691074
10358,1.5758872472834153
10359,1.3217699372621585
10360,1.2199849816823156
10361,0.6065691020093118
10362,0.44438164778305334
10363,1.543709135677002
10364,1.3219597175688227
10365,0.6681304238540184
10366,1.4750094621913237
10367,1.6265829969438408
10368,1.2937897605736026
10369,1.8549242540789677
10370,1.4188021851909594
10371,0.555780276573632
10372,0.6654140755391924
10373,1.6703673326817767
10374,1.0566943011197247
10375,1.4954311811455874
10376,-0.08502682084573393
10377,0.5225871247288256
10378,0.30710744313256405
10379,0.3056547586526634
10380,1.5229778740573194
10381,0.4568151226240841
10382,0.761507400374667
10383,1.3541194171471056
10384,1.3186915273385722
10385,0.7999436048353239
10386,1.8720053982901086
10387,0.2369619175835712
10388,0.22295268797372653
10389,0.22626383657717708
10390,0.4745178367167959
10391,0.27008202654251734
10392,1.4499902440253853
10393,1.387521911794411
10394,1.7991503963407878
10395,0.37812594464736904
10396,0.5073867721222556
10397,0.4798792812142529
10398,0.9757229586901446
10399,1.8074188988040454
10400,1.3803248237866093
10401,1.2606393331372236
10402,1.5007362720305322
10403,1.034587533902357
10404,1.8238325129127142
10405,0.41806238693155995
10406,0.9865585545832682
10407,0.5656118651335535
10408,0.44708967401367217
10409,0.5612418812743498
10410,1.262588052448947
10411,1.2596764478251408
10412,1.4218744642299042
10413,1.2456916481930125
10414,0.9002198115925377
10415,0.5640029692817711
10416,1.0679568509062867
10417,0.5799851287456734
10418,0.43026553834426623
10419,1.0720341581625803
10420,0.945249111273612
10421,1.4714636393314604
10422,0.528006979932334
10423,1.000426948127416
10424,0.4406739935014155
10425,1.1511177377130355
10426,1.2233292609318305
10427,1.3766803579550349
10428,2.0243230912220174
10429,1.057035059126186
10430,0.857254671779347
10431,1.3356057558443206
10432,1.5346241088872838
10433,1.0482804309303415
10434,0.5479801406698047
10435,0.35949881566620207
10436,1.2500625693640313
10437,1.3805181497148031
10438,1.0440575470023412
10439,0.9734576593371016
10440,1.3244084573989818
10441,0.91435914912138
10442,1.1598621211839935
10443,0.4171614227521398
10444,0.8100263619717128
10445,0.578500978869192
10446,0.042458124899352856
10447,1.695625982717265
10448,1.1150394869068818
10449,1.2268612970160777
10450,-0.05215354257917735
10451,1.501482223940521
10452,0.5729380312896553
10453,1.1231328449332083
10454,0.6854533204066848
10455,1.7973021569114231
10456,0.2643806239772049
10457,0.7749768960740011
10458,1.4509307856014428
10459,2.0559759003213296
10460,0.924795530948012
10461,0.05332043563864036
10462,1.3128033781769677
10463,0.3726442299511615
10464,0.3969152410153466
10465,1.6989589751906502
10466,1.1193832424341346
10467,0.24408638283686826
10468,1.5953284687213591
10469,1.1871025085797253
10470,1.4491106424833258
10471,1.119207322313211
10472,1.220479754709212
10473,1.0478601917973103
10474,1.2560896446454748
10475,1.025324084706168
10476,1.5260638049257378
10477,1.1433645591270654
10478,1.3521969355764103
10479,0.6236878801397667
10480,0.7042886443314933
10481,1.4966122137363769
10482,0.3109648946643132
10483,1.6192184822375841
10484,1.282539683797202
10485,1.2178455092184193
10486,1.6208755892268216
10487,0.550995909263659
10488,0.7821276487940895
10489,1.6957124719683287
10490,0.6320663319071458
10491,0.53892398864861
10492,1.430887538902846
10493,1.1405663913379125
10494,0.9912112697737698
10495,0.7343167986877545
10496,0.9731586673666254
10497,0.8668614617629127
10498,0.9519046832628981
10499,1.2238532030206797
10500,0.9610587365570726
10501,1.645727718415112
10502,1.171584484892022
10503,1.0890517901044992
10504,1.1525964286664818
10505,1.3792080734310743
10506,1.3683742981395661
10507,1.0217788026471264
10508,0.9038424988703581
10509,0.9414598367964182
10510,0.8769282764665234
10511,1.0454937371847137
10512,0.39961642276224024
10513,1.6742230592699787
10514,1.5011556143789493
10515,0.09003573703206535
10516,1.0332800861995322
10517,0.4669736689665812
10518,0.7822589890587954
10519,1.111072308522919
10520,0.9216228627015524
10521,0.14339768867502434
10522,0.3231793692580943
10523,0.35824385938909664
10524,0.9731359847439205
10525,1.1006302350766002
10526,1.0833698925805826
10527,0.32584621072062636
10528,0.7736453894546023
10529,1.0700091350189989
10530,1.0956923989879055
10531,0.5987457063042098
10532,1.089797576865902
10533,1.283004643458742
10534,1.0405079355644051
10535,0.44291270352312495
10536,0.6938341048072869
10537,1.301979323077167
10538,0.8446817548614318
10539,1.1514115287601978
10540,0.6285976162946929
10541,0.3937923885691146
10542,1.0150725911866543
10543,0.13288386993309922
10544,1.1154031092607442
10545,1.2224580698113803
10546,1.4164764014860731
10547,0.6657172984854095
10548,0.994150614663746
10549,0.5633509226286084
10550,1.0665229923619433
10551,0.8706985839270284
10552,1.2087359294620286
10553,2.0390032577444717
10554,1.1888028105682684
10555,1.1222008326705537
10556,1.3632734600348944
10557,1.0050849266343755
10558,1.168159152993171
10559,0.29736455619782687
10560,0.6711507932133043
10561,1.4957400747588807
10562,0.9906974872269179
10563,0.7952219073973772
10564,1.5154544173366304
10565,0.803517192702508
10566,0.4390628696474571
10567,1.3732059915211832
10568,0.8634577332670546
10569,1.326952623591114
10570,-0.2797350184400525
10571,0.980232063246386
10572,0.741621401872442
10573,0.5486094587779528
10574,1.025911096387345
10575,0.5660164276404414
10576,0.5742010605153092
10577,0.954593207247646
10578,1.103863084237384
10579,1.3343306863275006
10580,1.092219994942473
10581,0.7522183919164055
10582,1.420408803976129
10583,0.7733919884547908
10584,0.7326014263813931
10585,0.5695980716692775
10586,0.32396986034453906
10587,0.7511800601765829
10588,0.5827140755043859
10589,1.375449773883373
10590,1.1524287535433186
10591,0.822020197340233
10592,0.3676072369252309
10593,1.8917778122159397
10594,0.8147346445815363
10595,0.524019648507807
10596,0.7548536161985576
10597,0.7439073261931903
10598,1.2680381105275556
10599,0.9457707271052525
10600,2.027117305136476
10601,0.8603635932861853
10602,1.2095818936653515
10603,1.469655092522583
10604,0.6607390363899227
10605,0.8850998380675184
10606,0.796012291541226
10607,0.5397911306571491
10608,0.6499392884585018
10609,1.2063255903368097
10610,1.566648714599152
10611,1.755959076101079
10612,0.3984839471699857
10613,0.3442652510658854
10614,0.33584076374477834
10615,1.3487155885189002
10616,0.9219549064297671
10617,1.783447258294828
10618,1.0423636030344718
10619,1.315919839288862
10620,1.107964711192786
10621,1.5201071823821433
10622,0.5350946659850147
10623,1.6250346010829104
10624,0.824530097828086
10625,1.12539900542986
10626,1.3942595143810497
10627,0.48206351562588445
10628,0.993282851504701
10629,0.97083759056386
10630,1.3346439791972375
10631,0.730342391371964
10632,1.300448708119991
10633,0.5861345626725223
10634,0.3257402725307263
10635,0.4725015335696851
10636,1.6053691866897255
10637,1.2314063595637694
10638,1.1819595695495733
10639,1.9170514232559117
10640,0.8705063073962229
10641,0.7142949273351787
10642,1.2566652346060285
10643,0.6713727831728356
10644,1.3159343473559386
10645,0.8553117680198065
10646,0.7687375716052929
10647,0.7069422978689737
10648,0.6382700013707143
10649,0.7541428811702
10650,1.4428575258953913
10651,1.6058276427915086
10652,1.202979726906263
10653,0.4831864293406533
10654,0.7489249065287549
10655,0.7519227122641197
10656,1.239331177155516
10657,1.9854355146544227
10658,0.6360811939255943
10659,0.6531177914347649
10660,0.5736347242253457
10661,1.0276051795379724
10662,1.7320036017141571
10663,1.2924308524584536
10664,0.5411834456829118
10665,0.9597655822963846
10666,1.7423300570700082
10667,0.8880100551230705
10668,0.31937456976379136
10669,0.6804084558386689
10670,0.8724671464803996
10671,1.436132251179806
10672,0.7586897060514695
10673,1.3701421510811729
10674,0.5375781679291947
10675,0.6612449541599499
10676,0.5850799193318529
10677,1.049232605632592
10678,1.5528169167673123
10679,1.0620775380679355
10680,0.29886410667633556
10681,0.5661258824663482
10682,0.6056936548332155
10683,0.7964525140090978
10684,1.5867308051646245
10685,1.3570329758221367
10686,0.2618970185984034
10687,1.3572934132332435
10688,1.0246528809560251
10689,0.7809958480425596
10690,1.0401340238218142
10691,1.1437761145807006
10692,0.7709104145414013
10693,0.7180748629900151
10694,0.44433706602065426
10695,1.0748104265234273
10696,1.1900739928257544
10697,0.7054440019557071
10698,0.6982665693958905
10699,0.5871941757904267
10700,0.9946684981734355
10701,1.1777016195823358
10702,1.3253796465794012
10703,1.6220279510751199
10704,1.8063828281346435
10705,0.20649438695026534
10706,1.8018699112487202
10707,0.27868602858951586
10708,0.5873149625437892
10709,0.24554756704449793
10710,0.5662345664034336
10711,1.099762415757968
10712,0.8734317823802955
10713,1.0306151129556507
10714,1.310445468290927
10715,1.645988706260251
10716,0.9883730035031475
10717,0.6771789540446997
10718,0.4169748027468213
10719,1.126723609461112
10720,1.5065311260996341
10721,1.3573326434582442
10722,1.9589899586787791
10723,0.7808961430671795
10724,1.0075785837444196
10725,0.35954226292268815
10726,0.6067480812740342
10727,0.39538366170403133
10728,0.6120584954597421
10729,1.637086903588417
10730,1.3574682777172453
10731,0.6734435160741263
10732,0.517335890495908
10733,1.4499828162696096
10734,0.8301451448818722
10735,1.1216093962060203
10736,1.0229367848201107
10737,1.1289179854765057
10738,1.6958562917501916
10739,1.232112915525495
10740,1.1982466121458284
10741,0.7732013025523694
10742,1.4530722467031048
10743,0.7200208023188805
10744,0.4712134494060599
10745,0.902672466032469
10746,0.3640449282523037
10747,0.7149370995204873
10748,1.4744791548990226
10749,0.9303912640007592
10750,0.34965596636535523
10751,0.37650020181618055
10752,0.980988692321633
10753,-0.12669119357814418
10754,0.344388078703713
10755,0.5533401440364518
10756,0.8812945533916279
10757,0.6059438604881466
10758,1.3607932838696788
10759,1.2530961294725809
10760,1.0139328992615406
10761,0.9321887514178304
10762,1.2209147214399467
10763,0.7933583373199787
10764,1.199528967974161
10765,0.28754048719864417
10766,1.8123325529311152
10767,0.8585546951381808
10768,1.0968566151897308
10769,0.6546092684849388
10770,0.5169963363999152
10771,1.1788052844057069
10772,0.7663063109106584
10773,1.401963467372322
10774,0.7943677367243771
10775,1.3384125576101995
10776,0.3989156785140432
10777,0.6271419891118106
10778,0.9714353008997685
10779,0.35278312401724776
10780,0.7939894355029782
10781,0.9481917184433923
10782,0.5520376174413995
10783,1.2257638527645998
10784,0.6434360399465104
10785,1.1145902533553786
10786,0.5527889601921445
10787,1.5783215884948034
10788,0.41366059893970614
10789,0.617800810584288
10790,1.2824158987259342
10791,1.0472318228955908
10792,0.4491187877224215
10793,1.6158643446755625
10794,1.0053874941705363
10795,0.7770790475088061
10796,0.1777242955915077
10797,0.2281210832991531
10798,1.019919281582506
10799,0.676779256474382
10800,0.2734069273326183
10801,0.4448249123197281
10802,0.43363586129638965
10803,0.3602245045187406
10804,1.4131203604297484
10805,1.2330250901583042
10806,0.3608579271509755
10807,1.2307634123384705
10808,1.1346895021851597
10809,1.8597119200702736
10810,1.4072074439062436
10811,1.1719766194914054
10812,1.5607048337250418
10813,1.4214546339491878
10814,0.6481406932473095
10815,1.2591000179013858
10816,1.153841779476308
10817,1.154985613779646
10818,0.6498788239765734
10819,0.2551639735368428
10820,1.0926137011198211
10821,0.3646767299353018
10822,1.0481386284303025
10823,0.2674967174370001
10824,1.1637019395736363
10825,0.8539046911081154
10826,1.4931891787894758
10827,1.1497261629976985
10828,1.9282408645178144
10829,0.48843013419923476
10830,1.0671817543113375
10831,0.4425716259663113
10832,0.8402518108807249
10833,1.173136698876722
10834,1.6602457332579952
10835,0.9048248562434906
10836,0.4436460695373132
10837,1.0528523627010276
10838,0.5406946400755083
10839,1.2130691439789918
10840,0.6658169866709608
10841,1.9299324913998865
10842,0.02027788665211333
10843,0.9856338811742901
10844,1.395423971780084
10845,0.6599531076047083
10846,0.702352815985873
10847,0.8710608592274243
10848,0.261041081990513
10849,2.377681987881007
10850,1.5296287568287363
10851,1.4592557094070804
10852,0.6420841779551512
10853,0.7925905568884001
10854,1.4662745986592682
10855,1.022345933939193
10856,1.5250565343908526
10857,0.9380450763057573
10858,0.9782875093813607
10859,1.1798589913808535
10860,1.0643786850444428
10861,1.7580386802199883
10862,1.28062655585595
10863,0.48359912971558006
10864,1.7225373025066728
10865,1.5161256367421085
10866,0.9929319360291202
10867,2.1017207534515925
10868,0.989809571936195
10869,0.4517897623541003
10870,0.2425131438488674
10871,1.1151780451810682
10872,0.6635530592741357
10873,0.501489110088547
10874,1.3379745889330086
10875,1.5926139933075483
10876,0.9282706190342225
10877,0.9787260258918784
10878,0.531514468161347
10879,1.0443241069232465
10880,0.6416574086536763
10881,0.6211459132369186
10882,0.4758926241884903
10883,1.1245476587566439
10884,0.9830411650635907
10885,1.311452048534844
10886,1.8386421502248198
10887,1.4537890220121659
10888,0.5210934697727324
10889,0.8481926802952594
10890,-0.02737440491957105
10891,0.6430114009355425
10892,0.7878243544934822
10893,1.27405519199097
10894,0.26887732646856793
10895,0.9525629197203349
10896,1.0931537388972943
10897,0.236519052874848
10898,1.200037796700848
10899,0.4853163981151316
10900,0.7659653634364946
10901,0.870373788835771
10902,1.064210178558973
10903,1.2057433643491775
10904,0.4732416990199513
10905,1.2942930062457028
10906,1.890015778519885
10907,0.9315976084084443
10908,1.237469749357764
10909,0.5458302311444969
10910,1.314156928159697
10911,0.8716587514468958
10912,1.2276206946265948
10913,1.1386646661065858
10914,1.2933181395826046
10915,0.6315572345959378
10916,0.7935425800272626
10917,0.9477660570434094
10918,1.3909471216120854
10919,1.5612847256216242
10920,1.5730472174402714
10921,0.794431893098144
10922,0.9061786792971571
10923,0.20014369371745921
10924,1.4314573819168999
10925,0.9682670781508171
10926,1.0899032882606303
10927,1.2343847732627322
10928,0.5339975358528197
10929,1.3833234138830997
10930,1.253688657293314
10931,0.7683523206592695
10932,1.297155243535163
10933,1.1884790447348073
10934,0.03360190034248295
10935,0.6405232298691216
10936,1.2481873070819751
10937,1.323252558335532
10938,0.17700804607440743
10939,1.0809228215012272
10940,1.2101540928769428
10941,1.203863884987623
10942,0.3840112859543191
10943,1.520506518832573
10944,0.9525013615680088
10945,1.645358064680096
10946,0.7309210436653965
10947,0.23535465650367193
10948,1.4785428578757998
10949,1.021749254184778
10950,1.0430469825972692
10951,1.1686254679123045
10952,0.835910869994521
10953,1.9094139187902242
10954,1.2437865331769347
10955,0.778880589069165
10956,1.7183232559982649
10957,0.8736019575092286
10958,0.41598375492524203
10959,0.6124903618206171
10960,0.9107198213472507
10961,1.4162675347813334
10962,0.6365001956698799
10963,0.9220842112023745
10964,0.8117792911503967
10965,0.5212218791585869
10966,1.3472946799268748
10967,1.278868339845066
10968,0.9044593073140595
10969,0.9777030094838957
10970,0.7410042273691672
10971,1.614167386795636
10972,1.8220385334090423
10973,0.5517622784784981
10974,1.3047545201341202
10975,1.3298100316606587
10976,0.4990169733508596
10977,1.174934239805773
10978,1.1641271909125042
10979,0.3710122032004012
10980,1.5639955668623635
10981,0.5393530282587389
10982,0.40953791967563524
10983,0.8550189125643686
10984,0.41900187927225757
10985,1.1036034739048908
10986,1.7343817433270858
10987,1.95725851543585
10988,1.9574240382291754
10989,0.5646788730936242
10990,0.7332882130829568
10991,0.4593074421202398
10992,1.154648494921307
10993,0.729600425843996
10994,0.9729505003336502
10995,0.44515691398657825
10996,1.246178972240028
10997,0.9644994531654443
10998,1.500436891965081
10999,1.785035618761576
11000,0.3819518475683488
11001,1.2446415758635805
11002,1.219105199088776
11003,0.72387548542804
11004,0.4211898518823848
11005,1.0046360573436206
11006,1.4579748437695592
11007,0.30357086111324394
11008,0.8740714766565527
11009,0.9742226807149987
11010,0.13477195265798197
11011,1.0565608227424503
11012,1.2806958708179357
11013,0.8836949418193794
11014,1.0354824740801165
11015,0.5197552064770514
11016,0.8054013488673413
11017,1.822214437658489
11018,0.8922894952754095
11019,1.361613581107647
11020,1.1408050164773744
11021,0.25176909779331313
11022,0.9073970030946046
11023,1.2995328880730643
11024,1.3721697714739054
11025,0.3061545208755761
11026,1.4185539641255482
11027,1.4400150323460403
11028,1.0773592903724931
11029,1.1216793041852697
11030,1.1954343825911686
11031,1.2526489726912153
11032,1.5905314749382762
11033,0.22842614450803403
11034,0.7060784183723818
11035,1.3871378257926872
11036,0.9643270098891563
11037,1.2243320561419204
11038,1.0937471903166323
11039,1.2311730403818093
11040,0.27046489485648173
11041,0.41965676133388347
11042,0.07279328866835233
11043,0.6149237725826765
11044,0.9668432523495454
11045,1.0605174303400469
11046,1.0628602119266914
11047,0.7786922989764742
11048,1.517462179842474
11049,1.5348038210717312
11050,0.9417496472029251
11051,0.5199383765758414
11052,1.6809281754588772
11053,0.8041843552573873
11054,1.472413514772668
11055,1.6370169455469759
11056,1.5979762266520567
11057,0.6919502720281508
11058,1.1150774622166413
11059,0.9901535182501174
11060,0.7696915892232903
11061,1.0888786677186568
11062,0.6041693891938831
11063,0.846171499916532
11064,1.164204282733464
11065,1.0135917755333665
11066,1.1764736719768414
11067,0.6774866635928088
11068,1.1631772341986184
11069,0.6400730434013784
11070,1.0622205925993042
11071,0.9992380142799036
11072,0.06676271593207062
11073,0.5350448770541922
11074,0.8631488829996309
11075,0.9938284072765472
11076,0.5971703460192483
11077,1.0802534106339334
11078,1.8164393974387985
11079,0.640382561663035
11080,0.25590376789863134
11081,1.5758183611579513
11082,0.8636566374464905
11083,0.5780043230099616
11084,0.8894405218042569
11085,1.1842108978577417
11086,1.119801426955223
11087,1.4743445094474938
11088,0.7110618693422004
11089,1.0151241088220124
11090,0.6052264560361647
11091,0.05532753407641778
11092,1.4623255254194545
11093,0.6109842372730356
11094,0.5353392062763156
11095,0.8503727252011355
11096,0.4799003004980692
11097,1.1252523277606796
11098,0.5655568048016305
11099,1.2025273255940034
11100,0.17927360252387284
11101,2.1046950042960777
11102,0.458852588456083
11103,0.5308260927058497
11104,1.6001716492820264
11105,1.23649914466317
11106,0.9384867785384312
11107,1.4779330435285092
11108,0.43948952186680124
11109,1.795169773945859
11110,0.3142350370339693
11111,-0.01989734836600704
11112,1.125054942853927
11113,1.0217176777572943
11114,-0.0098582254639073
11115,1.5180463809788742
11116,0.35348553591447474
11117,0.3807300132178657
11118,1.186634031842336
11119,1.2878787043693585
11120,0.9278670745735629
11121,0.6533491294588242
11122,1.2785002709572595
11123,1.019749360573413
11124,1.7382621971441836
11125,0.9061155335344369
11126,1.316260452047738
11127,0.9328893903082598
11128,0.9444288362912123
11129,1.418658894415033
11130,1.169096476307818
11131,0.9121485765158527
11132,0.5812140014127645
11133,0.6061132079736378
11134,0.9240550437578359
11135,1.4234941477156913
11136,0.7044658416419719
11137,1.1647563512850658
11138,1.5967332985350204
11139,0.949967836606116
11140,1.3760145776853663
11141,0.7345733896925458
11142,0.5710336953522748
11143,1.6596054410735224
11144,1.0579340418297911
11145,0.869017600680451
11146,1.0783050767029767
11147,0.6202859281159881
11148,1.2630815171618217
11149,1.7283427102815339
11150,0.5712156116340172
11151,0.8784663981589556
11152,1.000627494962333
11153,0.6488984848932232
11154,0.8363515664481972
11155,1.1852152901560697
11156,0.6462762573669627
11157,1.2232178250879033
11158,1.3284715610840387
11159,0.38585152554913316
11160,1.5473731593359532
11161,1.544360310355541
11162,0.608010110935861
11163,0.5584437881489436
11164,1.4968233587014157
11165,0.6682747946500642
11166,1.1985372454123127
11167,0.921471045949537
11168,0.8494034523814511
11169,0.07099573020677297
11170,1.0132022600992183
11171,1.1205855828033338
11172,1.2748085940873892
11173,1.6366711070006148
11174,0.9656933730439559
11175,0.2463615970560773
11176,0.47855098064112633
11177,0.6082942316056945
11178,1.1570526338790412
11179,1.2419199165541541
11180,0.5074536401922909
11181,1.3444808238478418
11182,0.16601293203737097
11183,0.8410342498545035
11184,0.6634754792589755
11185,0.910377140964531
11186,0.7339887136687417
11187,0.5406714167587351
11188,1.0787942440897353
11189,1.0082842150070144
11190,0.1550441788826375
11191,0.7982680646499671
11192,1.1127124379875912
11193,1.01348137312821
11194,1.2225542331033905
11195,0.708175570989484
11196,0.5053476371327777
11197,0.6851880380105173
11198,1.9342895963885622
11199,1.150335385425689
11200,0.7301227566383711
11201,0.7251454765398891
11202,0.3656885215617884
11203,-0.13100654444956317
11204,1.7945920887169255
11205,1.7406459670055028
11206,1.0628531096449183
11207,0.22125551641692676
11208,0.9837849524853447
11209,1.755493733513358
11210,1.4398734171893142
11211,0.7589463400086035
11212,0.4380388291147665
11213,0.5924531103659372
11214,1.0920459402736045
11215,1.5205769806021552
11216,0.772075851683049
11217,1.4846567358489922
11218,1.6070515988709864
11219,1.3340309124154617
11220,0.9955000392875938
11221,0.6864462137334408
11222,1.7392991803639997
11223,1.862240385904776
11224,0.6830205198941209
11225,1.9701315059374263
11226,1.651830188597608
11227,0.39110491592082963
11228,1.2632204981964288
11229,0.8234848454221027
11230,1.1171227532852175
11231,1.5631966883161637
11232,1.4619846310484066
11233,1.2563685328614331
11234,1.0295900617838794
11235,1.7688214104142173
11236,1.2897786593364853
11237,0.9425395601305625
11238,1.6109774071113705
11239,1.126838944164004
11240,0.8726103129338727
11241,1.3729798938873925
11242,0.8808142489877417
11243,0.8930042164640873
11244,1.5075363209213803
11245,-0.120945986177729
11246,0.8227153998437831
11247,1.1508478813119274
11248,0.3561981655719511
11249,0.4318936802109975
11250,1.2329564673441786
11251,0.6207501316631596
11252,1.6225528689834594
11253,1.1581199319391589
11254,1.545626357041832
11255,0.49166450987368326
11256,1.4337210870447603
11257,1.2333122260176905
11258,0.8722409786856797
11259,1.231803286254485
11260,0.4037397609457113
11261,0.4452075850418282
11262,0.8742306056172076
11263,0.5802220778261373
11264,0.9729310399395561
11265,1.1939388766324022
11266,0.7995026019120576
11267,0.5057833075731424
11268,1.4486542793859238
11269,0.9155852848660845
11270,1.1815062268603609
11271,1.027321104879688
11272,0.9446862317617568
11273,1.2520382054677472
11274,1.3306155055147717
11275,1.262457106579932
11276,0.3622763595580165
11277,0.7869727540935996
11278,1.2755170140549754
11279,0.3594352206942457
11280,1.273181659600362
11281,0.5042927374105247
11282,1.0782595700059256
11283,1.3048262298156597
11284,0.6058656319772884
11285,1.0774735832667746
11286,1.7515422150588222
11287,1.2373602216886437
11288,1.0949779214487303
11289,1.1987728281403187
11290,0.536570157985193
11291,0.9763858036285836
11292,1.5534550024531772
11293,0.4656532909487945
11294,0.9778497677526726
11295,0.5430317178908526
11296,1.806100685829965
11297,0.8578374200308598
11298,1.2203265896878182
11299,1.4046012801627912
11300,1.297349916170881
11301,1.5110656872005497
11302,2.3121721378517317
11303,1.7295178472364634
11304,0.46688972429079567
11305,1.2318928508579106
11306,1.3850421553887329
11307,1.4666869210413236
11308,1.4697646733800194
11309,0.9253308157141833
11310,0.7821184607387299
11311,0.8463312013407622
11312,0.8051321964225279
11313,0.9285015997544361
11314,1.35670022386901
11315,1.3837375663659595
11316,1.3327845550354454
11317,1.3517945115670398
11318,0.6159706998999109
11319,0.9604994906506252
11320,0.9999858974748796
11321,0.4647108868601281
11322,1.7134781738148095
11323,0.5279625749500356
11324,1.4202661937591685
11325,0.3249402341024074
11326,0.6415510003423233
11327,0.7585134698284836
11328,0.9245010346743566
11329,1.1889047513457895
11330,1.6213625600142887
11331,1.2004382830955884
11332,0.33605689497768054
11333,1.335247640529365
11334,1.0825187747194618
11335,1.4755169183265249
11336,0.9440777399375334
11337,1.546968457615076
11338,0.7631525620452524
11339,1.4722363616088907
11340,0.5667621801218535
11341,1.4336698804022392
11342,-0.0974090254630558
11343,1.0028520543967272
11344,0.536730102214236
11345,1.2835473645192241
11346,0.9417398975750338
11347,1.7789215780169219
11348,0.40182096146729857
11349,1.480040907743966
11350,1.0624072205424828
11351,0.4183539336254746
11352,1.6303900211885036
11353,0.41528362305554617
11354,1.0001531095607608
11355,0.6248165157937162
11356,0.695330858148024
11357,0.27345445315904204
11358,1.1163456502432518
11359,1.7750922811741905
11360,0.45602653609229693
11361,0.5378339567273624
11362,0.2861833764464879
11363,0.642577121636855
11364,0.511184514619652
11365,1.6832712615427714
11366,1.0878674871391105
11367,0.7586451796884561
11368,0.7045493896867958
11369,1.202051553765319
11370,0.623170089925045
11371,1.1794345552186618
11372,0.5967310120516227
11373,-0.028050320917753613
11374,1.5027563574022131
11375,1.5039171633878539
11376,1.2866055365261766
11377,1.8123461026594854
11378,1.3077511750253101
11379,0.9572031919869369
11380,0.4659145627318717
11381,1.3300833400408383
11382,1.5115198742411429
11383,0.861011035240171
11384,2.070059080463798
11385,0.7253194073985549
11386,1.5409714972379889
11387,1.6976071426503427
11388,1.141600222612848
11389,0.7362306484522307
11390,1.849156188698632
11391,1.424898298372141
11392,1.1755674760609263
11393,0.28808263395302225
11394,2.417677157988286
11395,0.26959669914348616
11396,0.7726433791703027
11397,0.7917674040090092
11398,1.1521477023509998
11399,1.051096120653796
11400,1.061335724847081
11401,1.346113023268217
11402,1.46124891960622
11403,0.6103652904768707
11404,1.2521862788066809
11405,1.4355606599816422
11406,1.4819119243419525
11407,1.3789963903701228
11408,1.3258124867863157
11409,2.3113671435521437
11410,1.7180958714844397
11411,1.2940206114752457
11412,1.2603982980478747
11413,1.793700291220171
11414,1.0436013713149737
11415,0.9022820282932004
11416,0.6967062785514448
11417,1.6911736985946135
11418,1.056361946359697
11419,0.27068862634676827
11420,0.5106766936345797
11421,0.022624360647200525
11422,0.590959756560381
11423,0.33707522033505216
11424,0.22917168120332987
11425,0.49200167818082774
11426,1.3148437778170918
11427,1.6697757976037373
11428,1.586978780566222
11429,1.1694960419425708
11430,1.6744061736025637
11431,0.9353126266342171
11432,1.2938779944197283
11433,0.5546805736507896
11434,0.38599342625522043
11435,0.6526995952779353
11436,0.6090139797772085
11437,0.17134114021903643
11438,1.1307337817667777
11439,0.6325108654697963
11440,0.5914771795023892
11441,1.2509607994277285
11442,0.8095903238902113
11443,0.6266027993775541
11444,1.097645520996057
11445,1.4413736216820086
11446,1.3462256494667502
11447,0.6266071485927425
11448,0.8997716245434189
11449,0.5093895010300205
11450,0.881507295378759
11451,0.3306894388193627
11452,0.35978648428166465
11453,0.8385977738644048
11454,0.43009699925971645
11455,1.684738746419098
11456,1.5785541067741624
11457,1.4962352207140774
11458,1.0359780127316176
11459,0.17154551629132755
11460,0.650111167421877
11461,1.2272538636492987
11462,0.6502126102520185
11463,1.6444292006929246
11464,1.4953930260903632
11465,0.34767032811502996
11466,1.465390153031697
11467,0.7344728672036848
11468,1.0107614320955705
11469,1.2684440729461675
11470,1.1701256728420888
11471,1.7249207383685103
11472,1.8774965081998656
11473,0.6543336964791802
11474,1.1083384199800337
11475,0.6392098287004954
11476,0.5033144197955641
11477,1.0340938001467284
11478,0.0341146908320788
11479,1.3022401111544692
11480,1.0190503417429122
11481,1.3898888067109727
11482,1.341318064100745
11483,0.234657263665962
11484,1.2889710612533367
11485,0.6534893980317522
11486,0.4332846880889124
11487,1.5445707851714148
11488,0.6504404159319621
11489,1.6377211589821483
11490,1.2271622858622402
11491,0.5116852373881499
11492,1.3012715298120048
11493,1.241127167554386
11494,0.4570567099320306
11495,0.9498118628219059
11496,0.3059988592058824
11497,1.1416184524239148
11498,0.9138374393423554
11499,0.8708375776822009
11500,0.7404088616092175
11501,0.3689849874139025
11502,0.5732470646308061
11503,0.3186370060380738
11504,0.31974749589604995
11505,0.4458576170323182
11506,1.1870416115452787
11507,1.0659244309332576
11508,1.3474683250907753
11509,1.2351657587831464
11510,1.2258581849592474
11511,0.5942895322180606
11512,0.7091973556787521
11513,1.2241852538046494
11514,1.3546488616297068
11515,0.8374048115358163
11516,0.7412889237651883
11517,0.619771487752572
11518,0.497668190809562
11519,1.0024794577729446
11520,1.1394119550683777
11521,0.49346448663927284
11522,1.1230794077846402
11523,1.4524415307127279
11524,1.2458230335648812
11525,1.506267669484938
11526,1.8568088283599957
11527,1.7802733606527466
11528,1.5639063250486984
11529,1.3125802852471264
11530,0.8675445749397506
11531,0.9679072750435251
11532,1.2058777012097441
11533,1.0811622715776494
11534,1.389590953330175
11535,0.6443186227286013
11536,0.3835982837992907
11537,0.4751488767761866
11538,0.49447298577939536
11539,0.5446486181411185
11540,1.0056946120374441
11541,1.6809957593532745
11542,1.193407563390323
11543,1.2590830525082126
11544,1.6208731159155574
11545,1.4837957510949615
11546,1.2353392890033756
11547,0.3914410330624216
11548,0.5447932405590425
11549,0.7071104896034245
11550,0.7836179945101436
11551,1.0548516598570743
11552,0.6962657101642807
11553,-0.3989111186461473
11554,0.8583683498497874
11555,1.5826464295398157
11556,1.2623411673198852
11557,1.1663754105110105
11558,1.097451409921184
11559,0.42620758230501193
11560,0.2687135415320333
11561,0.9553556186463332
11562,1.4939433250217022
11563,1.3777065643831414
11564,1.0187279515073406
11565,1.3623604836331138
11566,0.20339451674789438
11567,1.0939550556021507
11568,0.5027823339791718
11569,0.48176331155862884
11570,1.4817749438572507
11571,0.9697666089705845
11572,0.8601553991381836
11573,1.7996935810222827
11574,0.6463457010261715
11575,0.7387299380625462
11576,0.9704502008973663
11577,1.2794682736590732
11578,1.058569063420065
11579,0.32977961749956386
11580,0.15394440991544514
11581,0.4119467215846584
11582,1.684803437236549
11583,1.1346699300646697
11584,1.500230698114521
11585,1.2568213176376648
11586,0.8332140557022168
11587,0.6136497241682135
11588,0.8873065904629502
11589,0.9539475687158947
11590,0.08627776427142941
11591,0.892196670026933
11592,0.3730021430676892
11593,0.2697807705883601
11594,0.8723089186149287
11595,0.8100800411198724
11596,0.6755422071921771
11597,0.5500338147910686
11598,0.5043059504915005
11599,0.9908730973211242
11600,1.046767493265016
11601,0.4091783659785434
11602,0.4964909502359095
11603,0.324733453546008
11604,0.95455741757053
11605,0.802522897883013
11606,1.0569536398162434
11607,0.9804893683013365
11608,0.7083192600186764
11609,1.5616845195188094
11610,1.0459394410778273
11611,1.3261919106411295
11612,1.078301911240768
11613,0.48343567420509576
11614,0.7345876689875739
11615,1.9100483008617501
11616,0.5902068484748668
11617,0.7932307288554787
11618,0.6041242195579766
11619,0.3736790413325363
11620,1.1404039793942922
11621,0.6185766307071784
11622,1.3471752104448063
11623,1.5220726171026913
11624,1.5483515057214414
11625,1.6199007687230333
11626,0.40122970506139
11627,0.21200954601541785
11628,-0.283022076918557
11629,1.9378969745560748
11630,0.9456641655017775
11631,0.6328766907496532
11632,0.776365753682304
11633,1.387798293480842
11634,1.1385197093250896
11635,1.3134435009224894
11636,1.058544710060856
11637,0.7894995379853398
11638,1.363444265364542
11639,1.159703136638434
11640,1.3764699741065796
11641,1.6418219258288986
11642,0.3041645581654906
11643,0.5943798855666353
11644,0.5049190100712434
11645,1.2556592219913492
11646,1.3273710914013437
11647,0.8722560229716534
11648,1.2265112487306011
11649,0.8890385886062506
11650,1.5882663415424931
11651,0.7033714312443776
11652,0.8136428770447908
11653,1.0942451084864793
11654,0.4605073989055411
11655,1.5630211062666672
11656,1.4133579478497125
11657,1.7585905634009316
11658,0.9188557030207554
11659,1.478087275681366
11660,1.4605755672337715
11661,0.9798582805132848
11662,1.1090426510967901
11663,0.23158521332439264
11664,0.4330236795087499
11665,1.4919669114767844
11666,1.6308470465442726
11667,1.6646997906376018
11668,1.281516257848089
11669,1.3160421318657625
11670,0.5651982992669501
11671,0.29606455430556927
11672,0.9950660482971962
11673,0.7132220480476688
11674,0.06521216579816302
11675,2.351828870171215
11676,1.1311189242207569
11677,1.5385853966412886
11678,1.2404306561022338
11679,0.09051359529565359
11680,1.2076595512146033
11681,1.7342496088730561
11682,0.6619661303700064
11683,0.7162323105124329
11684,0.024941282413169286
11685,0.687139470774552
11686,0.6777855667987465
11687,0.6370875260217744
11688,1.3087351698306469
11689,2.20164566406599
11690,0.7232289533368464
11691,0.1805112223300274
11692,0.3686640467852081
11693,1.1666984005443313
11694,1.0187346957944188
11695,0.8008710329058744
11696,0.457435363686888
11697,0.6700972297323402
11698,0.6205991263825564
11699,0.902289102256159
11700,1.3166474065828329
11701,0.4981612773251179
11702,0.624533574282905
11703,0.7850525917807178
11704,0.8146377732058125
11705,0.7973282217354938
11706,1.741184273086592
11707,1.8209808872413915
11708,0.4284424405652556
11709,1.398809297985002
11710,0.6940739000170046
11711,0.5100398612756214
11712,0.7334861903117096
11713,0.9178022330590705
11714,1.7715520945989272
11715,0.7633124536069075
11716,2.115438728918727
11717,1.1839449631481855
11718,1.0296447459852827
11719,0.5935078016378581
11720,0.9690871650440981
11721,0.48979949161157105
11722,1.2954778844302357
11723,1.017788450745062
11724,1.0100734849514779
11725,0.7305508769427929
11726,0.8574238423923506
11727,2.8057441047996106
11728,1.284534468206357
11729,0.9006138513154258
11730,1.421231792259963
11731,1.1802421016781373
11732,1.0643601127004871
11733,0.793971016196755
11734,0.7149215375981364
11735,0.8021793780482038
11736,0.6810469466520649
11737,1.4719917267629774
11738,1.148034212007239
11739,1.3160353022411626
11740,0.846256444911781
11741,1.0911345527776797
11742,1.6745436376678526
11743,1.5084039578074535
11744,0.33133592110945553
11745,0.520829498776672
11746,1.3030016920926355
11747,1.6375011264836736
11748,0.14185049494672394
11749,1.4716120722932298
11750,0.8059354057147528
11751,1.9649244011384615
11752,0.899356138445814
11753,0.872935832934314
11754,0.4504651999542755
11755,0.6957783803500238
11756,0.4212975389622093
11757,1.0897753239629115
11758,1.3801981459672645
11759,1.3010931724248969
11760,0.7916307619471634
11761,1.4438107802000557
11762,0.820427877505997
11763,0.7233403265053788
11764,1.546910706536191
11765,-0.2159001651614409
11766,1.223312574737338
11767,0.7555928026877528
11768,0.4871514545450881
11769,0.48822501284941444
11770,0.8610702212498517
11771,1.2603117345767565
11772,1.4459188791187214
11773,1.554164270403065
11774,1.386127801121936
11775,1.2528754111700493
11776,0.5620542092513694
11777,0.27451296990155494
11778,0.04843295207056797
11779,0.5848338060975256
11780,0.8299013291626456
11781,1.419916987267182
11782,1.2740799894328498
11783,0.4356479506073753
11784,0.5049199532440832
11785,1.2651198188829975
11786,1.841710170119462
11787,0.29690862755652464
11788,0.6512717187445574
11789,1.941874390190399
11790,0.7277063042506199
11791,0.433620208240583
11792,0.5233661188798915
11793,1.5122759528319643
11794,0.7411360443351837
11795,1.2110065210569423
11796,0.3828317702090215
11797,0.6512070135714463
11798,1.2009919182227242
11799,0.8100778344857162
11800,1.0857752430191159
11801,0.8528281105867355
11802,1.2113360114264977
11803,0.3094916852969843
11804,1.1340958886116252
11805,0.8594661168957418
11806,1.0583760433653504
11807,1.3854960508195724
11808,1.5348900384468163
11809,1.2718067431081685
11810,0.3477547698831999
11811,0.9899357997941015
11812,0.451975104821971
11813,0.8441660045848743
11814,0.8797877669548088
11815,0.833247619370387
11816,1.0595378253459606
11817,1.2366411569796907
11818,0.9831764895658235
11819,1.7137135074284529
11820,0.4730056086790825
11821,1.0529184772052091
11822,0.4942525694447669
11823,0.5538346751512221
11824,0.22481482111440693
11825,1.2753984383719248
11826,0.39643498317596526
11827,1.2899968221997726
11828,0.4754078408558196
11829,0.7285123576511929
11830,0.6456276037784195
11831,0.8575188721709133
11832,1.8338248292163983
11833,0.6598814253477437
11834,0.6636673414538823
11835,1.3359603629085086
11836,0.7872743038680703
11837,1.6364328788722506
11838,0.6643664014188103
11839,1.0407325085151002
11840,0.9260342786116308
11841,0.8263716078346399
11842,1.2387289210349028
11843,1.314679232608579
11844,1.206842953858838
11845,0.9471446962954098
11846,0.9000069363866028
11847,0.42699251046216213
11848,0.3182454172945521
11849,1.349853702546269
11850,1.1129546706087017
11851,0.6997033117208906
11852,0.5969543783920586
11853,1.735535763901224
11854,1.0025561680881763
11855,0.753708008898172
11856,1.2861363085360076
11857,0.9782325084413437
11858,1.4299372045057819
11859,1.0269261275317212
11860,0.2754298220974024
11861,0.5768638985841801
11862,1.1185183357277761
11863,0.672695589612668
11864,0.45532621612099555
11865,0.22026968775198807
11866,1.2400350579566322
11867,0.8542254289711327
11868,0.4970182633020168
11869,0.6819389657375491
11870,1.372805110997387
11871,1.6203877191334115
11872,1.1346112681895337
11873,0.18705164055987555
11874,1.229018927767306
11875,0.9422208658797282
11876,1.104642335112891
11877,0.8124276770859329
11878,1.2232215674777618
11879,1.2242464403658826
11880,0.5223857960815597
11881,1.2143673774065336
11882,1.2204878608226104
11883,0.17887920882416627
11884,1.922567804700781
11885,0.3351059754717183
11886,0.8700757282155529
11887,1.392317886884885
11888,0.4673029470831722
11889,0.8439486891679462
11890,1.964860641776232
11891,1.0772625651000063
11892,0.5011322679854631
11893,0.8818651691761226
11894,1.067681789856095
11895,0.6867296758787811
11896,1.397408116107767
11897,0.714991346165838
11898,0.8533908515569867
11899,1.0316884236395896
11900,0.6263549503579204
11901,1.0974445202453356
11902,1.2260407664558155
11903,0.9789620633005935
11904,1.145945903169036
11905,1.7405427898877992
11906,1.2902616803583506
11907,1.4774381127250893
11908,1.542232553702996
11909,0.2828515834825758
11910,0.9825371759776492
11911,1.6115647233164012
11912,0.6300131294873813
11913,0.748672217749214
11914,0.7626380787994973
11915,0.6106340219603689
11916,0.5314207368189523
11917,1.4475332575539377
11918,1.5798151421385787
11919,0.6344082236549392
11920,1.1946321656627934
11921,1.2629261289267335
11922,1.1804109355992574
11923,1.1648725775619062
11924,1.193717609079607
11925,0.3532916923597198
11926,1.2498401541899071
11927,0.5957420955881931
11928,0.7768107729852392
11929,1.0968691105535568
11930,0.44873695885156434
11931,0.253565633786512
11932,0.6168037129717172
11933,1.4282923431879677
11934,-0.02116269620415373
11935,0.4943850191702542
11936,1.3488489904540628
11937,1.5340979465640736
11938,1.3224489029746826
11939,1.0850794734762579
11940,0.9008438132488058
11941,0.8968526716034861
11942,1.7076105404243376
11943,1.501021929579316
11944,1.1886580984930188
11945,0.8157647841420178
11946,0.5923830037633013
11947,0.14545556102671642
11948,1.1420085904248476
11949,0.6997248880946175
11950,0.9366307358188171
11951,0.8812517309889494
11952,1.186453900333189
11953,0.7740021296048991
11954,0.8593773429416116
11955,0.829318632403184
11956,0.9583576496403603
11957,0.8977543514805653
11958,0.30646074699880266
11959,1.2904874150284504
11960,1.3050803645556353
11961,1.295691220789756
11962,1.1042815939720876
11963,0.858484445432502
11964,0.43867675681309476
11965,1.797901048229579
11966,1.5566308335125671
11967,0.512021701502702
11968,1.2974989736005864
11969,1.2742207243091634
11970,1.1228626500155952
11971,0.7537720394524485
11972,1.2213590231445957
11973,0.4391707568787995
11974,1.0023743635495037
11975,1.383497165227105
11976,1.5703729004880693
11977,0.37185028647586277
11978,1.14943670912376
11979,1.116604159486745
11980,0.6575063773560923
11981,0.5115301413602156
11982,1.2905180151615945
11983,0.40285268035045946
11984,1.034201828044345
11985,0.9656481256533872
11986,0.57860791994179
11987,0.4534575239419364
11988,1.6476611561660972
11989,0.24518471296134134
11990,1.458004114534319
11991,0.8203096723476876
11992,1.3806038522105228
11993,0.20816262594862367
11994,1.28229655650059
11995,0.6982825808242509
11996,0.7305767818756579
11997,0.6834389135293653
11998,0.6630390074707673
11999,0.6637929370252091
12000,0.8477889239886776
12001,2.0612132246853516
12002,1.11491296380822
12003,0.6023228513326429
12004,0.6838600680604185
12005,1.0920404897561826
12006,0.4266402745555523
12007,1.4134802574784096
12008,1.0476712298776207
12009,0.35571377643138585
12010,0.1879727879907072
12011,0.8519615209138007
12012,0.8812640152961022
12013,1.2366151617414638
12014,0.3130716465691729
12015,1.477381825857379
12016,1.7822273180733044
12017,0.5122077373814071
12018,1.2470897415341817
12019,1.09153863286878
12020,1.289161944878218
12021,0.5037469182992191
12022,1.4392143484880173
12023,0.12498042074444662
12024,0.6572057017402388
12025,0.8459681536043588
12026,1.3969510912177006
12027,1.2819572689103227
12028,1.1338697239069033
12029,0.23181231623919574
12030,0.938941422669074
12031,1.2368327053881654
12032,1.1169164444812365
12033,0.41735358836749015
12034,0.4328597686986382
12035,0.3730781411539166
12036,0.3700864824473267
12037,0.9868928205754681
12038,0.9636302670260082
12039,0.7611304115711723
12040,1.7603141886553626
12041,1.4298167048914536
12042,0.7593960609232688
12043,0.6626559085228544
12044,0.8485319155759805
12045,1.237386176008032
12046,1.4783986272172736
12047,1.5927672261833548
12048,0.13671527980267445
12049,0.6644043085237789
12050,1.2688515248014236
12051,0.9664646196592179
12052,0.9486335037702746
12053,0.9127504608616257
12054,1.0368393695523266
12055,1.3464082637936365
12056,1.0539441462762236
12057,1.2277913379827574
12058,1.1457120782036816
12059,0.752846230278255
12060,0.5574240721921244
12061,1.7301228514680118
12062,1.3234481182732751
12063,1.0203943769663746
12064,1.1036818256468788
12065,1.3059548024450705
12066,0.9518447643873015
12067,0.6850768941160926
12068,0.45232254539102706
12069,1.0571764352706472
12070,0.3217468686802507
12071,1.5248611269476795
12072,0.6713120407336137
12073,0.8926485539866912
12074,1.63336456296047
12075,1.5201561190848603
12076,0.6349541479034135
12077,0.7982658546966603
12078,0.6596448060462206
12079,0.8324816672610537
12080,1.8612065751569005
12081,0.42220854118557166
12082,1.5604474407334075
12083,0.4931670209469644
12084,2.063526177864219
12085,1.9061898352850344
12086,1.057855734742427
12087,1.3187124397897518
12088,1.6484029892374732
12089,0.5628982290198588
12090,1.1264792527914456
12091,0.8623682411773765
12092,1.3335767539824792
12093,1.2653176273428806
12094,1.3486668392839374
12095,0.6141677225500962
12096,1.5257139201855352
12097,1.0109181343850986
12098,1.5541161971043622
12099,0.2751994069249831
12100,1.1034870846743314
12101,1.691609375645205
12102,1.4130380683622499
12103,1.8277081699596849
12104,1.2200770981663411
12105,0.9800778235338832
12106,1.6039949447979664
12107,0.39252559168486956
12108,0.5407332698823842
12109,0.3273478737588042
12110,0.8190862609977052
12111,2.2813875944126454
12112,0.6325774914169051
12113,0.9382143219945156
12114,0.6292927926148161
12115,0.9795765737828536
12116,0.9268716791868228
12117,0.602324486589
12118,1.823140628795431
12119,0.2605551242635875
12120,1.4240020776870015
12121,0.48620706603617836
12122,1.8892212870976244
12123,0.9843751158616869
12124,1.085282986108671
12125,1.5571147934907583
12126,0.6316925896418226
12127,0.8542149057043924
12128,1.2100944503021605
12129,0.6155750433714442
12130,0.4895580544623508
12131,0.25486198989779507
12132,0.520893439126373
12133,0.49479556705712596
12134,0.2955081476206406
12135,1.0067997568885456
12136,1.5048866588649739
12137,1.6984779047093161
12138,1.3386899088265376
12139,0.9851447354426306
12140,1.0646580491280906
12141,0.3061402909441902
12142,0.5869664530019281
12143,0.6018097203583904
12144,1.6059528046648972
12145,0.18153995996390196
12146,1.2567464288576664
12147,1.5631940851339112
12148,1.0413764787981672
12149,1.0517024479210306
12150,0.5966637758422937
12151,0.6655984696046168
12152,0.4026970064878825
12153,1.4390844327410315
12154,1.063711850431035
12155,0.4944938640748938
12156,0.3949439110072879
12157,0.24513777203066378
12158,0.31980891661050964
12159,1.1289330694606572
12160,1.1575192142590924
12161,1.402308776061153
12162,1.09522262568418
12163,0.6653851305305507
12164,1.2252915047143111
12165,0.8737778977246031
12166,0.8043271863574301
12167,0.6882570048135684
12168,0.8928160608914473
12169,-0.043888074059516655
12170,1.1869914192395983
12171,0.42815107350029435
12172,1.217347343264278
12173,1.191580319614955
12174,1.686072444644324
12175,1.2935205576556676
12176,1.022485283375573
12177,1.5851116511799104
12178,1.1546229499451046
12179,0.28723507928318365
12180,0.9466535330426402
12181,1.2205866029457124
12182,1.079481335907106
12183,0.5001819210442258
12184,0.5801217466306476
12185,1.1989731374323807
12186,1.2277491607447868
12187,0.42265493764594314
12188,0.6437280999495609
12189,0.29741386347106047
12190,0.5827992481425517
12191,1.4016927398870456
12192,1.905556220720533
12193,0.679480237831963
12194,0.6834724578415493
12195,1.299126168302469
12196,1.2225249776822977
12197,1.0913520230919704
12198,1.831769805182728
12199,1.2823538020231844
12200,1.3914304189028255
12201,0.5410335523677636
12202,0.4645857440653943
12203,1.6046993506417755
12204,1.1421307929893927
12205,1.3820942024109417
12206,0.48535741011445654
12207,1.243179147911144
12208,0.734893287957167
12209,0.23555611449641334
12210,1.2143060015517964
12211,1.5387551592685753
12212,1.2845172750113418
12213,0.5924361934993315
12214,1.1362758510682942
12215,0.39411657567352043
12216,1.6306202274529942
12217,1.4146459441152766
12218,0.3682434647418806
12219,1.5654091054628276
12220,0.3113827838441536
12221,0.4341900363592445
12222,0.17862820802219115
12223,0.8383428054890187
12224,1.3489869736666131
12225,1.1193214397250797
12226,0.9086545554444199
12227,1.58125277905318
12228,0.6526147020183398
12229,0.95247834275098
12230,1.028033545407891
12231,0.9747124868505852
12232,1.3242940976516822
12233,1.6472478655544158
12234,0.3697356928984011
12235,1.04712939061387
12236,1.0224242178144256
12237,0.26058298523475465
12238,0.9535807875223872
12239,1.5093170581217108
12240,1.321307417803518
12241,1.0367867227185172
12242,0.9164672441316145
12243,0.9387037771086179
12244,1.7860351435669717
12245,1.1888934202808235
12246,0.634616103545638
12247,1.0623333227621763
12248,1.4540830266761504
12249,1.3991502636439932
12250,1.2416592515008726
12251,1.6108619189021887
12252,0.8710183199356782
12253,1.6649978565613863
12254,1.0166886460867937
12255,1.0579460002335188
12256,1.2166329844851793
12257,1.4823278171775032
12258,0.43187507508540784
12259,0.8306054726201281
12260,0.6386906616942103
12261,0.13457153837005112
12262,0.8210009889275183
12263,1.10385945997154
12264,0.4158319743585842
12265,1.8319377091686262
12266,0.8011937187821928
12267,1.4692616752237098
12268,0.867872531940848
12269,-0.08199027274539261
12270,0.5926967915821133
12271,1.1187043213899024
12272,0.6294623998266542
12273,0.9172089008332377
12274,1.0085445592459
12275,0.9990494615271638
12276,0.5179133657716906
12277,0.7383370649674603
12278,1.5675979431493006
12279,1.186433900836501
12280,0.40629473000867367
12281,1.1626377691874152
12282,0.23722251142868905
12283,1.3326909331155952
12284,0.3640151197798611
12285,0.5436503644938171
12286,1.1162669577053974
12287,1.748678411729796
12288,1.1443530043330188
12289,1.5548004719534774
12290,0.702750958909864
12291,0.6727530398837477
12292,1.9828992975766568
12293,0.8152678273793255
12294,0.5859854697360314
12295,1.1347525262757083
12296,0.8561792338367923
12297,1.230578544461843
12298,0.5920027730699942
12299,1.0356664357422356
12300,1.1069849485479615
12301,0.601497933530838
12302,0.4988308385285979
12303,1.101393412330609
12304,0.5076889639318274
12305,1.2935099009146025
12306,1.7742254286303538
12307,0.9345093986037163
12308,2.0780276771443504
12309,0.8520422684563033
12310,0.936403785713755
12311,0.7606286243662871
12312,0.7246228494805894
12313,0.8992709219666073
12314,1.1943573759313848
12315,1.5800378824299532
12316,0.39248718833743645
12317,0.34263004174948225
12318,0.6842856879610584
12319,1.1329699105017068
12320,1.1028037060681286
12321,1.231321916510697
12322,0.6556733637868458
12323,0.0496291014315382
12324,1.38962823912034
12325,1.225045902375169
12326,0.4244611893031822
12327,1.1661701975973429
12328,1.899045801162346
12329,0.7519666824563476
12330,0.555178874568357
12331,1.2779936439445592
12332,0.659740463047226
12333,0.5534538614511632
12334,1.4118381990676887
12335,1.2839433116415813
12336,1.121498108950528
12337,1.6723009022117639
12338,1.192629764278539
12339,0.17535940526717825
12340,0.43888526857267385
12341,1.3384239713478736
12342,1.192525079583777
12343,0.45709879576189283
12344,1.3231712850139323
12345,0.5278271798555704
12346,0.7522745205060838
12347,1.3967837624612847
12348,0.30039533437857313
12349,0.1469618891423735
12350,0.7047464495552013
12351,1.2043437292032477
12352,1.028988938872989
12353,0.3648737295592839
12354,0.9951093682080271
12355,0.8488795002665626
12356,1.7617034759382122
12357,0.8455001694324469
12358,0.46891880955595583
12359,1.9023410259770204
12360,0.375554875010601
12361,0.969554129091815
12362,1.1444671033047515
12363,0.8902483383097091
12364,0.36763815394185606
12365,1.2924495132241893
12366,0.9988062712784154
12367,0.8223063657278759
12368,0.5945555313022659
12369,1.1228239390490538
12370,1.1637778255083209
12371,0.8491408854935327
12372,1.7080029394492633
12373,1.439796808109635
12374,1.5085319440062346
12375,1.442835080883445
12376,1.2636994316789618
12377,1.1897499313301028
12378,1.3783280266840543
12379,0.6911516794715697
12380,0.21898418086216495
12381,0.6664473363481946
12382,1.0317378305061302
12383,0.4918744849024175
12384,1.055232879814007
12385,1.4180923256195792
12386,1.9421154556739548
12387,0.9733580877790126
12388,-0.23170733781821795
12389,1.8141821893810504
12390,0.41988834564940014
12391,1.1257143559219962
12392,1.42034626055958
12393,0.8192841283025938
12394,0.2896326074196131
12395,1.5537622694731597
12396,0.4830074178103794
12397,-0.07482614864083709
12398,0.317884826463137
12399,1.348317742260822
12400,1.387157862265847
12401,0.5674704694534785
12402,1.205300966649332
12403,1.20597907407321
12404,1.1138753669456363
12405,1.0176997961822951
12406,0.42132512848248915
12407,0.47349795267351524
12408,1.119408855650467
12409,1.3200467214308935
12410,1.2235103850488298
12411,0.6803542671553641
12412,0.553925164436757
12413,0.16175729644957465
12414,1.2515083319249753
12415,0.4787286742187463
12416,0.7625639578960746
12417,0.31879689451830834
12418,0.9925033395081829
12419,1.612762513880625
12420,0.9137109759862956
12421,0.5517205043509802
12422,1.1043479485361911
12423,0.8638651701134803
12424,0.30374272266359253
12425,1.2073185497934398
12426,1.0993561073590512
12427,2.0313892384621344
12428,0.8426247233294573
12429,1.340302412867317
12430,1.7846411298447737
12431,0.09500558337178033
12432,1.4962863873882477
12433,1.209550338370681
12434,0.9986168072159075
12435,0.6539774964213078
12436,1.2509151670018168
12437,1.2470776852059715
12438,0.4412278162745678
12439,1.186957644958697
12440,1.0317893841720356
12441,0.44589842930205736
12442,0.8867298160902499
12443,1.394113937211712
12444,0.5816643003462979
12445,1.2689123917102547
12446,1.6219964925008128
12447,1.2595798455637985
12448,0.8432499910958111
12449,0.926315189757745
12450,0.7544764141369601
12451,0.5838943043987567
12452,0.6659997976878782
12453,0.6301515698750917
12454,0.9302747668145666
12455,1.2003553552939354
12456,1.0982203752837627
12457,1.2364986130147828
12458,1.2277114271412388
12459,1.0559902775759613
12460,1.150435889795441
12461,0.8965083851447777
12462,1.8338381042340606
12463,1.0489141640577175
12464,1.7881317239698897
12465,0.8005381809257719
12466,1.2800646419049244
12467,0.5940994661104193
12468,0.6757522379397707
12469,0.5213570455963437
12470,0.8387193096954921
12471,0.6114462452306795
12472,0.3049664174102467
12473,0.6300418307708695
12474,1.1924263555409016
12475,1.7671267130242307
12476,1.726873512909517
12477,0.38464755671343065
12478,0.8782570344944913
12479,0.9947771808697953
12480,0.7413547715939952
12481,1.70779057749114
12482,1.1702794682251239
12483,0.46093091167325256
12484,1.8205905625601346
12485,0.24386187888601543
12486,0.8797841817904751
12487,0.49095872591849155
12488,1.4033794666740094
12489,0.572307641550507
12490,0.4426119270933456
12491,0.9966995408809133
12492,0.9962261875478283
12493,0.3865829258902108
12494,0.33159217473837693
12495,1.2313649066048293
12496,0.817263188941599
12497,1.4520843922602316
12498,1.2580937971972368
12499,0.9382213958132031
12500,1.0686168634203852
12501,1.5639630160559412
12502,1.179415380375976
12503,1.165811260288684
12504,0.47424185808587793
12505,0.46612882382701154
12506,0.8101215060505853
12507,0.4871778797653558
12508,1.4688967563784527
12509,0.453784969891879
12510,1.2805840089024196
12511,1.2116106347803213
12512,0.8215626382824637
12513,1.2245565329714014
12514,1.1780518040154278
12515,0.7371739351279243
12516,1.416152797829028
12517,0.9777135310682232
12518,0.4479571909387035
12519,1.9061888157143416
12520,1.1784731513363713
12521,1.0017563052778107
12522,1.4598202000164997
12523,0.7668099251349634
12524,0.8073222768597643
12525,1.1228263775426832
12526,0.2776529090147612
12527,0.6048694034902462
12528,0.9792697947939661
12529,0.6154189457254949
12530,1.2784139967695136
12531,1.007483191109833
12532,1.317128484351018
12533,0.7028083838118424
12534,1.2682473399841154
12535,1.3165588677544922
12536,1.2566326846816183
12537,0.9306045102389959
12538,1.4543363956583752
12539,1.661459839228777
12540,1.5507146691972196
12541,1.0309957122818694
12542,0.7796109438036163
12543,1.5608135610933842
12544,1.8875031963991535
12545,1.2089015037460202
12546,0.44001121568062024
12547,1.6197043391414339
12548,0.4538780033106701
12549,0.7501217899933467
12550,1.160079638042656
12551,0.5622547832811453
12552,0.6512445770100705
12553,1.1912253725894573
12554,0.6826171868044288
12555,0.5338813492407003
12556,1.0440374977657343
12557,0.767243780739487
12558,0.7190536646947281
12559,0.9998841094477777
12560,1.4889313687856387
12561,1.7319419041706752
12562,0.5491690264950512
12563,0.6375766294827652
12564,1.3419876019843529
12565,1.0182873507897316
12566,1.5473404503004065
12567,0.9509279799720056
12568,1.882260319953329
12569,1.0200915810648468
12570,1.0734717850842856
12571,1.418845038967528
12572,0.8683843040320589
12573,1.7977906871925904
12574,0.7304306172994316
12575,0.5783322995676875
12576,0.6275563720158422
12577,0.9367069882670276
12578,0.8914110151410112
12579,1.538878709798253
12580,0.7952409606390212
12581,1.390820949865561
12582,0.4431982651164284
12583,0.3316358945642202
12584,0.5608315914405737
12585,1.9196834216368495
12586,1.3184748719061221
12587,1.2427575402193916
12588,0.591109813937093
12589,0.2224960604320953
12590,1.3918679597123402
12591,1.1212396765028703
12592,1.1385131486195625
12593,1.5922004282184767
12594,1.2153456198471306
12595,0.5424323617975635
12596,0.9655822691294744
12597,1.5110596238965965
12598,1.0060847479054296
12599,0.006706494476304226
12600,1.508803987276917
12601,1.4210215644392217
12602,0.42850181732208864
12603,0.39851410796284115
12604,1.143020064131134
12605,1.177045924309521
12606,0.44277045340889143
12607,1.3478112318303113
12608,1.1708146396674435
12609,0.9733063151290952
12610,1.1678404276378225
12611,0.5580162862784278
12612,1.1375613267090328
12613,0.612322964823182
12614,1.113344039634055
12615,1.2537487501730369
12616,1.0210199805520637
12617,0.7445166615385341
12618,1.4144056765720099
12619,0.5229922780280906
12620,1.2416758234838932
12621,0.9787559470495387
12622,0.6450480174732299
12623,1.5351117308683906
12624,0.368264580499056
12625,0.585915421747878
12626,0.5644952493168932
12627,0.5187561576426897
12628,1.1825627417893487
12629,0.8612734506006483
12630,1.467191400892406
12631,0.6409259622945311
12632,0.7287893171913116
12633,0.9360522463366668
12634,1.8707376511724383
12635,0.829521199858321
12636,0.4814070849552645
12637,0.8278431677727077
12638,0.6146358625323745
12639,1.2795713080114415
12640,0.795879201928605
12641,1.344713048987614
12642,1.6121713352519909
12643,1.4672992117245083
12644,0.4682168212040163
12645,0.8292834523879995
12646,0.7278240322660345
12647,1.6126723548960156
12648,1.8873771281280998
12649,0.2581334521185806
12650,1.0208742692570087
12651,1.391864605570209
12652,0.7534045482653187
12653,0.9420394582722087
12654,0.6629085978696739
12655,0.5097955303662282
12656,2.2439031757244683
12657,0.004583336259881499
12658,0.7026111179156482
12659,0.8461743997976936
12660,1.254804987435333
12661,0.6327632161914387
12662,0.8172601123712598
12663,1.069685260350727
12664,1.14361359785761
12665,1.0547772801679796
12666,1.1331509867313525
12667,0.5712697610123617
12668,0.498818315454718
12669,1.3789552853624674
12670,0.48752275390347044
12671,1.4543898599976912
12672,-0.06330187875711635
12673,1.5092312222627031
12674,1.4593664761970773
12675,0.3246328362406824
12676,1.2766262511049367
12677,1.9534991098401366
12678,1.0485125862401483
12679,1.1712775387016277
12680,1.335866790777989
12681,1.082962488143443
12682,1.2607122977103358
12683,0.4945585592089142
12684,1.2033500269095847
12685,0.8677776587538448
12686,1.7933599120507364
12687,0.8941801830386781
12688,1.5282883655676862
12689,1.1258580663027664
12690,1.119782621087807
12691,1.2447861786868506
12692,1.1382562664806475
12693,0.8311152807312318
12694,1.29365866136466
12695,1.848716016597963
12696,0.2675211905318264
12697,1.6746039660376737
12698,1.3605200591788371
12699,1.1601696177611593
12700,1.0308241878963873
12701,0.20201406587968357
12702,1.4159372740073843
12703,0.8985323709234685
12704,0.7828431711735868
12705,0.5246694565481241
12706,2.4641033192311736
12707,0.17622801606593913
12708,1.362207983612596
12709,1.249204762822607
12710,1.0105247688724104
12711,0.968621873711722
12712,1.0523724410913047
12713,0.2396032354527441
12714,0.5531782577862553
12715,1.0613522393707635
12716,1.210273344896097
12717,0.8782777513663449
12718,1.610841536452833
12719,1.6551112742414187
12720,0.43378256711268226
12721,1.0715815694794508
12722,0.2600978888082338
12723,0.9690755499063187
12724,0.9048909415160096
12725,0.4647481210462302
12726,0.7730087701052966
12727,1.092462318876612
12728,0.603201418417011
12729,0.8780142049386886
12730,0.4315287383512394
12731,1.3419548228226892
12732,0.5411662020171123
12733,0.6599212132314483
12734,0.25607022061261414
12735,1.306520155032414
12736,1.1293848453441728
12737,0.934637593146957
12738,1.1688983725530244
12739,1.7231023935480687
12740,1.1188675420671554
12741,1.508811040803203
12742,0.8225371856735776
12743,1.012271460800386
12744,0.34717603163453353
12745,1.5187312154308503
12746,0.29019263392236866
12747,1.0697214612136667
12748,0.5389230001944658
12749,0.7816461436877139
12750,1.034678513409033
12751,0.23907011636256792
12752,0.7651555239557577
12753,1.3304451364723497
12754,1.0578317281805787
12755,1.2133697513744033
12756,0.5975742378076008
12757,0.7610235827512659
12758,0.853126578814759
12759,1.3196503381256457
12760,0.38551548581590594
12761,1.4854902752809713
12762,0.5285867810971415
12763,1.058887311930376
12764,1.1185454934273675
12765,1.5712171701985898
12766,1.5339687827226585
12767,0.9137788248748168
12768,0.38035291198991017
12769,0.458963170802955
12770,0.6908363704258471
12771,0.7777433291501196
12772,0.25058088543280843
12773,0.7350802300568646
12774,0.8846204519920937
12775,0.8721134535448967
12776,0.9767404074030204
12777,0.4637805907493401
12778,0.4948525699906978
12779,1.474699343553431
12780,0.8978066987918952
12781,1.0167670629117695
12782,0.663178684845493
12783,1.2334222034443727
12784,1.587285460286919
12785,1.3655981549007297
12786,1.0985424410347342
12787,0.7719968220513718
12788,1.4900081985709863
12789,1.0638517163281291
12790,1.6827814134774997
12791,0.5800417099386903
12792,1.315737723712155
12793,0.3533681215795015
12794,1.487624589344056
12795,1.6379274247049778
12796,0.7006108786346816
12797,1.0655474740284867
12798,0.6613239947537739
12799,1.1798832975116857
12800,1.7438102726127707
12801,1.156921698708682
12802,0.6059163282974043
12803,0.7891413493602745
12804,1.589443685472216
12805,1.3842969579668134
12806,0.9266805694110127
12807,0.37918284387687523
12808,0.7696078465102509
12809,1.6497425578893439
12810,0.6075969351851077
12811,0.607709139668601
12812,0.5080617291983339
12813,1.0037252900171374
12814,0.033819613924868375
12815,1.001494483113476
12816,1.1326480358380304
12817,1.31766304612179
12818,1.149929129825359
12819,0.679778532785841
12820,0.6232116068997905
12821,1.0211931855890028
12822,1.3243608140521668
12823,1.0787409034112783
12824,1.0996671482756133
12825,0.7193123217762089
12826,0.5414739797974563
12827,0.31619585570750025
12828,0.2733463201765699
12829,0.6718732891917618
12830,1.2065531781245857
12831,0.9796138182969837
12832,1.2893270822391876
12833,2.1566945043899737
12834,1.8158040056996443
12835,1.110547376349944
12836,1.236388669083545
12837,1.272045686524863
12838,1.3855904021849477
12839,1.3834726560966493
12840,1.3938175902337742
12841,1.2867811038910726
12842,1.1693842115273458
12843,1.5501936212062772
12844,1.4663219151800273
12845,0.382822206943598
12846,0.6204606926492935
12847,1.3865903392432375
12848,1.2508992979073366
12849,1.4086849954091352
12850,0.582101888035857
12851,0.22054526094989885
12852,1.1363731436506945
12853,1.294023842377009
12854,0.17316979243463548
12855,0.8637570585540415
12856,0.45747885910859665
12857,1.522277456563209
12858,1.3870602374112335
12859,0.9458798542422728
12860,1.1297439610464868
12861,1.0433215655872516
12862,1.3751358919775827
12863,1.7665163716697112
12864,0.1961803221384519
12865,0.5101178803705847
12866,1.105441603095152
12867,1.3868388235530587
12868,0.9470133796114623
12869,1.1159584540967074
12870,1.0009669163033703
12871,0.9926121731246647
12872,1.1128130103777272
12873,0.7925195902520751
12874,0.854366840574903
12875,1.376818228605893
12876,0.9059044942946679
12877,1.3665233296881538
12878,1.319513538032893
12879,0.3344969814130562
12880,0.7242161123970197
12881,1.2880415746776022
12882,0.8771056492990459
12883,0.4723042339940745
12884,1.3530003280089224
12885,0.9699919330926465
12886,1.3467238283150647
12887,1.922913260410425
12888,0.35484553771193333
12889,1.2047781655669652
12890,0.9011356337343978
12891,0.47635575715527745
12892,1.3671282166698857
12893,1.7731632508145316
12894,0.31329416870474686
12895,1.702270962236504
12896,1.0509699561407722
12897,0.6629968983536436
12898,1.2136935988055233
12899,1.7462654780172056
12900,0.3122886799056997
12901,1.2820729058129527
12902,0.690598404142937
12903,1.0381504690734729
12904,1.3596470399159901
12905,0.3704079040978551
12906,1.40556376852239
12907,1.5118071381254299
12908,0.8932897655297812
12909,2.2151015948137633
12910,0.5209611859027791
12911,1.3705580050331116
12912,0.1598533836335583
12913,1.4319972443944926
12914,1.4813811772722074
12915,1.0397776276992143
12916,0.6241207041144143
12917,0.802611292632207
12918,1.2133491582367832
12919,0.6134493605162429
12920,0.5234461853780091
12921,1.5822907402706816
12922,1.6558605977557566
12923,0.9126365540899922
12924,1.1242646672099492
12925,1.6116159952218323
12926,1.5124287842192925
12927,0.4002088264381373
12928,1.5440531792403904
12929,1.627971154335213
12930,1.71181570173998
12931,1.991072307510318
12932,1.3507383303879932
12933,0.5007846481394524
12934,1.4594296336466732
12935,1.785508736995997
12936,0.6617107961437818
12937,1.177610031201402
12938,1.3891992166743183
12939,1.1031171586006046
12940,1.2003121928235252
12941,0.690290266313565
12942,1.757310666423857
12943,0.7503712390448125
12944,1.238410847582072
12945,1.6123494988077334
12946,0.28382396533811816
12947,1.4421855926677103
12948,0.5275933357505275
12949,1.361397104446405
12950,0.7510699618712331
12951,0.19025294618734034
12952,1.6118617984793513
12953,0.7967606606378033
12954,1.0920169852841108
12955,0.6399455186956151
12956,1.4257350948873955
12957,1.7994697294494957
12958,0.6864048522475614
12959,0.6146058171230679
12960,1.1642390970052072
12961,1.3381555806447503
12962,2.166404712561677
12963,1.5011696783220807
12964,0.7590678335022469
12965,1.1450511951578404
12966,1.0157285106555747
12967,1.5783624576937254
12968,0.7476897198479138
12969,1.2483143610554337
12970,0.6006775547251164
12971,0.34942978054993856
12972,1.575176585965739
12973,0.7789989986844592
12974,1.1090420804862762
12975,0.3812712463182269
12976,0.7233904074637036
12977,1.0294247706567745
12978,0.8179544704250011
12979,0.5769028900665437
12980,0.7700032386712504
12981,0.15521671913673268
12982,1.554933242486845
12983,0.572178978365897
12984,0.2572249294712585
12985,1.4091919623595948
12986,1.4736564337567208
12987,1.4720036998013608
12988,1.5067842925309867
12989,-0.33583496863209905
12990,1.0992975732896242
12991,1.1568330377555536
12992,1.5809712348822502
12993,1.0050768856087087
12994,0.4298741551604762
12995,0.6404540639360741
12996,1.6455582540239568
12997,1.0013898582319998
12998,1.5115057467035626
12999,1.236070914085841
13000,1.2387179256311274
13001,1.703421973937413
13002,1.1977237496544735
13003,0.3075741027627343
13004,0.7846824239287061
13005,0.43989725738582675
13006,0.6022091192727331
13007,1.2876852713263593
13008,1.5411825957483114
13009,0.5363290904968676
13010,0.9448258580159234
13011,0.4740120882335144
13012,1.8014040684307635
13013,0.18380943371927258
13014,0.2986651812426729
13015,1.0062593048147548
13016,1.6827995709808923
13017,1.1925432422350835
13018,1.2689926634642317
13019,0.6069981673066109
13020,1.0104315483194015
13021,0.9543610313813861
13022,0.9892264247029333
13023,0.6902380202980547
13024,0.6260127973265925
13025,0.5457497681676594
13026,0.6405332090352357
13027,1.0162503447710156
13028,0.95637327985482
13029,1.3580552283153948
13030,1.647988907342263
13031,1.0472369549559608
13032,1.7764898597380436
13033,1.0852429335059903
13034,0.7251663952878895
13035,1.1522731204349599
13036,0.37974883774462825
13037,1.093657553605628
13038,1.099612280809267
13039,0.5392517660874269
13040,1.7336576752544748
13041,0.8400530593582235
13042,0.6303352143290362
13043,1.5665607159625232
13044,1.1489995079110538
13045,0.7229456919927653
13046,0.46322645517481525
13047,0.4824452614676307
13048,1.4818003377920002
13049,0.33721960173876314
13050,0.11695532030554381
13051,0.5255649820491868
13052,0.439781631060447
13053,0.824456069990047
13054,1.380797877829563
13055,0.5143822547208771
13056,1.840223625343453
13057,0.446267097783589
13058,0.5352776836122128
13059,0.779642488717111
13060,1.5791101964839958
13061,0.5344381084913373
13062,1.1867458636115629
13063,0.7202004719627317
13064,1.2108384591462238
13065,0.8912006983258416
13066,0.9983762865305053
13067,0.36638161812254544
13068,0.29285868939335274
13069,1.1228336911683152
13070,1.3889205490479994
13071,1.3296714344425862
13072,0.8262770353009741
13073,0.5001510912221652
13074,0.5682955241130061
13075,1.2463065081211984
13076,0.17544818787752478
13077,0.3191286548965165
13078,1.6712435503464278
13079,0.8699469614573696
13080,1.9321824444023796
13081,1.1136542887595526
13082,0.06722718292272467
13083,1.074318578513381
13084,1.2676624873774136
13085,1.1763154409935235
13086,1.018360345065057
13087,0.5075978204471763
13088,0.20449318811959605
13089,1.036663641113833
13090,0.7302945358342715
13091,0.3645112206233778
13092,1.0028354084005981
13093,1.3024150147922922
13094,0.566411629857746
13095,1.79050309288851
13096,0.5821691123430673
13097,0.8553304095538161
13098,1.640047036077662
13099,0.9347535698392264
13100,1.006983826571398
13101,1.2848834488366925
13102,0.4911720006769125
13103,0.09100772944465566
13104,1.0702688124110584
13105,0.0890424937339564
13106,2.3801139275782486
13107,0.6106893277437389
13108,1.1931245187198347
13109,1.1322045085437695
13110,1.5722130312670202
13111,0.8092768891376443
13112,0.4720960124854734
13113,0.4351510743299182
13114,0.4688965269406543
13115,1.3561060036733326
13116,1.801422839341754
13117,0.5746493913890223
13118,0.4792356946971005
13119,1.2510316529692935
13120,0.7350142104353541
13121,1.861242157660762
13122,0.9086934674507743
13123,0.6886482759982427
13124,0.4868462510549722
13125,0.8193673860410142
13126,1.4267974218213753
13127,1.0499098717107858
13128,1.188609981136311
13129,1.5816629157856723
13130,1.0887490443790668
13131,0.7203331568623039
13132,1.0861022643586349
13133,1.0112051380102822
13134,1.1516748063252464
13135,1.181900974174784
13136,1.3361748090745196
13137,0.8892754250456121
13138,1.4068002010860527
13139,0.8016882072309713
13140,1.3899933507120341
13141,0.953104690103957
13142,0.3209942078241638
13143,0.5684200895528582
13144,0.6124574492295116
13145,1.2697910446345348
13146,0.8685137191447098
13147,1.3115432367430575
13148,0.8011128530974194
13149,0.5586355605345457
13150,1.2319103046425013
13151,1.4494360558173698
13152,1.310516463858841
13153,0.5028828383669309
13154,0.9413359208189658
13155,1.736904420952387
13156,1.3060343881763976
13157,0.9019773502927706
13158,0.262736510776869
13159,1.1473285186433981
13160,1.0039316291511717
13161,0.27092467494239203
13162,0.7588808967131957
13163,1.052583463181129
13164,1.1245797237150619
13165,0.6577832834895116
13166,0.2208108272290601
13167,1.7463717920865993
13168,1.082093474323847
13169,1.096531585611827
13170,1.5030779063943975
13171,1.6130439741690301
13172,1.193915407461068
13173,0.6459975683915511
13174,1.191342266391234
13175,0.8660083591871202
13176,1.7057628686316306
13177,1.0641679961661565
13178,0.2862776774375193
13179,1.1759332544915988
13180,2.3204147430282607
13181,1.5383952984255602
13182,0.8623339396731564
13183,1.726157114446023
13184,0.9940236469022468
13185,0.3963468946564308
13186,1.5992582354465306
13187,0.6785766317566526
13188,1.2454019426121175
13189,0.5191719106106631
13190,0.9030865299462408
13191,0.48085638611308434
13192,1.326287901417389
13193,0.641701398903948
13194,1.3538467401990262
13195,1.0970792189643792
13196,0.8367537122519684
13197,1.0650159269904491
13198,1.7960330137861682
13199,0.8459850297425603
13200,1.8156250111398142
13201,2.0017729272224676
13202,1.1420442599559966
13203,1.4430223841791445
13204,0.3688495732407248
13205,0.8071322695641737
13206,1.0185004053420135
13207,1.9012655278694905
13208,0.74632185215666
13209,1.6505639563834336
13210,0.7501599486253808
13211,0.523610626018935
13212,1.5702752833144817
13213,1.8413886444120529
13214,1.0317255712164806
13215,0.4529133118461868
13216,1.1314096807070548
13217,0.8745600630950194
13218,0.32118074877256814
13219,1.6287679088663891
13220,1.0658088961363592
13221,0.6412722061447969
13222,0.6280632737968485
13223,1.7075768709916332
13224,1.3602189252872179
13225,0.5739263558061158
13226,0.6640184408961964
13227,0.7466977596199474
13228,0.9925306428678738
13229,0.6309166223294896
13230,0.4250325360744232
13231,1.134060722127037
13232,1.909844061267802
13233,1.0456615872349713
13234,0.8024206570509872
13235,0.9048572873418556
13236,0.590062570250447
13237,0.9284732549298476
13238,0.8073972390767243
13239,1.001618702702834
13240,1.1583790416597224
13241,0.5649541220996772
13242,0.40492646311902425
13243,1.0681645795894745
13244,1.084174984375371
13245,1.1087164713771798
13246,1.1313630812837028
13247,1.0187874671810029
13248,0.987748843747025
13249,0.5287798510313682
13250,1.27333102416535
13251,1.3821985218223016
13252,0.3969505661241367
13253,1.0739891249236593
13254,1.6485898957469063
13255,1.167599872965519
13256,1.974839217498487
13257,0.6001906255857734
13258,0.3863364136566387
13259,0.6310984839043562
13260,0.5855996803739986
13261,0.15375897519184945
13262,0.45990547714115665
13263,0.6769444490273149
13264,1.1526422283188609
13265,1.5166237052117466
13266,0.6868059700447622
13267,1.3408771462363147
13268,0.9068577439449617
13269,0.8793848089545082
13270,1.3785680797335962
13271,0.959871077556246
13272,1.5980921265369616
13273,0.3327951500209129
13274,1.6473576840763657
13275,0.8738007721837885
13276,0.5630670775049477
13277,0.8377673095145215
13278,1.2485669716210985
13279,1.5109783407536603
13280,0.3943950876190513
13281,1.0258749474353261
13282,0.7642123426198215
13283,1.7267763121756055
13284,0.6708714138941146
13285,0.9943362188695577
13286,1.5633502527078438
13287,0.9964312954689443
13288,0.5677125022827628
13289,1.2637726885136769
13290,0.7214012962904731
13291,0.980979620538313
13292,0.43152861385843255
13293,-0.20294352429982912
13294,0.5280913480352696
13295,2.0265252773937283
13296,0.5408897422225196
13297,1.4809671410080103
13298,1.4984631757490554
13299,0.9822767300009204
13300,1.379086018197392
13301,1.4101848670727644
13302,1.5304020051325073
13303,1.3660857749232402
13304,0.8049117825712507
13305,0.5613468104130066
13306,0.6711213759753496
13307,1.0813446021991213
13308,1.170366122175818
13309,0.5810338818713638
13310,0.9320438169057801
13311,0.5055690502693334
13312,0.4374951323102282
13313,1.7709516502543607
13314,1.118182815915853
13315,1.1838337577510036
13316,1.1803342696468209
13317,0.5502457395571607
13318,0.7025151397882085
13319,0.44389475823610913
13320,1.6684838798070167
13321,0.8253320756081653
13322,1.2527477421193312
13323,1.590569264540616
13324,0.9920809332220616
13325,0.556431426919433
13326,1.2164500698632228
13327,1.19667113818487
13328,0.3231411756366032
13329,1.0010294582690729
13330,1.037660610079467
13331,0.774547135482159
13332,1.037735948347092
13333,0.9782395753304457
13334,1.2328553841759007
13335,1.0580466462730977
13336,0.662679318387543
13337,1.2430607472959392
13338,1.1012275197706927
13339,1.0347935430000876
13340,0.6431032881693558
13341,0.49672683812998597
13342,1.064734260848689
13343,1.1458293352635938
13344,1.75495220878983
13345,1.224389935796836
13346,0.4768091264534278
13347,0.5352491338276824
13348,0.2798884583253203
13349,0.6364393229112671
13350,1.0659314621651816
13351,0.9945718629448248
13352,0.9776812528791209
13353,1.4172848140701872
13354,1.0240042939565028
13355,1.5489736628022088
13356,0.966791991723263
13357,0.3403296530012514
13358,0.4082984257405064
13359,1.2307381031165692
13360,1.2016207231112934
13361,0.7025975556254294
13362,1.1112006299247728
13363,1.065641187698656
13364,0.5406974741370241
13365,0.48197614312017045
13366,1.4049007945841272
13367,1.0550902156396154
13368,0.6296779746872473
13369,0.8312632112243511
13370,1.5673559388697182
13371,0.7043638281931298
13372,1.2558338563207445
13373,0.5026338307455045
13374,1.3999229494711027
13375,0.9777417514009181
13376,0.5792444751562357
13377,0.9659498456866679
13378,0.6337232817399094
13379,1.3942139407731302
13380,0.8014265338900705
13381,1.0857543339076023
13382,0.4930968697593024
13383,0.47576424548308877
13384,1.5110113456587562
13385,0.8881891041452193
13386,1.1518402932277745
13387,0.6689042795862721
13388,0.9980808047472809
13389,0.36733490080222114
13390,0.721191126265051
13391,1.0797613082466433
13392,0.5973526829541959
13393,1.0073653492638228
13394,1.3591954427241024
13395,0.9978020166865599
13396,1.9447726727559471
13397,1.5332300248124502
13398,0.9630232700489416
13399,1.410544869117242
13400,1.653370629469192
13401,1.2121046006562008
13402,0.931699154362237
13403,1.0137181536555113
13404,1.447917714396835
13405,1.1109937325061328
13406,1.0181757970383352
13407,1.0996880580429027
13408,0.2942812871946184
13409,1.1436609875829085
13410,0.9674050845295706
13411,1.2209265730596819
13412,0.9431455173705592
13413,0.9260979131271584
13414,1.3874655731740422
13415,1.634825735303982
13416,1.147628304258396
13417,0.9215924987557967
13418,1.0085351122623538
13419,0.7607910477588807
13420,1.028732840673478
13421,1.548309326583114
13422,1.8024674207409532
13423,1.6059443106511977
13424,0.9117592557161298
13425,0.8894991593440889
13426,0.687246463184359
13427,0.696390130076092
13428,0.4638507552478416
13429,1.1194077548569297
13430,-0.07819935292730609
13431,0.6385502220319558
13432,1.515317952021664
13433,0.5457257382636335
13434,1.2925820515182465
13435,-0.029502691043317375
13436,1.289414957326262
13437,0.9051549593644572
13438,1.5518696743295126
13439,1.4791354949690483
13440,1.0576162518415406
13441,0.7450095559523469
13442,0.5322679155804411
13443,0.6061073610243215
13444,1.5980073684981666
13445,1.0804793200057339
13446,1.9458255483552223
13447,0.8872655447652698
13448,0.7062764459822863
13449,0.6165251942055272
13450,0.37640060361961836
13451,1.0967470162555382
13452,0.6941628265624689
13453,1.4798003250952516
13454,1.3873373560247795
13455,1.1622863854711003
13456,1.3648566588234678
13457,1.379188012186227
13458,2.081786783952987
13459,0.9046481280473679
13460,2.045625698422616
13461,1.5443279987962937
13462,1.637736234491813
13463,1.2781082597046483
13464,0.5799476784383784
13465,1.2447147702920496
13466,1.4877396297766534
13467,1.042983938426287
13468,0.536967513496996
13469,0.040648536417904724
13470,1.0070177158297018
13471,0.8953677151659597
13472,1.5038209045851225
13473,1.5369228447745649
13474,0.5587492674095813
13475,1.1662694637889301
13476,0.5585899402860411
13477,0.9316052508461685
13478,1.511718808856212
13479,1.489678307422724
13480,0.8401812567735618
13481,0.5897510476333491
13482,0.7342871633558525
13483,1.9001666993072985
13484,1.039469339012797
13485,1.500091629268069
13486,1.6599834716360893
13487,1.0384427380054835
13488,0.5799727652618021
13489,1.5367884652482078
13490,1.0468661913579502
13491,0.36349282084647344
13492,1.0451123409561653
13493,0.7592368238709182
13494,1.2484773065131156
13495,0.6685168538277533
13496,1.2786096159846279
13497,1.1250076102736262
13498,0.4875274002730493
13499,0.7604055182107128
13500,1.7083781649049579
13501,1.3098153537619228
13502,0.7292555433032024
13503,1.1542377771626011
13504,0.9130556754448313
13505,1.3072746953396794
13506,1.339203232316018
13507,0.39401561933471774
13508,0.8976816244143305
13509,1.6954101693904722
13510,0.5485148715546748
13511,1.059363242736341
13512,0.5895746950366103
13513,0.4542444816313599
13514,0.7662812904707115
13515,0.4609166043480999
13516,0.8754902370892799
13517,-0.0008142488836219153
13518,1.1128435257839164
13519,1.1275144805090345
13520,0.9811133824611817
13521,0.6081274171555238
13522,1.011674868623054
13523,1.2557367332951317
13524,1.1477907762693826
13525,0.8731900368169564
13526,1.627295216005213
13527,0.5590767585999173
13528,1.8416742296767072
13529,0.4355432255730477
13530,1.468462162247521
13531,1.2162618527832332
13532,0.2946992190453788
13533,0.9873780856744292
13534,0.3336944721970932
13535,1.38813962426441
13536,1.415186216727618
13537,1.0417257823282666
13538,1.3935872192148278
13539,0.9017294078414219
13540,0.8647167492322259
13541,0.9076095865831268
13542,1.1142489430344824
13543,1.027033624710549
13544,0.6382041332804951
13545,0.5746322159851859
13546,1.269837109588273
13547,0.34621913231026025
13548,1.3408074472245763
13549,1.838215228204553
13550,1.1510522994707835
13551,0.652028537788273
13552,1.6142206042326666
13553,1.5147915554371134
13554,0.49800673846201193
13555,0.31741107858679857
13556,0.44349949460501714
13557,1.1881879629858147
13558,0.6982172016043777
13559,1.1959020945521492
13560,1.23300331301263
13561,1.187892546939307
13562,0.4192686398727926
13563,1.1669857132968886
13564,1.3486802211635744
13565,0.9854973896581096
13566,0.6063156803218894
13567,1.2259537230527005
13568,0.7283512537510392
13569,1.2536288248238479
13570,0.7187952293527891
13571,0.6780546924437634
13572,0.7206041111840791
13573,0.5635565627130146
13574,0.4123878636242808
13575,0.5539683089020095
13576,0.5335619822056543
13577,0.8585457660709555
13578,1.0302695817243743
13579,1.566076316149094
13580,1.324807485507852
13581,1.3702574279701285
13582,0.8825324182055608
13583,0.9379650249030314
13584,1.103330702443892
13585,0.45726039649642203
13586,1.9204602183653119
13587,0.4740640802521653
13588,0.6266132484559381
13589,1.399441213229248
13590,1.8653249407905776
13591,0.3176652765872515
13592,0.3893498428436093
13593,1.0103520091655331
13594,0.3142367474514352
13595,0.8135924557580311
13596,2.024679657257245
13597,1.1569371567482296
13598,1.1915372718890476
13599,1.670204632249351
13600,1.3185097652244986
13601,0.5329452315927397
13602,0.8457222708115302
13603,0.2918859750150647
13604,1.5728709525102875
13605,0.3455655024465796
13606,1.4232962185865419
13607,0.5538626673254614
13608,0.5701514436490204
13609,1.6833555549638959
13610,1.350393281564346
13611,1.6617899980165856
13612,0.9934306836163924
13613,1.3934788595663776
13614,0.3441949554901521
13615,1.8873366964973886
13616,0.4663260780063685
13617,1.1944757317616612
13618,1.5457224349762773
13619,1.5739872300209012
13620,1.349952139653539
13621,0.9953793301981675
13622,1.2042583274928913
13623,1.8285046111270762
13624,1.3722124082827358
13625,1.7980210055555226
13626,1.1667016958460046
13627,1.4073558367475045
13628,1.5269435005921879
13629,1.0185230750387082
13630,0.5796084934946324
13631,1.7060054610903188
13632,0.16079789637647623
13633,1.5047865171956478
13634,1.010528122250101
13635,1.0762823812869777
13636,0.46837953747155114
13637,0.827418751339662
13638,1.2504564326203516
13639,0.43077983520300694
13640,0.9423250911259806
13641,1.12996008315907
13642,1.2865609546380723
13643,1.2856382424240498
13644,1.3010781493892525
13645,1.619860302445515
13646,0.7929658127969681
13647,1.3471205730641147
13648,0.5617343277988012
13649,0.08606000601462438
13650,0.8809483584072795
13651,1.0620448896781514
13652,1.3383170953436798
13653,0.27077332730714465
13654,0.7709751221115383
13655,0.9918772888725239
13656,1.2866592995734356
13657,0.8995116351783932
13658,2.1348389015532963
13659,0.7779193065031018
13660,0.5309940109405555
13661,0.4345102734922267
13662,0.6140486929386367
13663,0.2410111348190987
13664,1.5110792841978877
13665,1.1565453302934494
13666,0.37710647694009325
13667,0.9760809264926968
13668,1.0724359414080213
13669,0.6049704486155536
13670,0.9889906620389621
13671,0.7533755502451116
13672,1.476285225266965
13673,1.6509211842777805
13674,1.0931578917175797
13675,1.1749810912652299
13676,0.6507951653823226
13677,-0.2402865431670284
13678,0.8660723861861244
13679,1.0966685630559614
13680,0.28314919087984247
13681,0.4286939890441706
13682,1.3928166078017967
13683,1.069791089975784
13684,1.4586255718359913
13685,0.6200128706517267
13686,1.945345755921843
13687,1.484996686773655
13688,1.6407809270875946
13689,1.4306565727535818
13690,0.7488978953653865
13691,0.7919532813992253
13692,0.3496306789142861
13693,1.4567060978717303
13694,1.711355677023677
13695,0.8459894218264632
13696,0.6252377521969217
13697,1.2413026815964923
13698,1.9419177819954718
13699,0.5716332083433354
13700,1.1924470334369484
13701,1.1410058324032812
13702,0.21307974866340415
13703,0.4495083129291211
13704,0.9824961638289911
13705,0.3169609394765609
13706,1.111173698089257
13707,0.3813075410200504
13708,1.5686736711547182
13709,1.5270973867390798
13710,1.1191668553097482
13711,1.241907946502887
13712,0.7881036147885319
13713,0.603331555434869
13714,0.8836701896420047
13715,1.2925984153900658
13716,0.9929971300203502
13717,0.514745783267806
13718,1.766061785659953
13719,0.5462627486726636
13720,0.44502415172511894
13721,1.662577897656322
13722,1.068762306100125
13723,1.2867540847256191
13724,1.1527136174126242
13725,1.4844688164751798
13726,0.6325635292504023
13727,0.8983973192985126
13728,0.8453694521842554
13729,1.8511084837923746
13730,0.7141000781761485
13731,1.3117831481722435
13732,1.5909430323016163
13733,1.0269153177967631
13734,1.7290081064555962
13735,0.149669784550039
13736,1.077280705172629
13737,0.9931561555847626
13738,1.7398502271304375
13739,0.5871690457988209
13740,1.3017766761329777
13741,0.3712947208560209
13742,0.5350012523785803
13743,1.4963202139307183
13744,1.209067537743302
13745,0.9084855646747272
13746,1.4762459712571663
13747,1.2081958089395353
13748,0.8484920468661123
13749,0.5882929286234154
13750,1.093073825242139
13751,1.1605956989454076
13752,0.3548781588310074
13753,1.0507559399061188
13754,0.8644805148889543
13755,0.4780380788663856
13756,1.4999548940504468
13757,1.2152059372219508
13758,1.636046123249245
13759,0.8214800806401887
13760,0.27101801602081677
13761,0.5889284894511062
13762,1.0479766378079423
13763,0.7022236157198622
13764,0.6143946509510685
13765,0.6583268810815233
13766,1.3031435968721066
13767,1.11410259934171
13768,1.2390558498502655
13769,1.0222200766746428
13770,1.296813066717861
13771,1.12322146553249
13772,0.9119893509315664
13773,1.3777755395469335
13774,1.1241235550198008
13775,1.4562860520354153
13776,0.36281449087108997
13777,0.27017075699731186
13778,0.7463562267489676
13779,0.9543661291987722
13780,0.19767954254159217
13781,1.0195519677143516
13782,1.3857164748282071
13783,0.78840329218477
13784,0.5542142393605175
13785,1.6879708049601634
13786,1.0174171388924789
13787,0.8462293916521914
13788,0.8047895547133906
13789,1.542572195117783
13790,0.7240172709584982
13791,0.5181244439502124
13792,1.384996734383415
13793,0.7095594087676247
13794,1.4581531847905855
13795,1.4344425229196034
13796,1.6831174779257672
13797,1.6544231411619585
13798,0.9299451818665203
13799,0.3132530011499593
13800,1.528517270291546
13801,1.528881941680249
13802,1.658504976808187
13803,1.364201662324932
13804,0.32254426389115304
13805,0.3966286978303756
13806,1.3664713908692923
13807,1.6212369756949876
13808,1.112461115964101
13809,1.1141606661824566
13810,1.0552318530936216
13811,1.5414010212220184
13812,0.1969669649515268
13813,0.59575980225955
13814,0.9091074607151441
13815,1.644225469115704
13816,1.3994988553433825
13817,0.4395124534295505
13818,1.0266562212639636
13819,0.28973494899442265
13820,0.8042407965807317
13821,1.87813308834443
13822,1.5020997358404822
13823,1.7604249187396637
13824,0.7552201942244894
13825,0.9558165712757898
13826,0.8212448003725208
13827,1.325072787283912
13828,1.0771994926515946
13829,0.9401985949400533
13830,1.0488547485666424
13831,1.152951786099808
13832,0.7025184015381054
13833,0.7496650363452655
13834,0.8343037085007268
13835,1.1432532689607013
13836,0.9237112184479515
13837,0.6897807504104202
13838,0.6219573291220366
13839,0.9652744379224567
13840,1.3526671970928923
13841,0.5862817560457096
13842,-0.13011246903360246
13843,1.6459697118818255
13844,1.6390348486619544
13845,1.5361189705112501
13846,0.8652647113073577
13847,2.0765346144303063
13848,1.0117358117121364
13849,0.9575520576153013
13850,1.0683231677888962
13851,0.3932160194624672
13852,0.9076376631716974
13853,1.013903210950363
13854,1.0777364326330485
13855,0.9753394139138607
13856,1.4888491057388489
13857,1.031963592277126
13858,0.8677604938084331
13859,0.6149141764794436
13860,0.5213994530204291
13861,0.8947918511388318
13862,0.5535560639422199
13863,1.1739502487029916
13864,0.6786538434969336
13865,0.5362520924496554
13866,0.4404752227713345
13867,0.477945511668581
13868,0.6210581370288356
13869,1.69361211771771
13870,0.6120291936633919
13871,1.137769285903393
13872,1.360003508236833
13873,0.865239873413231
13874,0.6230802081802608
13875,0.9791835939995546
13876,0.4673360583984626
13877,0.5007676413621962
13878,0.9227699972740848
13879,0.5463875650787962
13880,0.535182555246114
13881,1.067175331183968
13882,1.276540360451691
13883,1.0417665367765419
13884,1.157695665053533
13885,0.9387960437784617
13886,1.0140864175907112
13887,0.3054301736071746
13888,1.3410915511090908
13889,1.598369471031868
13890,1.03920948844927
13891,1.0317381345284433
13892,1.2839484686640836
13893,1.1730394267676887
13894,0.4501867240416211
13895,1.757491623770008
13896,1.030563238185728
13897,1.09869473903108
13898,1.4206844372464809
13899,1.0641279178417518
13900,1.8962082954468737
13901,0.5526664176401567
13902,1.0440060056288858
13903,1.6423092767152583
13904,0.49650533182722756
13905,0.6740925221163896
13906,0.8901486755166739
13907,0.82367163804066
13908,1.591978829197827
13909,0.36990722196840614
13910,1.2381705290031926
13911,0.634692588671583
13912,0.9157355781595773
13913,0.5506265887847199
13914,1.1546848881776757
13915,0.4320165586495774
13916,0.18129548486507335
13917,1.2711522246715508
13918,0.5818866278975808
13919,1.0053407730189536
13920,0.8597033096252594
13921,0.723108487300423
13922,0.45909277243774493
13923,1.955968800256981
13924,0.9691588279797546
13925,1.4211879445299271
13926,1.0371673685999077
13927,1.376054282460522
13928,1.1176891199717693
13929,0.09711458914256055
13930,0.5046938612164713
13931,0.4414310956695434
13932,1.7273378307780356
13933,1.3106348691766887
13934,1.844235750813823
13935,1.4105728253617995
13936,1.2164834916605152
13937,0.23951994785917113
13938,0.8239190268587707
13939,0.560016749033642
13940,0.47066798009493604
13941,0.7346252858607795
13942,0.5672955894127738
13943,0.4722020189841015
13944,1.159825471880522
13945,0.729932089100879
13946,1.2431968183200754
13947,0.461004787434138
13948,1.1251685355258
13949,1.1869234237769337
13950,0.5922531464145581
13951,0.5651005085366076
13952,1.1539782749345426
13953,0.9199238405407935
13954,0.9536596471646686
13955,1.6707241081635087
13956,0.17530669242538052
13957,0.3876627623446325
13958,0.5527751177783088
13959,1.4785849662657222
13960,1.2096932142954997
13961,0.6042645827892099
13962,0.913306193219728
13963,0.9619539052229121
13964,1.35994557882451
13965,1.0345635659215504
13966,0.014183177337724562
13967,0.6281495693416732
13968,0.7288695773309768
13969,1.3724457559783356
13970,3.1019174578414557
13971,1.9081170137345305
13972,1.2547799200243435
13973,0.41023320863127133
13974,0.7510018001508434
13975,0.9941958657081893
13976,0.4117050537134855
13977,1.067325196595415
13978,0.6230111585855096
13979,1.2138841493275692
13980,1.190350445783875
13981,0.3431281218554171
13982,1.2555258623486292
13983,0.3572593862437386
13984,0.6032271197469726
13985,0.32863499895558373
13986,0.5691155882786214
13987,1.0186210300160121
13988,1.3262618775435882
13989,0.7361452845091784
13990,0.4523213388102342
13991,0.44612854240325694
13992,1.0957172032912708
13993,0.4639515177045641
13994,0.993904004912656
13995,0.970568040344074
13996,0.7542612343771679
13997,0.6027066199647948
13998,0.6489826757622372
13999,0.534639548721221
14000,0.6084251800895294
14001,0.6191583234248579
14002,1.2077593704409104
14003,0.9919158455554138
14004,1.038882191149187
14005,0.5648391764079919
14006,1.0224777963669354
14007,0.5511444139181905
14008,1.2000715904106523
14009,0.9984527176721081
14010,1.5281722718787059
14011,1.3790506000970426
14012,1.0562241844131746
14013,1.7796162722511017
14014,0.8686612760965442
14015,0.8658768653784155
14016,0.3118212946879325
14017,1.5200957101164079
14018,1.2334211050691999
14019,0.8349243653751683
14020,0.48276639054471354
14021,0.45068945380492975
14022,0.5725675301649951
14023,1.429721351210797
14024,0.3341070576395573
14025,0.7163045329081599
14026,-0.18563378003337833
14027,1.140626870550439
14028,0.5874210806951238
14029,0.9032506665836569
14030,1.2733185710187294
14031,1.2174659240254737
14032,1.042885932238067
14033,1.1727932939643586
14034,0.4471621219274031
14035,0.9589606579386659
14036,1.6137140916059187
14037,1.1463689761553657
14038,0.621592230427863
14039,0.7128911744707371
14040,1.4070432970457634
14041,0.49079671656557255
14042,1.3276016333523444
14043,1.2807622802041365
14044,0.5470351041619634
14045,0.68503328354381
14046,1.7457902372376972
14047,1.1480265000126568
14048,0.9283250167758418
14049,1.0624588937920774
14050,1.3638674455141877
14051,0.587865832875104
14052,1.1261879263595775
14053,0.6180710799470601
14054,0.7594191314688097
14055,0.738674925523077
14056,1.803330640885246
14057,0.6280501727388454
14058,-0.15964896262874056
14059,0.5394792417349786
14060,0.5634289805702528
14061,1.2638079710075
14062,1.0435270301979507
14063,1.500530956654404
14064,1.0158747726631718
14065,0.6841855033011344
14066,0.5258010646837451
14067,1.418450720902686
14068,1.236936594326745
14069,1.2918593570932746
14070,1.6630054640545997
14071,0.9364265253832125
14072,0.8776478975537614
14073,0.9233578134176685
14074,1.5823196779854918
14075,1.0146803725621403
14076,1.587745616277343
14077,0.5586108061999768
14078,1.3739811429271167
14079,0.47661629903250863
14080,1.3189886039154775
14081,0.2543700523323627
14082,1.2152922504796817
14083,0.1842761624082455
14084,1.4783915346815704
14085,0.5788689020161413
14086,1.0573305016030132
14087,0.04656492237651255
14088,0.9252132610292
14089,0.46992737731490625
14090,0.5972114545838036
14091,0.9432950101807029
14092,1.1095239918302013
14093,0.475081740915293
14094,0.11431848378269194
14095,1.849694322676686
14096,1.566219042446193
14097,1.1444931557024884
14098,1.4206939805212713
14099,0.677506314455339
14100,0.8729024429553337
14101,1.0744842497359177
14102,0.47420342127810555
14103,1.4724586580221422
14104,0.9439872352749553
14105,0.5876130117699594
14106,0.8328546243772573
14107,0.05906604635585694
14108,1.050625792336592
14109,0.9158746315683618
14110,0.6493173243760842
14111,1.3265160504042162
14112,0.3417137168579429
14113,0.8171745460868864
14114,0.6447846820911274
14115,1.0519998905953736
14116,1.4411436510637903
14117,1.4960075463761051
14118,1.1813108161453052
14119,1.682834525748789
14120,0.9737405814080128
14121,1.066020402069994
14122,2.16531490631347
14123,1.4028313123607474
14124,1.3256535500705944
14125,1.3364814091259836
14126,0.4587486480273192
14127,0.6116067679902247
14128,2.3106088251352466
14129,0.39389349317788863
14130,0.6027622416353932
14131,0.9161441486736636
14132,1.185688305083672
14133,1.2518754187589223
14134,0.9575479820338255
14135,1.6358841679772609
14136,1.0132924622612878
14137,1.7135636592244134
14138,1.1756523397474032
14139,1.3043944338450326
14140,1.0328508757735784
14141,1.144294722288259
14142,1.533587175725657
14143,0.19252949010036563
14144,0.7740124150318325
14145,0.7157998072928837
14146,0.583783830384261
14147,1.6420331623985873
14148,1.467135383267839
14149,1.1971120664145671
14150,1.2445469256626347
14151,1.6009304724673368
14152,1.250693106370892
14153,0.9053961125555461
14154,1.7746915362561362
14155,1.4775994110776316
14156,1.2377396520669512
14157,0.48276856664237544
14158,0.8341684994191256
14159,1.774419216193078
14160,1.4390521510019947
14161,0.903909416847055
14162,1.147698111286472
14163,0.9775702694227197
14164,1.1657388359474392
14165,1.3949938878828387
14166,0.545797167323149
14167,1.9167507849364536
14168,0.6820448509776207
14169,1.7145048054727734
14170,0.5820480062893862
14171,0.9820588349845674
14172,0.8843124169790542
14173,1.3905907999005382
14174,0.39199166223778265
14175,1.3653586960689095
14176,0.4669233152684242
14177,1.3996588994647525
14178,0.5749182371703895
14179,1.000133794612106
14180,1.577270696220641
14181,0.617651656387984
14182,0.3534215399809971
14183,1.5739650180337565
14184,1.0779671425108628
14185,0.940982832601816
14186,1.0427763594049866
14187,0.7168352238682807
14188,1.142739549927187
14189,0.4664046924326683
14190,0.9757077419764364
14191,0.9069302780109407
14192,0.5589815047480692
14193,1.4251725476854995
14194,0.6405621816214593
14195,0.49229879795957165
14196,0.33780296339018734
14197,0.8097353766569444
14198,0.2869468117294664
14199,0.4598510670159278
14200,1.0427376739945902
14201,1.2278417370194834
14202,0.4000167531679699
14203,0.71212185056664
14204,1.1045169309084384
14205,1.6225330285656174
14206,1.7566439950398187
14207,1.070321390681416
14208,1.2212593231298874
14209,1.3817992221235602
14210,0.977521391499891
14211,0.9436512968992119
14212,0.8809489381200049
14213,-0.01783989652444451
14214,1.4377192019394207
14215,0.40861789701572954
14216,0.43605550369161344
14217,1.1215476849919042
14218,1.0358111355083772
14219,0.35302873705612847
14220,0.2621696762367114
14221,0.39365219553667186
14222,1.014226499676531
14223,1.0523507227932904
14224,0.9634678818892455
14225,0.3151550642003896
14226,0.21908858207813403
14227,1.1533310667868653
14228,1.502312059753848
14229,1.1098322773747606
14230,1.3744919290780462
14231,0.4235822483051519
14232,0.9728268491146965
14233,1.4055128099174152
14234,0.8422143371660071
14235,0.7737432721673521
14236,0.5726774538665278
14237,1.0958405470110173
14238,0.3646238579978162
14239,1.0749200897152926
14240,1.4325352671010938
14241,1.1339215705123706
14242,0.62953718287335
14243,1.0650813665644554
14244,0.14346142313425725
14245,1.4138086021611675
14246,1.3901710773013103
14247,1.4629424675761329
14248,0.4908101418904476
14249,1.3343122978010085
14250,1.3724512075946982
14251,1.1888114189725325
14252,-0.1472682248880237
14253,1.5018528819909407
14254,1.1325539433967404
14255,1.1711654857230291
14256,1.0109830632324635
14257,0.4525107593940312
14258,0.8386903126145085
14259,0.4559821907663979
14260,0.521091837174705
14261,0.929934720737329
14262,1.4955841435501194
14263,1.4143092321414987
14264,1.314320836605701
14265,1.0419395658888135
14266,1.7094170096624273
14267,0.874956253527641
14268,1.0794163557224923
14269,0.7789859736337406
14270,0.8308490764588554
14271,0.1666615978068229
14272,0.9828288981389033
14273,1.2972368164362456
14274,1.4118276546364987
14275,1.5775713774416722
14276,0.8406659707664487
14277,1.1003807701549138
14278,0.7311245620999409
14279,0.31321049086961206
14280,1.2846723812388605
14281,0.682513405932539
14282,1.659559810709624
14283,0.9626433073217305
14284,0.6078582682411433
14285,1.3498007735564
14286,1.248401102122741
14287,1.1042349694808098
14288,0.9398425619183465
14289,1.697669701930431
14290,1.2261573647538586
14291,0.9650586335774527
14292,1.140507843026012
14293,0.6122031324915348
14294,1.5462478875443924
14295,0.624991470953494
14296,1.3893106394710575
14297,1.2622644653999155
14298,1.1825295858643818
14299,1.0417653925100976
14300,1.4799560992485064
14301,1.0594441632142093
14302,2.0953217399311135
14303,1.096056007982678
14304,0.48021867395147355
14305,1.4730354553501328
14306,1.1489424136214568
14307,0.6069783491686588
14308,1.0168786126016458
14309,0.5551011782942502
14310,1.4994708209981322
14311,1.0577794882739793
14312,1.141298844067264
14313,1.1129819248182038
14314,0.9033079778612829
14315,1.1266088285554856
14316,1.097718224249522
14317,1.6966961044315432
14318,-0.23010506606174577
14319,0.3956465364276903
14320,1.3764505189648122
14321,0.15783792810068037
14322,1.3480487129910237
14323,1.4930667134856836
14324,0.8521265061734363
14325,1.2901160104510812
14326,1.6667494541891026
14327,1.3927693316895067
14328,0.8157597760384724
14329,1.09217747279823
14330,1.2406130682903374
14331,0.7657160812378082
14332,1.0832709012130057
14333,0.8122753051908187
14334,1.4518303246397464
14335,1.3092426508577535
14336,0.33923637662310574
14337,0.8146724597591126
14338,1.2902741502095725
14339,0.9472012789351165
14340,0.8538713219011
14341,1.5421344537219603
14342,0.45730113671117256
14343,0.3174988180952594
14344,0.3297167509417395
14345,0.7872229189498255
14346,0.24962167516688913
14347,0.9068279748154131
14348,1.4908824859491903
14349,1.370681472342581
14350,1.1069151363424852
14351,1.0869187747281506
14352,1.3991099855374527
14353,0.28218264117538594
14354,1.2983843444131904
14355,1.0472246927219722
14356,0.880857313210386
14357,1.057902080892243
14358,0.708491615465382
14359,0.978824750682516
14360,1.136199508580732
14361,1.2069614993391649
14362,1.3448761149767667
14363,0.48833674908647395
14364,2.078827933887868
14365,1.339708623771315
14366,0.14405903889141156
14367,0.5431504486108049
14368,0.9731188591754233
14369,0.663802566901196
14370,1.5140680985642931
14371,0.2735749966928818
14372,0.8253345434398491
14373,0.6463300644805694
14374,0.884495065549508
14375,1.1946077757360563
14376,0.6703039736650507
14377,0.7974956468322834
14378,0.8791844735911422
14379,1.6832396456670502
14380,0.6098169011229653
14381,1.1822293640955817
14382,0.5517030666033496
14383,1.4502691105515197
14384,1.1469122467644062
14385,1.3862734815372262
14386,1.2799388013946396
14387,1.8609965774037225
14388,1.0679800597370805
14389,1.642874914864981
14390,0.03817898967790449
14391,0.34390610829323287
14392,0.5461285107428713
14393,2.0753377428046553
14394,1.6220999721798968
14395,0.6078315757226436
14396,0.37435078161790636
14397,0.5164393838660554
14398,0.37801775815550903
14399,1.2823859297724711
14400,0.6943249259111648
14401,1.5738671586881379
14402,1.3068709279733886
14403,0.601173012379915
14404,1.300374283796224
14405,1.6477172922725984
14406,1.6651236096277673
14407,1.1787127612418176
14408,0.9399534071200439
14409,1.8463414691943627
14410,0.9683151699718415
14411,1.6320237918650746
14412,1.6183420176272052
14413,1.1452058068410844
14414,0.2292055888214632
14415,1.5753781072301556
14416,0.8895686999713095
14417,0.6419994048911621
14418,1.0621133237387632
14419,0.5013656029404712
14420,1.2323359518233856
14421,0.3927677438491082
14422,1.2832375318675595
14423,0.9040544851565406
14424,0.49365612995089736
14425,0.5183339792848974
14426,1.1764961283108328
14427,1.2986929690126034
14428,0.9439327555362047
14429,0.8223085006257366
14430,1.7846977337077923
14431,1.6225184583797252
14432,0.7707951724813988
14433,1.097224713508957
14434,0.5594506662214115
14435,0.7120057331254304
14436,0.05075045097081926
14437,0.9593228620130075
14438,1.3200845812639175
14439,0.9795509116771519
14440,0.5784624863209156
14441,0.5506990864345491
14442,0.4871257844428002
14443,0.7069731914251016
14444,0.9291113672252285
14445,0.7950183059289728
14446,1.5294166349451812
14447,0.7879364969067797
14448,1.1849394737469006
14449,0.9330760560665621
14450,0.43734897926080835
14451,1.1095902171695642
14452,0.674127385938228
14453,1.0880332283171419
14454,0.8989610828703225
14455,0.9194691362435798
14456,0.4676607381799702
14457,1.1256253862335885
14458,1.182765828460402
14459,1.136648574691355
14460,0.421725156388257
14461,1.3276848266212682
14462,1.5287362295443487
14463,0.3294443705134707
14464,0.6607741856733302
14465,1.0145926761116728
14466,0.9847403136273634
14467,1.0142818409337866
14468,0.9264559356390375
14469,1.2936795836221187
14470,0.5746797011886517
14471,0.7870786036627415
14472,1.650577602161615
14473,1.5223545064756174
14474,0.24281546249750907
14475,0.482555820929573
14476,0.3892882397108996
14477,0.5803301823643643
14478,0.6752857789579241
14479,0.9535046381023726
14480,0.9772380862977188
14481,1.5458766311364593
14482,0.5885981744501683
14483,1.1205921302807282
14484,2.173945903993576
14485,0.969852270500325
14486,1.5528739208717048
14487,0.6372371308634344
14488,0.6760205387045177
14489,1.3895664461897121
14490,1.3398514249541207
14491,1.0384969863139817
14492,0.16359372501303698
14493,1.0816974767737664
14494,0.08491923413957345
14495,1.2628427690441528
14496,1.217890537681967
14497,1.7766121174593557
14498,0.6367921559311764
14499,0.497197491107239
14500,0.9231880132108525
14501,0.4240063571955077
14502,1.169216349268633
14503,1.9074260000182592
14504,0.2030996632496802
14505,0.5692851219296321
14506,1.5270163466117799
14507,0.8178710373192841
14508,1.718803730249639
14509,0.8258670867243615
14510,0.36461952112872964
14511,1.5545402784393678
14512,0.9680370681453989
14513,1.082191611742707
14514,0.2738897833001611
14515,1.077963981057795
14516,1.4267374549636251
14517,1.267546609190303
14518,0.5579613841468327
14519,1.1811606274412765
14520,0.714475994786231
14521,1.334507374807745
14522,0.1509072072922095
14523,1.0984881591042166
14524,1.029322753298195
14525,1.3496778665442397
14526,1.4925998338217843
14527,1.3142292011783525
14528,0.36037046368667386
14529,0.5635570328194613
14530,1.3854032478941973
14531,1.2918182546559227
14532,1.1539055924931598
14533,1.6129269600945715
14534,2.135908707424432
14535,1.3534198235144013
14536,0.8655146153560221
14537,0.5032558979691419
14538,0.40138759871728746
14539,-0.49659624787732287
14540,0.5280609947265805
14541,0.6252233345430048
14542,0.4431116290162095
14543,0.49804224298854427
14544,1.1546389282952105
14545,1.3197944308272334
14546,1.2084472767084042
14547,1.6788697038355795
14548,1.1841662760526444
14549,0.7178362935550822
14550,1.1574286093381314
14551,0.4624190448946601
14552,0.20847466738445197
14553,1.3766256125582128
14554,1.0490585696838357
14555,1.3942049026196437
14556,0.2741763864456312
14557,0.09698029721288787
14558,1.5065219972372126
14559,0.449954279453142
14560,0.6776276344512117
14561,0.5988607771726151
14562,0.7786603223776358
14563,0.5443992955804114
14564,0.22155769726407784
14565,0.978039967357473
14566,0.6482669757596219
14567,0.8399119237832742
14568,1.822137031794334
14569,0.6043021637331694
14570,0.867333399016774
14571,1.3979606181178914
14572,0.6651452745310887
14573,1.291597165377349
14574,1.033712481642903
14575,1.865136770345404
14576,0.6646817389387778
14577,0.90912088383071
14578,1.6985852288702428
14579,0.8146521134542729
14580,0.6497526481343219
14581,0.7296603031861442
14582,1.163457485034909
14583,1.325260512800213
14584,1.326579113671275
14585,0.7976880800980316
14586,1.1758766533100753
14587,1.2235045064563057
14588,0.5825599956637922
14589,1.2051385406511725
14590,0.6454040322243901
14591,2.4536419169070194
14592,0.4167227071642844
14593,1.214044142010061
14594,2.1090476417005437
14595,1.48495227222352
14596,0.29192525977792483
14597,0.47564961627376245
14598,1.5029741403667185
14599,0.8591622768055753
14600,0.7926132081296217
14601,1.426491858993857
14602,1.4763495319846043
14603,1.799889600916691
14604,1.4965815934329756
14605,0.9561462627735445
14606,0.7115468629604467
14607,1.0984901229724742
14608,1.0078806484396388
14609,1.2669614067461659
14610,1.0260812276110893
14611,1.6114769232640493
14612,1.3975348345264347
14613,1.2852173791343033
14614,0.7942544074898256
14615,0.03843749875555419
14616,0.6396278236987148
14617,0.9166354341642924
14618,0.712867290655206
14619,0.7394642994696984
14620,0.6126250524178297
14621,0.39177844750178176
14622,1.7090064471271718
14623,1.2295344152658894
14624,1.5409270978071086
14625,1.4608669926539484
14626,1.127809626181879
14627,1.344791357878216
14628,1.0465238327600521
14629,0.9341317135734623
14630,1.1553995722935793
14631,1.5559077703254436
14632,0.5273492718764718
14633,1.200061269057365
14634,2.119924341198043
14635,0.38489406805054244
14636,1.2203795837163767
14637,1.3037602393171244
14638,1.3351039307504973
14639,0.6995939638132
14640,1.5788670568938339
14641,0.4656015307918714
14642,0.5491963762405573
14643,1.577211052811954
14644,1.1905144795149907
14645,0.5427397299943203
14646,0.2364931798689882
14647,0.42082310232156517
14648,0.39459912431756317
14649,0.3448496095911674
14650,0.14861711900356542
14651,1.2421327693261217
14652,1.4128807710864737
14653,1.1333415834643539
14654,0.3200810761547423
14655,1.5174076529696214
14656,1.5257635134610823
14657,0.9373532194770926
14658,0.39696834587261504
14659,1.7950592079702217
14660,0.3833456088768435
14661,0.6463332777976534
14662,1.1328027078811247
14663,0.7086913063168236
14664,1.0615115889910225
14665,0.019835864907553007
14666,0.8694469614672333
14667,0.22085733838073124
14668,0.6701142595299243
14669,0.631183196498417
14670,1.4775920011445889
14671,1.7874429401098348
14672,1.0841907400099404
14673,1.098964567754431
14674,0.29706377760580127
14675,0.1495116674382529
14676,0.5062469740547664
14677,0.2981919910301668
14678,1.0730423618105596
14679,1.0227139148014228
14680,0.10593932899236622
14681,1.5872716660166533
14682,0.42389880473495817
14683,0.21943941145554574
14684,0.5113644230133974
14685,0.524943928596075
14686,1.5257372783068006
14687,1.1617357556109893
14688,0.07104344092827637
14689,0.3093010784317524
14690,0.9009177847838978
14691,1.098569808439895
14692,0.9545042248072696
14693,1.6337656193561
14694,1.068172604011865
14695,1.2737708092160247
14696,0.43291656183008825
14697,0.398855241570814
14698,1.2520865256931462
14699,0.9238158546016435
14700,1.448674441305355
14701,0.7542626527252305
14702,0.9432298049577574
14703,1.5774666344479984
14704,2.0925651828479532
14705,1.322154836836887
14706,1.739717455318413
14707,0.18149147518214595
14708,1.0662212634404447
14709,0.6183370342235106
14710,1.7232603649933693
14711,0.6893791061434271
14712,1.4580913339143586
14713,1.042966752611515
14714,1.051460252648471
14715,0.5604588888335833
14716,0.9843727663302592
14717,0.9194711344264619
14718,1.0005674977811196
14719,0.9399623132056456
14720,0.6410015543228293
14721,0.64357869391397
14722,1.2211585864957137
14723,1.370103467234947
14724,1.0335009090781746
14725,1.2874103385973932
14726,1.0781123376450075
14727,1.5505296928074335
14728,0.15124173558720352
14729,1.612922966531313
14730,-0.2039984346583465
14731,0.7887131682383084
14732,0.5693847413372122
14733,0.908544470374669
14734,0.9011819553765386
14735,0.9808076980310501
14736,0.5349558984267269
14737,1.2119394018053484
14738,0.4923680796836311
14739,1.4675421797378148
14740,0.5981969196768587
14741,0.6213878728575535
14742,0.44970968368322145
14743,1.121280246442605
14744,0.7431902690475709
14745,0.8757345097021605
14746,0.6285382613547321
14747,0.5600764334588837
14748,1.4946729298977859
14749,1.204967354028262
14750,0.8862762287874775
14751,0.8044319318265278
14752,0.2643766760095513
14753,0.8800847120700196
14754,1.2692320106416362
14755,0.03789016730710193
14756,1.421126719249819
14757,0.8936888226632113
14758,0.7071911020732243
14759,1.4259755026343917
14760,1.042822784139847
14761,0.7554503108608599
14762,1.309159455343616
14763,0.4635387865801638
14764,0.3574479190006358
14765,1.090592544187012
14766,0.5751249913601855
14767,1.4542055321624954
14768,0.7241411739122573
14769,0.9197983094328318
14770,0.47292229870763314
14771,1.5620930170080989
14772,1.3442496238541906
14773,1.485952194768181
14774,1.3692291577371751
14775,1.0415941923974488
14776,1.2213587344961365
14777,1.429343632956226
14778,0.3975038903217334
14779,0.5980441123077397
14780,0.9369112985505887
14781,0.8164411472092918
14782,1.073519843015523
14783,0.5755516201722539
14784,1.0408725547911806
14785,1.2417775207307438
14786,1.580818563536726
14787,1.0855478948703736
14788,0.678890055383441
14789,0.9784616848233942
14790,1.0785927432316023
14791,2.3055203817547327
14792,0.37610881324063933
14793,1.1640135285234
14794,1.2392825007553538
14795,1.2262521072896855
14796,1.193904689455989
14797,1.7553739076567025
14798,-0.3238021454286993
14799,1.220997391944384
14800,1.1619438782970202
14801,0.06578878878202732
14802,0.8494858721103353
14803,0.2884878955199228
14804,0.5276840417116931
14805,0.3841275150658815
14806,1.1037762711456804
14807,1.1200426616427164
14808,0.8735153326434704
14809,0.7575898403959723
14810,0.3915012828484019
14811,0.9795223714631338
14812,1.2014408654090458
14813,1.259733719832373
14814,0.24682132186097105
14815,0.5611458574113163
14816,1.2492425058339394
14817,1.57064920878461
14818,1.6002101108902682
14819,1.049519483116592
14820,0.4574907650927017
14821,1.0727775604945118
14822,0.9574254381940397
14823,1.1862420649655334
14824,0.9940840341390007
14825,0.30137869526441463
14826,1.3433385617597
14827,1.5019651657652653
14828,0.5044623499263869
14829,0.620882544765198
14830,0.8490755625703277
14831,1.8292439479647156
14832,0.7429617682071598
14833,0.5368201869930578
14834,1.3752050860717127
14835,0.21598873600415425
14836,1.1036761261214953
14837,1.6834388956625657
14838,1.6485646085369217
14839,1.591480805430221
14840,0.7710581179072542
14841,0.7014989635651998
14842,1.249334532668386
14843,1.8971187354563208
14844,1.6333934990543755
14845,1.4855496383034965
14846,1.5191415839297857
14847,1.8322107590764753
14848,1.1723105212401923
14849,1.099029565359592
14850,1.8081405749776644
14851,0.321118277254523
14852,0.5038431682978968
14853,0.45202696728577707
14854,0.5288119121413591
14855,0.9085842608113963
14856,1.0108733562128547
14857,0.950495855859543
14858,0.9096981107813106
14859,1.327988427526222
14860,1.1807993970326602
14861,1.2910418313679253
14862,0.36882505071488936
14863,0.22450435555358697
14864,1.0885022123753405
14865,0.2702965183836342
14866,1.2922923882797273
14867,0.7326645138790735
14868,0.8645361402316795
14869,0.9487685909740824
14870,1.586977261237795
14871,0.6112641804853554
14872,0.7911639859951074
14873,1.3102731268847037
14874,0.5258314615090728
14875,1.211612103903487
14876,1.4720017916370332
14877,1.137911168596303
14878,0.3679104024591682
14879,0.8463045401513833
14880,0.5196238885345481
14881,0.442043178825587
14882,0.593313044409123
14883,1.1671357261213995
14884,0.34797233565181074
14885,0.9695626052525945
14886,0.6507623107582697
14887,0.5746882071779288
14888,1.522905253147816
14889,0.5723300481406455
14890,1.0773549592224818
14891,0.9723489351247382
14892,1.400888908047499
14893,0.31697979242023694
14894,1.5164902199692802
14895,1.2801279312695115
14896,1.0143127659673914
14897,0.852407201059285
14898,0.5519786775825021
14899,0.2847285457183385
14900,1.3361376456747558
14901,0.6066125502031894
14902,0.6641559505894126
14903,0.548861362082262
14904,0.6478210521969292
14905,0.1191011450754669
14906,1.7780160969461334
14907,0.5235135454330999
14908,0.44465327272679184
14909,0.9377089413521662
14910,1.868942534297225
14911,0.3177836868596505
14912,1.671058022347614
14913,1.7034605474685853
14914,0.8519718941966339
14915,1.1944815622159635
14916,1.0612215957364037
14917,0.45097983779806544
14918,1.2600655458053
14919,0.6429128404624582
14920,0.7756261290269605
14921,1.5137944559590748
14922,0.9419371707640655
14923,1.2937018394399387
14924,1.1430397160750425
14925,1.1998341584668222
14926,0.5401304019628629
14927,1.3453136427205221
14928,0.9258065740499387
14929,1.3300814404377652
14930,1.9111561601046942
14931,1.1743339259521743
14932,0.6189303784874892
14933,1.2257688456284634
14934,1.573439101007908
14935,1.03386246549006
14936,1.7917025941611917
14937,1.3104121409914076
14938,0.8250241895103563
14939,0.6906749711359176
14940,1.1889035478497454
14941,0.6711370626003296
14942,1.3133401292282278
14943,1.5933194221000102
14944,1.8601294599616414
14945,0.9414724335437893
14946,1.3273501270668837
14947,1.210666010618856
14948,1.6370007900519052
14949,0.5099563403121516
14950,0.8115154147053332
14951,1.2146431647498808
14952,1.2306590822280787
14953,1.6197629158335514
14954,0.18829875130598023
14955,0.5128372719546723
14956,0.6488620341932778
14957,0.9678099428459921
14958,1.4241059491543535
14959,0.3016766881485539
14960,1.3259198769299418
14961,1.1856053550911565
14962,0.581528440126102
14963,1.196899579715462
14964,0.4152637980117264
14965,0.9862802319145691
14966,1.1321227342438702
14967,1.6415819982386441
14968,1.0677986646907671
14969,0.30360459678341917
14970,1.3592897409866294
14971,0.6359047733980996
14972,0.3595733374698658
14973,1.1137171113626352
14974,0.7322928598643398
14975,0.48299281026887386
14976,1.234983393302986
14977,1.0677654841306174
14978,1.3637272101708668
14979,0.8490744312809707
14980,0.2687142108571396
14981,0.23220696740573066
14982,0.7935748736632436
14983,0.9521139093684889
14984,0.9771020473093894
14985,1.061235005055077
14986,1.5779096682871918
14987,2.250302387597751
14988,1.3361084891945518
14989,0.878818885928469
14990,1.4652899146056007
14991,0.775173854691309
14992,0.7534756435962721
14993,0.8155799624048312
14994,0.9628875036869107
14995,1.4747158555338085
14996,1.3899046515692062
14997,0.36894486418754346
14998,0.838033857760623
14999,1.760885210991003
15000,1.1956737303169886
15001,1.9995590957641607
15002,0.8577412978866341
15003,0.23423591040294975
15004,0.32584307066676577
15005,1.1629256525500304
15006,1.1009986489109354
15007,1.2886030408393505
15008,0.8435297762640448
15009,1.2188555181474237
15010,1.3336440651426755
15011,1.3396154572674115
15012,1.4059939650049884
15013,0.4518746101312872
15014,1.4353206645346166
15015,0.9833006922693903
15016,1.3567627352069742
15017,2.2327568779672426
15018,1.1817846689221392
15019,0.4211689969709199
15020,0.3508647230301236
15021,0.5121169299812205
15022,1.277513485619803
15023,1.2234075072950914
15024,0.4386265935410872
15025,2.204357418024168
15026,0.7448783215281889
15027,0.7985627814562314
15028,1.0563290033893087
15029,0.429236782149476
15030,1.5125299907760965
15031,0.5117956227332783
15032,0.38463628291731283
15033,1.0209982616571276
15034,0.6685029084013119
15035,1.1461567336494105
15036,1.1404772238448384
15037,0.7794944642375699
15038,1.2966093984032003
15039,0.23465502132062557
15040,1.0162843497470977
15041,1.0607403448378607
15042,1.0111738279448061
15043,1.8091126837081342
15044,1.1154272734599355
15045,1.0047007682050595
15046,1.0299796618633077
15047,0.6992602230700953
15048,1.0745833484375131
15049,0.330354878072939
15050,0.7002976957190952
15051,0.3594278412345648
15052,0.6802186475443044
15053,1.3148114189671227
15054,0.4613705551455191
15055,0.11074456929427356
15056,0.9650472555344419
15057,1.1605178611706768
15058,1.1638554030686383
15059,0.4905905729712243
15060,0.975356136576484
15061,1.6077854633434394
15062,0.41589567121051907
15063,1.0300671619618915
15064,1.0343407301151502
15065,1.1817486815835023
15066,0.9890153414589915
15067,0.8923283183646478
15068,0.3152413962486623
15069,1.1166548355367507
15070,0.7368459963371384
15071,0.5534059906324651
15072,0.9373518230488431
15073,1.3515773911306157
15074,1.121357979675163
15075,1.5105391086060502
15076,0.5433873406006822
15077,0.8869410163669942
15078,0.46480230112367554
15079,0.2791377817920687
15080,0.3086875364528896
15081,0.45861617292425
15082,0.7668179800414334
15083,0.9504438471392932
15084,1.0571641010793007
15085,1.0486593341246397
15086,1.4214467866347116
15087,0.5478182937996661
15088,0.4851422441921427
15089,0.944983274511967
15090,1.1449622796919723
15091,1.008807634089182
15092,2.0439225995233112
15093,1.2029109263533992
15094,0.7231045594139779
15095,1.2734032976077023
15096,1.7530732031936531
15097,0.8455415988092364
15098,1.1315961143632396
15099,0.5172650298543547
15100,0.3718829654725589
15101,1.2605089242849545
15102,1.543334402330767
15103,0.6558760069023466
15104,1.7438403418926613
15105,1.1434127516182246
15106,0.14872239504680002
15107,1.8407251531779898
15108,0.7398432726610128
15109,0.8872217368798883
15110,0.3864762263991815
15111,1.2885240838248564
15112,1.373836428004071
15113,0.3920685298175693
15114,0.7421594972421697
15115,0.6317546148027671
15116,1.1546739180078367
15117,0.43876842211183686
15118,1.5367644884258018
15119,1.1906628340935441
15120,1.1993721973430977
15121,0.9911423874338379
15122,1.447454993175506
15123,1.4900280093041716
15124,1.944981743842396
15125,1.216147218957488
15126,0.6089172688957396
15127,1.0183834152099256
15128,1.473044192530976
15129,0.7200216770694605
15130,1.0114273972405599
15131,1.2331521465637836
15132,1.306337712307767
15133,1.1798484133692986
15134,1.1228713463628999
15135,0.27931337722255767
15136,0.8697929726433868
15137,1.0216678320866337
15138,-0.3742036199876291
15139,1.6085969598514862
15140,1.1118626843888033
15141,1.6065751870459222
15142,1.0803546460224067
15143,1.1100138558483565
15144,0.7704371748669558
15145,1.1286605571924162
15146,0.12259331651310384
15147,1.016680892888206
15148,0.48981633366046495
15149,1.4576568247483874
15150,0.3776726790954217
15151,1.2400626826858034
15152,0.3972913762305562
15153,0.5971809047247165
15154,0.6423963654322543
15155,0.5233133997812116
15156,0.5121483474437419
15157,1.3248302407321417
15158,1.2501491583016229
15159,0.6074446533817603
15160,0.7374860586566973
15161,0.9925867673048763
15162,1.515671096295964
15163,1.0740078801945847
15164,0.904788119337137
15165,0.06440465564554287
15166,0.607880324330077
15167,1.7730218455526994
15168,0.2828111309686786
15169,0.9647736662280777
15170,0.9614778516660152
15171,0.4524759393135022
15172,0.13574425811314758
15173,0.04370689157743407
15174,0.05944640840790305
15175,-0.056966071389276784
15176,0.41974336737924245
15177,0.5083508690252363
15178,0.6478735751266261
15179,1.2421682476311133
15180,0.9963789589422372
15181,0.0977528427657137
15182,0.80256310010596
15183,0.5218473774209407
15184,1.399691052609552
15185,1.0497468797779446
15186,1.5394271776621418
15187,1.4155844146735572
15188,1.736035945778331
15189,1.250286654486742
15190,0.7130673671540911
15191,0.9383673415768696
15192,0.30169335536689723
15193,0.9048722885299124
15194,1.2070373247298223
15195,1.0341988140064133
15196,1.7223423698589369
15197,0.9404002422762011
15198,0.9705609604919265
15199,0.4140905745880784
15200,0.8239620903265633
15201,0.6403939809683952
15202,2.0833582761245286
15203,0.8283162831276656
15204,1.2211223372912976
15205,0.7521241672507439
15206,0.6474372207280852
15207,0.8994316104416538
15208,1.4963180365772466
15209,0.915402352478909
15210,1.1025583603006184
15211,1.5121988075091324
15212,1.4484495368846875
15213,0.5614432799992447
15214,0.46955120847338794
15215,0.38497257620276965
15216,0.5025248861478195
15217,0.5305828607580602
15218,0.7356858747540073
15219,1.7018746983338675
15220,0.6725727206054032
15221,0.31643396147411174
15222,1.4496675765831681
15223,2.061596641724689
15224,1.6930350161866414
15225,0.363569445506829
15226,1.4328336007384448
15227,0.5885410428239769
15228,0.06021726000744215
15229,0.8591282606196025
15230,2.197316789058015
15231,1.7416536529071025
15232,0.9478569959593626
15233,1.3455190764360472
15234,0.9512647514647447
15235,1.0503289427744777
15236,1.2205891205309487
15237,0.4700627688428632
15238,1.025817389059839
15239,0.9887420801572766
15240,0.5410320053087043
15241,1.5760954388650723
15242,0.8173103555195591
15243,0.1661947151383508
15244,2.06706804887388
15245,1.1259922503056843
15246,0.5676598192285891
15247,1.7320909196672618
15248,0.6543061461038002
15249,0.45209353479668035
15250,0.15446010593412662
15251,0.4257986068547081
15252,0.5996577301802186
15253,0.31047987004814986
15254,0.1652321816949001
15255,0.2498142407147386
15256,1.1975042550036001
15257,0.5749610855038135
15258,1.1987205982006697
15259,1.3083045946986378
15260,1.5231510774479702
15261,0.5569344369771216
15262,1.091133095662923
15263,0.9642088656736879
15264,1.2304760683909828
15265,0.7689036690427005
15266,0.6010179031056472
15267,0.4288071742398775
15268,0.8717465199915219
15269,0.34886192395635146
15270,1.5036735046282619
15271,1.3915963259650945
15272,0.9804147169034423
15273,0.7428799997297569
15274,1.1716288283888714
15275,0.7016255329424892
15276,0.886032054563817
15277,1.0634784286721257
15278,0.3881616056853995
15279,0.9819785879402314
15280,1.6369092853150262
15281,0.45826804901256546
15282,1.8468696323575133
15283,0.4485314911163918
15284,1.3182297883922454
15285,1.3390552775207896
15286,0.6443258597056342
15287,1.3238497718973157
15288,1.1557362953859638
15289,1.7671785787116692
15290,1.2920629463675808
15291,1.0017116444591894
15292,0.5024873646307214
15293,0.8897864766341668
15294,0.4750379443822587
15295,1.4668898854997217
15296,0.5017450570233959
15297,0.42281406311430486
15298,0.8293635635119289
15299,0.18323034604778363
15300,1.3173958577802751
15301,1.3487405620345507
15302,0.3357277069292913
15303,0.5428261072529503
15304,0.2785633074670295
15305,0.5410515929581968
15306,1.624481870690433
15307,0.46655487715671606
15308,-0.09796931739810201
15309,1.5618898668721872
15310,0.6475810500943617
15311,1.8373637751843908
15312,1.6016412919455545
15313,1.9216733349952908
15314,0.9022692038328257
15315,0.3695657870682361
15316,1.9754999139931795
15317,0.5775597113100448
15318,0.29005051932951537
15319,0.4399619787972495
15320,1.1789760855248215
15321,1.1098080392657959
15322,0.603092333113737
15323,0.934850472027184
15324,0.7990440574728344
15325,1.2964912934135648
15326,1.2898000245540915
15327,0.3605411236634641
15328,1.1326188102990786
15329,1.2597193146116552
15330,1.0412100497741752
15331,1.0232856455055421
15332,0.6825417585218588
15333,0.9661810039392754
15334,0.5542650117434275
15335,0.8329548285422275
15336,1.240821725438579
15337,1.2822242224453524
15338,1.5819261581684243
15339,1.3341386868784246
15340,0.1884886107996973
15341,0.45869255228822053
15342,0.6586347771133567
15343,1.514480433480076
15344,1.0883447904203898
15345,1.103441899103043
15346,1.2940259449075295
15347,0.5952944755295269
15348,1.214845843247234
15349,0.409704591450617
15350,0.6313490795926511
15351,1.169645519061718
15352,1.6009141136169402
15353,0.4136417177444312
15354,0.7782973379089022
15355,0.5882091456733246
15356,1.4340958328012379
15357,0.4779908831799213
15358,1.1537205719614143
15359,0.5093064167804771
15360,1.2218349196387734
15361,1.0190168496832306
15362,0.7802312586692812
15363,0.5152947008256381
15364,1.2900449197129509
15365,1.2483860336107373
15366,1.1517968123597415
15367,1.1490135102350236
15368,0.5652781353429304
15369,1.3287062801774463
15370,0.3918660301232583
15371,1.4072727359016126
15372,0.6507764341472134
15373,1.0270823249194145
15374,0.5557076409867988
15375,1.0006554386968403
15376,1.1149823313628444
15377,0.48083058396080597
15378,1.7649707944156265
15379,1.6632386709519191
15380,1.4894248008622148
15381,0.6824249185870552
15382,1.3640548921403342
15383,0.35026791075143193
15384,0.8333677677881278
15385,0.904879810440613
15386,0.5435332685750973
15387,1.4537445462991538
15388,1.169229314203143
15389,0.4764463576352005
15390,0.1106870121051601
15391,1.0473816942008563
15392,1.8249145789785852
15393,1.9076256915508192
15394,0.579005953916814
15395,1.2723065144196937
15396,0.7287761203055365
15397,0.7079191837436295
15398,0.5126379084742261
15399,1.097424882106656
15400,0.39687862660266954
15401,0.7356796507834764
15402,1.405107760708284
15403,0.5433850938496837
15404,0.26918888053767925
15405,1.1832627412784342
15406,0.6813971156041245
15407,1.215396786915159
15408,1.5718395349155194
15409,1.3719476707460254
15410,1.5104756124999406
15411,0.7939226933163703
15412,1.562222096843015
15413,0.744023267721639
15414,0.47701323401612594
15415,1.1303046782803954
15416,0.7882239112928933
15417,0.648095383196542
15418,1.5656726697489232
15419,0.6591527650253758
15420,0.5949514639282956
15421,1.2026999456470078
15422,0.6064411974021879
15423,0.28557065268473625
15424,-0.11948373907881671
15425,1.0805043971371313
15426,0.6848236435643116
15427,1.7318914649557253
15428,1.3222777913892934
15429,1.6987365530513703
15430,0.7847039063526795
15431,1.2735828430826928
15432,1.0651465541173113
15433,1.3857896262613179
15434,0.6067700972345711
15435,1.06660594241923
15436,0.42356276091248013
15437,0.9238651616221893
15438,0.9174731840742174
15439,0.7941946178353639
15440,0.5203673219639262
15441,1.3789213762388821
15442,1.3189022799778
15443,0.3812919537345821
15444,1.6965140497010331
15445,0.8086773546458454
15446,0.041479155554736524
15447,1.120067038712281
15448,0.45610669024590855
15449,1.3101671430635307
15450,0.2900804370428608
15451,0.5355945459730037
15452,1.2828014463317732
15453,1.3208706809180577
15454,0.276262538846646
15455,1.0091102185009975
15456,1.4909751819253534
15457,0.7259756244423778
15458,1.4753212598006056
15459,0.9315817915475824
15460,1.6998938183144594
15461,1.4983905983269414
15462,0.7983115999931762
15463,1.7688741162713666
15464,1.0206486094239828
15465,1.5727834300277581
15466,1.1886379077279856
15467,0.4567990708225427
15468,1.2670363301966985
15469,0.35815701996089433
15470,1.122523207722726
15471,0.5753431156694024
15472,0.6889632457485401
15473,1.3916161353403946
15474,0.37238253075574285
15475,1.2176222772648326
15476,1.6604139939498688
15477,1.7432034127816824
15478,0.9220018924863802
15479,0.24937734630329822
15480,0.5388928973412555
15481,0.9623397218322993
15482,0.32305530733932664
15483,0.5449473018108622
15484,0.689660790413658
15485,0.6925442367778177
15486,0.8961984678677093
15487,0.6319659180099522
15488,0.44249474588471416
15489,1.3437507333615177
15490,0.8484357496945497
15491,1.2227174155299205
15492,1.22109046805538
15493,0.24281138402809124
15494,0.9402953449416456
15495,1.0539819137870248
15496,1.5886969056652478
15497,0.4753675766079785
15498,1.8718353567548265
15499,0.6400947001958801
15500,0.5709133885418117
15501,1.1622418342925305
15502,1.2900881608068335
15503,1.3309770038150504
15504,1.3208342081301963
15505,0.14490038492467575
15506,1.0978586660342686
15507,1.8427197815366871
15508,1.2243575860356484
15509,1.5968472175088284
15510,1.5420035378506773
15511,1.008105153317526
15512,0.4857201263910044
15513,1.1463506646928736
15514,1.5223351033422472
15515,0.5170770307375073
15516,0.5447755516099997
15517,1.0730345187969692
15518,0.7212912502714498
15519,1.4326576277712884
15520,1.4012423479951144
15521,0.9250508751073714
15522,1.0554406111875843
15523,0.36635650304149925
15524,1.1262038788015833
15525,0.9148418535292004
15526,0.382121048780494
15527,1.9667491375301251
15528,1.4772259220659207
15529,0.6336029445373288
15530,1.3584849890057338
15531,1.7120567111016505
15532,1.017948215244396
15533,1.220886029820047
15534,0.4805537296825828
15535,0.5377651395513563
15536,0.7247943924445965
15537,1.2659927414835788
15538,1.502269366603335
15539,0.9740339198351982
15540,1.0369518697080493
15541,0.43902641448908397
15542,0.27671798984218116
15543,1.9729273781119867
15544,0.9722529571041594
15545,1.2604540950686793
15546,0.5023833587469941
15547,1.3748957702029498
15548,0.548278103860615
15549,0.5113176608876515
15550,0.5636788362897
15551,1.4234706984027954
15552,1.3032850867212797
15553,0.45362648319371796
15554,1.1913365486865715
15555,1.0483283297922146
15556,1.1993181417395582
15557,1.2934036377104725
15558,1.2121429745275716
15559,0.7071709752081293
15560,1.0686256167342232
15561,0.27125341662176
15562,1.5635763102528437
15563,-0.2155196475177088
15564,1.017234031845403
15565,1.5211867572569366
15566,0.1570456330127399
15567,0.8348369361394642
15568,1.4062586569241167
15569,1.6572310373483556
15570,0.4844311500036198
15571,1.4060154866599155
15572,1.0961509214875846
15573,0.5537852381101394
15574,1.164717758151811
15575,0.3787783482922313
15576,1.1884285414623903
15577,1.8679656828425428
15578,0.44006151766599394
15579,2.249738917380598
15580,1.0023268750505172
15581,1.5129895698275813
15582,0.520438122747375
15583,0.8119565245499543
15584,0.9243605572639574
15585,1.3849391224124097
15586,1.2156601021516868
15587,1.9447955655093079
15588,-0.20769063210252908
15589,0.25260605059372443
15590,1.1184430696211256
15591,0.7519053365769788
15592,0.958797436874057
15593,0.5051091815373415
15594,0.8002032377599357
15595,1.5400512174263268
15596,0.4586891419629263
15597,1.4037242363764943
15598,-0.0782336454278228
15599,0.6616555086275611
15600,1.2647083230553755
15601,1.1283058311022713
15602,0.3564586474775144
15603,1.256287812005819
15604,1.3857431176986588
15605,1.1053268533721288
15606,1.186659125698756
15607,0.9311996883519833
15608,1.346186843086976
15609,1.1124702241582958
15610,0.6394998899896517
15611,0.9677380228465493
15612,0.9347506038160034
15613,1.5599034651154233
15614,0.005385097066113342
15615,1.1969769202960232
15616,1.2628548407354883
15617,1.3863519230565777
15618,0.9799327662625797
15619,0.7942112408070343
15620,0.18036593090269695
15621,1.2713337004442429
15622,0.8664307046026748
15623,1.5434254602913553
15624,0.30973689304761903
15625,0.9235025801883034
15626,0.5635058577339043
15627,0.9533428921964072
15628,1.405128428962623
15629,0.3525452953971909
15630,1.145538947047576
15631,1.3226059701527613
15632,1.199867632006306
15633,1.3507278111706507
15634,0.690469656474343
15635,0.8125188161672543
15636,1.196808252437925
15637,0.9909707260045106
15638,0.2300574102968892
15639,0.798181912590936
15640,0.8525784354192372
15641,0.39481976290011533
15642,1.3318092225535947
15643,0.5931858226803938
15644,0.48071602673281205
15645,0.9387911446761351
15646,0.7407852644570148
15647,1.7456699685748547
15648,1.6898617314251831
15649,0.2545497366558702
15650,1.2195579714391287
15651,2.276932576499503
15652,0.8621179231355458
15653,0.35103941543922335
15654,1.3001281652961438
15655,0.7712990434587217
15656,1.9410882393513693
15657,1.4197862143186377
15658,1.1982620854716286
15659,0.667008042688805
15660,1.1562972508724758
15661,0.30542980615873866
15662,0.5093122075994811
15663,1.1105870307462444
15664,1.1926453471589693
15665,0.5243607473060657
15666,0.5736266196189319
15667,1.07077380527349
15668,0.7547094469521145
15669,1.6703462472843105
15670,1.1654265581702377
15671,0.9728128345723539
15672,1.649973869687713
15673,1.1614207642742505
15674,1.5441413276959723
15675,1.1378807013192715
15676,0.7456885799858022
15677,0.982690824030419
15678,0.5277056369796347
15679,1.7104511730931873
15680,0.8931965314699665
15681,0.35991888108377645
15682,0.669905852225799
15683,1.0189945972565995
15684,1.8838221933929147
15685,0.7874169459982222
15686,0.2712170711883211
15687,1.3117671711888688
15688,1.5251683541193686
15689,0.009568943851932132
15690,1.2758612294651506
15691,0.9200763507498474
15692,1.4707566506149876
15693,0.7397462558012606
15694,0.4467099300552174
15695,1.124595523980497
15696,0.9385982116341982
15697,0.5627765881081777
15698,0.8737619667267622
15699,0.5777665767183362
15700,1.3329719631106611
15701,0.94221485220898
15702,0.6630857617240283
15703,1.9055473057223271
15704,0.8601076245857817
15705,0.5621273422147459
15706,0.5534086555136838
15707,0.8584697320090247
15708,0.913264723527871
15709,0.552639774304418
15710,0.7336690061571768
15711,0.3926981784828813
15712,0.33905115098869526
15713,0.7457927516793577
15714,0.6096266507805324
15715,1.149233488049556
15716,1.1232024076242066
15717,0.5865112845253863
15718,0.9897195075721401
15719,1.14177988082418
15720,0.5751360969645123
15721,0.7085745852567494
15722,0.4339255299106242
15723,0.7785692304620905
15724,1.067426956139071
15725,1.7530297139034374
15726,1.2158407908454147
15727,0.27948840162751426
15728,1.1423218240118214
15729,1.5560463348749174
15730,1.8969179825314764
15731,1.1381239600789845
15732,1.0004768011327916
15733,1.801868600058501
15734,1.3199254905142779
15735,0.9473987070171532
15736,1.066015936157382
15737,1.406722435489662
15738,1.2240564276215236
15739,1.2869857401367744
15740,1.3553986855912916
15741,1.1749623868199026
15742,0.5344827181798741
15743,1.5999212181878626
15744,0.3263879223398999
15745,0.9084703427111411
15746,0.9780379734090922
15747,1.5955411306568177
15748,0.4476010683831367
15749,1.3069354248643479
15750,1.6252650345128585
15751,0.7103510855390648
15752,0.9805292014908721
15753,0.44320122032556836
15754,1.4157608151369874
15755,0.5548478194696714
15756,0.6228641292263706
15757,1.9258203660013669
15758,0.7016067731185975
15759,1.5646690856910535
15760,1.1776922846286872
15761,1.0931836874525882
15762,1.4085366668184918
15763,1.19611350869579
15764,0.3615959628833332
15765,1.0882199016085279
15766,0.5688441310928747
15767,0.9692716372022991
15768,1.2816496617813278
15769,1.6844646995537995
15770,0.3106444736765678
15771,0.7865232392235585
15772,1.2195230759289648
15773,1.4375405452844996
15774,0.991112985840409
15775,1.008539436558038
15776,0.4717881367545632
15777,1.1512557470946558
15778,0.7338788373825217
15779,1.0776756851219582
15780,1.1944921212622692
15781,0.7463849132361309
15782,1.3209919636735816
15783,1.5079431963373373
15784,0.8764029430965046
15785,1.0843037614674433
15786,0.9310541203993498
15787,0.5841349838141191
15788,0.9234799103846668
15789,1.3013056740287197
15790,1.0625623293949311
15791,0.1968858904275332
15792,0.10176837155917559
15793,1.1260020577439316
15794,1.2474360745889144
15795,1.0269660456686083
15796,0.5884025922256926
15797,0.667536694146182
15798,1.3261145421948242
15799,0.587952834525121
15800,0.7837777027458359
15801,1.8929417838831166
15802,0.8173921910373937
15803,0.6995439517034829
15804,1.2522040216638741
15805,0.9072471593590266
15806,1.5918691127816564
15807,0.6162920139194268
15808,0.5468221907377014
15809,0.8180954344176814
15810,0.8686091712659014
15811,0.7926013040269049
15812,0.9821413583611343
15813,0.835116070521664
15814,0.4813538575705985
15815,1.4593340181003969
15816,1.3030466032623655
15817,1.4837831222135884
15818,0.9292287618334663
15819,1.32910703335454
15820,1.9803996907974284
15821,0.7516558653795373
15822,0.4065261304052664
15823,1.1027189617656719
15824,0.16661081482854873
15825,1.1288633763997455
15826,0.6325770496075621
15827,1.6987710471212345
15828,1.07057447316643
15829,1.8078260467987533
15830,1.1821099427134985
15831,1.7406079071005602
15832,1.269106881783144
15833,0.6950628107720598
15834,0.5841971567712894
15835,0.5828332276151832
15836,0.8562653050355428
15837,0.6863282563500485
15838,0.8700813869837787
15839,0.6615241862851545
15840,1.2382995481590968
15841,0.6278185626058309
15842,0.7838290501078669
15843,0.3601959364809063
15844,1.0930811533028995
15845,0.35859709519401084
15846,1.4909770293458449
15847,1.0219182339619324
15848,1.3192345581180076
15849,1.063916389142168
15850,1.1413855373096466
15851,1.004744863986224
15852,0.21034361790650036
15853,0.2889099371077891
15854,0.785888153682187
15855,1.324465964873828
15856,1.3147264367541533
15857,0.5932446441589969
15858,1.5100262210323683
15859,0.43841353509806297
15860,1.1383723753136403
15861,0.42887566025700924
15862,1.02357244719759
15863,0.5773571295803326
15864,1.0828155265727708
15865,0.975263970794688
15866,1.3158472897756204
15867,0.17784352640796813
15868,0.7720234052934829
15869,1.1405959307744924
15870,1.7777368099700448
15871,0.9239127115030304
15872,1.335833705260009
15873,0.5337804970948775
15874,0.6254326097864169
15875,1.4612654655759036
15876,1.5018628912161724
15877,1.1741997685908414
15878,1.2410877527411506
15879,0.557006857168509
15880,0.4821779645265606
15881,1.3336501624052897
15882,0.17896088690503728
15883,0.4614494879949103
15884,1.3044566116374066
15885,0.6883736680437523
15886,0.9787297466410811
15887,1.581791083842084
15888,0.6897478987407495
15889,1.4732259974769386
15890,1.2476958541672603
15891,1.523210500098704
15892,0.5213192306994138
15893,0.5016192628345757
15894,0.7525736297742937
15895,0.6007075836266338
15896,1.1679222389417065
15897,1.0499493990321285
15898,1.231058935020065
15899,0.7725947790723405
15900,1.6865154020719768
15901,1.188777245656186
15902,0.7179369734389727
15903,0.23464315186480478
15904,0.5304732919878661
15905,0.5629867126948349
15906,0.4860475600083167
15907,1.9129047705184297
15908,0.45941739130707704
15909,1.0378637257040757
15910,0.772748652650778
15911,1.3125205621903149
15912,1.5093001458009279
15913,0.5457169948451597
15914,0.28650563523378936
15915,1.5113634909719624
15916,0.7134973509456248
15917,0.41503462556913906
15918,0.5488292856938701
15919,1.6726130905477752
15920,0.697040116675459
15921,0.2571260178716873
15922,1.3059242312376396
15923,1.2505606654640655
15924,0.762613923609333
15925,1.2829512733133672
15926,1.4194350486452678
15927,1.2305599585768336
15928,1.1758090695864865
15929,1.4896794758607277
15930,1.2717144989189757
15931,0.559960480454473
15932,1.0353268737882244
15933,0.4647742686530594
15934,0.5719353493706762
15935,0.2699561044594406
15936,0.8369621536101506
15937,1.4074007510078985
15938,1.3501813488266814
15939,1.6899933566488543
15940,0.5260390217112025
15941,1.5843583315746192
15942,1.073712503794055
15943,1.3070879794285226
15944,0.18892664764759654
15945,0.5737257203135806
15946,0.2512053952402475
15947,1.2996168714439942
15948,0.7588424487286252
15949,0.38622851112546003
15950,1.1550747238451078
15951,1.3820261893667214
15952,0.8179234288615603
15953,1.2006038365617344
15954,1.3833636549216441
15955,0.6030359564352976
15956,1.0818390515428151
15957,0.6747844365984448
15958,2.0968068848014716
15959,0.5409966303619478
15960,1.2820774034559763
15961,1.063999365322573
15962,1.3979816776609333
15963,0.6047290312183689
15964,1.569027098925436
15965,0.5079913512842043
15966,1.3725282624862865
15967,0.7355921901611782
15968,1.8926394638296307
15969,0.35700180877898374
15970,1.494302740344644
15971,1.5647134363110486
15972,0.7966331046085873
15973,1.5759553499109047
15974,1.1972264030545638
15975,0.5406671625878632
15976,0.2705855175561496
15977,1.8127142361797786
15978,0.7982103061292384
15979,1.2934296885552092
15980,1.2905622462293551
15981,0.6300661678968771
15982,1.3870148816144905
15983,1.0233798072167295
15984,1.2906840900398344
15985,1.4611092958788192
15986,0.24766326704373412
15987,0.9559994460544838
15988,1.1035884190111083
15989,1.4142449045676977
15990,1.0473012747508916
15991,0.7039159649383895
15992,0.9610555027309001
15993,0.3168570322584324
15994,0.45391476246063267
15995,0.4055439263371199
15996,1.117731075612487
15997,0.9374683611312584
15998,1.0333127938437752
15999,1.1392976714208942
16000,1.2342823709211221
16001,0.9095428881772565
16002,1.1314299202477514
16003,0.5673520709078769
16004,0.5931171325525311
16005,1.4406820015262338
16006,1.0923993453471113
16007,0.6492521543329525
16008,0.5101863827379025
16009,0.2930847742067843
16010,1.3977390203337858
16011,0.658893073005818
16012,0.7125901969257202
16013,1.9010072766174921
16014,0.5789926892204078
16015,1.2673886673049626
16016,1.2428644497718027
16017,0.40235734567353093
16018,0.33665404651242736
16019,1.0930894549794794
16020,1.081192295478919
16021,0.33290438480583706
16022,0.28602181761414824
16023,0.7152438811858879
16024,0.5172147335206217
16025,1.9636914652942852
16026,0.9835610707000866
16027,1.3501309992068224
16028,1.267810968029365
16029,1.3148453374928293
16030,0.1084517733455388
16031,0.7292541280774526
16032,0.07040034551145147
16033,0.5109135294836938
16034,0.3336795902727137
16035,0.37445536437028676
16036,1.6224086221391387
16037,0.41397381595117344
16038,0.7852778649813306
16039,1.5811695067975626
16040,1.597052170019287
16041,0.6968614510781939
16042,0.5585661791449371
16043,1.2185838569821796
16044,1.2562252558436773
16045,0.8703665323220205
16046,0.6279197481524877
16047,1.132936369766914
16048,1.5416615373551172
16049,0.5094651701570916
16050,0.38736105940290977
16051,1.3676589640044465
16052,0.4767763881310908
16053,1.3789540439154884
16054,0.653000686223588
16055,1.719353049940333
16056,0.4495734237923152
16057,0.3783333876317043
16058,0.6977078162769351
16059,1.491799324156934
16060,0.34808926121350053
16061,1.1722312646061224
16062,1.070937887584445
16063,0.5225752810805495
16064,0.7527739046125215
16065,0.7523991274877655
16066,1.0572299630545117
16067,0.38140490412274647
16068,1.3019339642469712
16069,1.4547324823534171
16070,0.3036224834524422
16071,1.5920650297515062
16072,1.0695734030682766
16073,0.15340130690461515
16074,0.5037636059140334
16075,0.8539884980594529
16076,1.9166144659820854
16077,1.7957114296433643
16078,0.5956995885300962
16079,0.6313310186178194
16080,1.0547727991787534
16081,0.6567668558019925
16082,0.5253507321487025
16083,0.9491247686912445
16084,1.7399654822744082
16085,1.7225356912535728
16086,1.1934550614373247
16087,1.5652607299419772
16088,0.7702243855340317
16089,1.3935706402458168
16090,0.8419387633018751
16091,1.6268102448687258
16092,1.4467602339668764
16093,1.4357711820716068
16094,1.5405954064890082
16095,0.30199784294892046
16096,0.505127541234786
16097,1.176950686955391
16098,0.30798846131235075
16099,2.0515526757394946
16100,0.33707469798921935
16101,1.1243560886233985
16102,0.525986415441043
16103,1.1879312326694873
16104,0.9535429830995561
16105,1.0576434085324338
16106,0.6345637590508403
16107,1.0629613638225057
16108,0.3680935314039114
16109,0.4363216969187755
16110,0.2615516875351742
16111,0.42618658885282057
16112,1.337640767484927
16113,0.5640870927729491
16114,0.8026889640279732
16115,0.5012238602781403
16116,1.1939404602949257
16117,0.9846355596408868
16118,1.1767482973007977
16119,0.5341578930237783
16120,0.49632808064952316
16121,1.2966662004174445
16122,0.6694178551036255
16123,0.8297113587636424
16124,1.4037778055690442
16125,1.3529310429422905
16126,0.3479483339407536
16127,1.0191229738193994
16128,0.722540116778879
16129,0.6507216572932213
16130,1.5410082599600523
16131,1.623331155823544
16132,1.3550809517217957
16133,0.9735048137269293
16134,0.3755411786857713
16135,1.2191009607462706
16136,1.0319376658590573
16137,1.0085923420094631
16138,1.2088647472985694
16139,0.46579753801586044
16140,0.9754449165803984
16141,1.3270318549989724
16142,0.7747245750111222
16143,0.7382504001664785
16144,0.3139118218813914
16145,0.9300911744163526
16146,0.8777866888898523
16147,1.1513982458367074
16148,1.723101219727968
16149,0.4618034203897958
16150,0.626964187950666
16151,0.4877969558496629
16152,0.8962945956141455
16153,0.5871467982237562
16154,2.0560986731674618
16155,0.16234413443622803
16156,2.5356607953793384
16157,0.800887277755019
16158,1.3779618271964273
16159,1.1118336311562316
16160,1.5848620606181076
16161,0.7877173103865921
16162,1.1293443262132863
16163,1.022821210015438
16164,0.5549135830247717
16165,0.49750948973526543
16166,0.7654606735639873
16167,0.9681953724931238
16168,1.2656420644861444
16169,0.8583360410196623
16170,0.7021139987915256
16171,1.6095685901551864
16172,1.2701183769196274
16173,0.8267827908696445
16174,1.2863993812781214
16175,1.0712191155455089
16176,1.4542322271675268
16177,0.7969848602872578
16178,0.7852672244085389
16179,0.8013115264118632
16180,0.45615770841304865
16181,1.094583641367748
16182,1.2715342670936778
16183,1.1428366692856389
16184,1.808053145431111
16185,0.7490214499315092
16186,0.46136681572620414
16187,0.7802632263540126
16188,0.15451669936170742
16189,1.2320831063835909
16190,0.7723441309238973
16191,1.1663098364768896
16192,0.5138021667059112
16193,0.5242642872219468
16194,0.6041222219784158
16195,1.62376852618833
16196,0.9946638809852277
16197,1.0095580184721986
16198,1.0010859401034822
16199,0.6997358712914203
16200,1.173079691030494
16201,0.6999156748717814
16202,1.192320684322289
16203,0.25700929472295125
16204,-0.289749947572878
16205,1.1320684061972164
16206,0.8903623787888703
16207,1.4184694902067854
16208,0.6216931025452106
16209,1.1202352729930078
16210,0.4119612079129576
16211,0.9466781437067981
16212,1.3964438031159978
16213,0.2931865944601603
16214,0.7257669488125447
16215,1.2542600438533367
16216,1.6832235498987163
16217,1.4795178256594963
16218,1.1058040729501928
16219,0.4593580916830666
16220,0.8962727399067316
16221,0.5025095545441265
16222,0.6603008794857887
16223,1.2306234549174164
16224,1.0224194609916823
16225,1.0521818398601903
16226,2.8074948841646097
16227,1.3960630487011714
16228,0.686640779453938
16229,0.7970334417016018
16230,1.033122724184468
16231,0.8039664406708361
16232,1.293380513407949
16233,0.7115588866873556
16234,0.15136061023236247
16235,0.395512772516055
16236,1.019286202972789
16237,0.9490123085125011
16238,1.143772821122875
16239,1.7548243990598256
16240,0.6994314748166754
16241,0.7342405695386609
16242,0.5521620064153736
16243,0.8514669121581874
16244,0.6158770334372482
16245,1.382614256111286
16246,0.4316310804136245
16247,0.37818042894411463
16248,0.6619440646618803
16249,1.6822778841699684
16250,0.9698795002127408
16251,1.238754873520335
16252,0.8547186407671221
16253,1.390389844555783
16254,0.4984263826403823
16255,0.9862273076055836
16256,1.1291331044259874
16257,1.5249841055688003
16258,0.7070528788584468
16259,1.382533432382445
16260,0.825731431157058
16261,1.5175564023114836
16262,1.0100389375670864
16263,1.110632899998003
16264,1.0283679029296968
16265,0.538040895262178
16266,0.8550811194658552
16267,0.9349183001132453
16268,0.7110237891816729
16269,0.8951059330156362
16270,1.6038965577384277
16271,1.571677559236201
16272,0.8011083250877779
16273,0.8679180152350751
16274,1.4941595144861268
16275,1.160483485839318
16276,0.3216750226400853
16277,2.112145008166018
16278,1.1375961560145427
16279,0.5859581094688235
16280,1.913307770791613
16281,0.45649707229242464
16282,0.7786739035275673
16283,0.7871502844459823
16284,0.773982737937616
16285,1.139813458299281
16286,1.4512968730797167
16287,1.0162343639323916
16288,0.9587384352957461
16289,1.9160248291834485
16290,1.139210249322193
16291,0.23381008638967843
16292,1.0515923487261167
16293,0.3165468599519816
16294,1.2053869921869211
16295,1.2716549159170099
16296,1.3283773076752754
16297,1.3163672498037544
16298,1.2523590193742464
16299,0.8032196118473156
16300,0.9531822811087569
16301,1.0616435580452759
16302,0.5724224833124771
16303,0.6761115062330737
16304,1.3824058733615252
16305,1.422815283762322
16306,1.2425177901312292
16307,1.2446876947755963
16308,1.302229429796893
16309,0.5779842430043503
16310,0.19149877309700347
16311,1.147736990481672
16312,1.0724017916925566
16313,1.3686301626761495
16314,0.47200329642299493
16315,1.611531642941102
16316,0.4724976103549815
16317,1.1168771089676528
16318,2.444226226361276
16319,0.15271165468812237
16320,0.959461329529025
16321,0.6616466596312117
16322,1.1619610647362335
16323,0.70533340697927
16324,1.4660115761105112
16325,0.7017507048358598
16326,1.004569593642541
16327,0.5520240892368788
16328,0.5622747656823385
16329,1.218101054378485
16330,0.9091551788431453
16331,0.9722129872831452
16332,0.6165025990322268
16333,0.9208314383379652
16334,1.2864002973020507
16335,0.8740039932294072
16336,1.388542478188209
16337,1.2376109067740992
16338,1.3969875710810176
16339,0.5294184267152551
16340,0.9342122491484006
16341,1.0604928280649695
16342,1.2652808767333608
16343,1.0875863133157777
16344,1.3309013962958094
16345,0.7274448214313061
16346,0.8747279295024594
16347,1.4392497910319042
16348,1.7670216614108614
16349,1.1921946494827682
16350,1.37783920535975
16351,1.213648274000957
16352,0.4383169482679731
16353,1.1274127938890506
16354,1.094758277278745
16355,0.5555797371572415
16356,0.14475565544037908
16357,1.1549020613222405
16358,0.2026635312038161
16359,1.3182150347343695
16360,1.2162321868906165
16361,1.373715678944694
16362,1.524384494901442
16363,1.110992352651985
16364,0.3124122013589337
16365,0.7648531103009472
16366,0.9653350774836017
16367,0.6389522103708564
16368,1.5231590387000917
16369,0.8902791613194285
16370,0.5870267589813185
16371,1.70470076536084
16372,0.2958492684682337
16373,1.2554053875034836
16374,0.9483160404623041
16375,0.9761447688766828
16376,1.4028264201895275
16377,1.828154442681942
16378,0.5939812930950609
16379,0.48423111666949414
16380,0.5835506436843136
16381,1.0866595661190637
16382,1.3442045049455587
16383,1.2612398096451531
16384,0.6296995560806962
16385,0.6979484947518118
16386,0.4830463294279471
16387,0.255386197318915
16388,0.7901243982317296
16389,0.7456839407126493
16390,-0.3547675349696267
16391,0.6574000360014951
16392,0.3760520866184151
16393,1.249135992686917
16394,1.5560594484975798
16395,1.3449625660417628
16396,0.7478869472704484
16397,0.4091909904698148
16398,0.6352343670179588
16399,1.2216695409234468
16400,0.935058662049104
16401,1.6704294839501919
16402,1.144389373973763
16403,0.36850363696426797
16404,0.7494472147289755
16405,1.4986101939140777
16406,0.07902496853237093
16407,0.5852969302817952
16408,0.8836510945944065
16409,1.394441740300984
16410,0.9336542550251954
16411,1.4274010602019254
16412,0.7108689619073423
16413,0.4546505612743894
16414,1.6075247840679519
16415,0.8288334169991747
16416,-0.2660732451773559
16417,1.2015427974097186
16418,1.1380365852553536
16419,0.7048764181562159
16420,1.0074715535885124
16421,0.37293053007731075
16422,1.514193022625666
16423,1.0999923754527363
16424,1.0937322271364553
16425,0.9940861650244414
16426,1.0726921893472607
16427,0.5615071813336098
16428,0.6817533876936035
16429,0.9644333902263799
16430,0.3922140501045911
16431,1.6450823335561382
16432,1.0900198810729211
16433,1.209306681110202
16434,0.40039309704234216
16435,1.402830355846529
16436,0.6395601976177983
16437,1.4114089140630508
16438,0.6949121423478956
16439,1.7068626960454467
16440,0.9652669251697342
16441,2.39749563460608
16442,0.5724605043191765
16443,0.3059900156062494
16444,0.49507945608247694
16445,1.131481953503227
16446,1.6803255565964608
16447,1.0719252928509817
16448,1.300565379680085
16449,1.5034721862253138
16450,0.39863817380835054
16451,0.5492822435500644
16452,1.1089013730247728
16453,1.035275270571571
16454,0.9983568394652393
16455,1.3878157585240312
16456,0.8475644354327915
16457,1.4876640666245362
16458,1.2857667358786184
16459,1.2762326710715926
16460,1.1054504224815391
16461,1.217208760551536
16462,1.2565097320350311
16463,1.4532798201481067
16464,0.08771754886937899
16465,0.8518987852399409
16466,1.2957050573210194
16467,0.7929050611823971
16468,1.347692123160678
16469,0.9419108258224713
16470,0.6910699185452797
16471,0.34524889129955527
16472,1.2727749465873077
16473,1.0641333859381388
16474,0.33410877364419805
16475,1.3158635114011334
16476,0.5636533843387471
16477,0.5667267671538924
16478,1.492072907918568
16479,1.131676378123651
16480,0.4776045743623073
16481,1.2888683754937391
16482,1.1483506072193403
16483,0.9491670404318298
16484,1.371249927575571
16485,1.0696673333746243
16486,0.3216297462795016
16487,1.0437324997690434
16488,0.7759882105074699
16489,1.2145974958357635
16490,1.1093298739731074
16491,1.0847252152539275
16492,1.5926128101711783
16493,0.6287917154629812
16494,0.648606258737133
16495,0.6349603201239797
16496,1.1952263605632472
16497,1.8668542836589965
16498,0.21218064780159107
16499,1.1187135627448819
16500,1.3897057321262882
16501,0.3709382421774168
16502,0.707979661333274
16503,0.5894113063427454
16504,1.3835831805961807
16505,0.6627610927634318
16506,0.9718824578510017
16507,1.4281487143377798
16508,0.6787828611680214
16509,0.9268142796844074
16510,1.1852984201630734
16511,0.21364530183205804
16512,0.40381580248013604
16513,0.9899620305429564
16514,0.7633894613568513
16515,1.623125253645204
16516,-0.276706669739881
16517,-0.0036694231508953568
16518,1.1616815832684835
16519,0.8815941436421033
16520,1.4517050482263707
16521,1.1107403338461506
16522,1.3732998208843048
16523,0.5792503094654011
16524,1.0764117274345242
16525,0.9258040344359724
16526,1.7839491463190944
16527,0.20095103743590387
16528,1.280483817404217
16529,1.0061649818664034
16530,1.1611135468828064
16531,1.4140113952540587
16532,1.3294688133867063
16533,0.5995463409499473
16534,1.4657583515910386
16535,0.26535635269700697
16536,1.2560300932117656
16537,0.43231940076658365
16538,0.42978791767674307
16539,1.4249574377515999
16540,1.0518219421415695
16541,1.3023261108904498
16542,1.2513471598577817
16543,0.5028973489308362
16544,-0.5089117958330094
16545,1.0338431858779145
16546,0.13152563880889895
16547,0.3865981539139339
16548,1.2760979787621558
16549,1.101671896135381
16550,1.1429116062616371
16551,1.0571734304316687
16552,1.2532681870934197
16553,1.0068582258211416
16554,1.2388627485561208
16555,1.6086128832992048
16556,1.6790469885435657
16557,1.467847957374533
16558,1.8228903415147588
16559,1.3050323049355468
16560,0.7594119183593535
16561,1.3082928104505127
16562,0.36506782498799073
16563,0.6805911215229719
16564,1.0242584284685605
16565,0.46893082432000827
16566,0.4901655613943967
16567,0.7641432626903895
16568,1.6949754683767826
16569,0.7170281921583262
16570,0.663852526257138
16571,1.1714141472263795
16572,1.2774552813586468
16573,1.2216064603175618
16574,0.4786695693433959
16575,0.7067295065990895
16576,0.9453209837645296
16577,0.4983650999490438
16578,0.4018511178639442
16579,1.3619956188101978
16580,0.31840470382211467
16581,0.42619103887778786
16582,0.6238498611419889
16583,0.7649503188617429
16584,1.592335219456284
16585,1.047671216450058
16586,1.3081426649548076
16587,0.3376323253225863
16588,0.9529034511633014
16589,1.0886666572562866
16590,0.970374622499877
16591,0.2586014980354662
16592,0.7812744668102265
16593,0.9248183860029042
16594,1.232170598960825
16595,0.7262832716888241
16596,1.6152781560873972
16597,0.9017520251088613
16598,0.7018073205179165
16599,0.4967978701577339
16600,0.7810274652707911
16601,0.7241675525909712
16602,1.4999233932275766
16603,1.053946214433873
16604,2.223132098527797
16605,0.908903918972403
16606,0.4890851734046323
16607,0.4527198332085939
16608,-0.07858918618566053
16609,1.1579991424942058
16610,1.875766772628467
16611,1.008676329468699
16612,0.5930530451701557
16613,1.096321231964864
16614,1.1919203291186595
16615,1.0566799580839887
16616,1.0414446563287654
16617,1.181222596969059
16618,1.4110739349495307
16619,0.3620923803623148
16620,0.9830337951137298
16621,1.3659690272716118
16622,1.562682094054475
16623,1.1811037357820544
16624,1.3208355695414453
16625,-0.19683052410922058
16626,1.5214700814112923
16627,0.5102387877125835
16628,1.139112683404418
16629,0.9531070247590452
16630,1.6957968429217136
16631,0.17863763704814165
16632,1.41888780435779
16633,0.7518345103657382
16634,0.555078208200542
16635,1.219691385522353
16636,1.1231069813135923
16637,1.78595152964396
16638,0.7392251412907886
16639,0.6336669506038379
16640,1.4502252271171976
16641,0.6614394754572182
16642,1.3995096845182267
16643,1.1430325869938658
16644,0.6049965449782406
16645,1.2171483297824082
16646,1.1836574116693641
16647,0.6008741678402999
16648,1.5348918513902805
16649,1.0881594849422045
16650,0.9556162384903188
16651,0.6352376555405584
16652,1.0263163132501494
16653,1.1069658189341258
16654,0.2783185252522449
16655,1.3720087360090256
16656,0.6055461244588972
16657,1.6191021387220186
16658,0.6852924683141695
16659,0.3686044314570615
16660,0.6930847960326703
16661,1.0372838193772147
16662,0.9152783712691915
16663,1.271000671248133
16664,0.2424961017752037
16665,0.4323777242581307
16666,1.151637113738461
16667,0.7888131375140512
16668,0.09299079732478545
16669,0.6459477146574799
16670,1.1248922069622997
16671,1.5482193831450397
16672,1.2174950827767939
16673,1.0358184575487335
16674,1.1115179054385662
16675,0.2975624042535234
16676,1.4955020032356194
16677,0.35673846108806
16678,1.1922059786778911
16679,1.5686128768764522
16680,1.1784306873983428
16681,0.7702457137823173
16682,0.38677287853216785
16683,1.3432569102972745
16684,0.731405799238616
16685,0.4080988130780835
16686,0.7157016407122894
16687,1.0716091370865053
16688,1.1760585790538518
16689,0.4951310767319669
16690,1.3812504646249693
16691,1.0799927144654822
16692,0.5199070372241904
16693,0.3998170152335979
16694,1.6762745175222142
16695,0.6649413993925339
16696,0.871864830501296
16697,0.6466345434682261
16698,1.0694130633886594
16699,0.7037536278843173
16700,0.8138399097690466
16701,1.80172850119119
16702,0.8306947935078408
16703,0.8794131463580461
16704,0.40346219155593077
16705,0.7462810767500963
16706,1.1128441038559649
16707,0.8455218774590223
16708,1.591787264703739
16709,1.2429208985245286
16710,0.5989617239673957
16711,0.6006479235659117
16712,0.9370137008105247
16713,0.5579821061379641
16714,0.8287792993046212
16715,1.0733493941438383
16716,0.41392909619834095
16717,0.9657715485779197
16718,1.059492151568122
16719,1.4775847406393934
16720,0.37609903065212746
16721,1.1632966120943562
16722,1.5375649740264947
16723,0.39529107473521247
16724,1.223070561304854
16725,1.2160013134207273
16726,1.3369484444362345
16727,0.30816555753034414
16728,1.212220818488084
16729,0.9449259820831015
16730,0.430678067478783
16731,2.287997796730754
16732,0.3863545094387993
16733,0.06188582395703709
16734,0.5698939912553406
16735,0.9947439601024134
16736,0.8855751220254569
16737,0.517180877871754
16738,1.8913332593123764
16739,0.3911925195000304
16740,0.4535532483390524
16741,1.0496606480188437
16742,1.2584229963953466
16743,1.4852604442946902
16744,0.576190243444664
16745,0.1433234073979184
16746,1.088560477621076
16747,2.165964813546842
16748,1.6008278566728795
16749,1.3535320960758834
16750,1.5774749137052477
16751,1.3539631841474697
16752,0.5959543430616536
16753,1.050969932701851
16754,0.2197222523188609
16755,1.401801962451049
16756,0.3053071820675037
16757,0.35031702484524524
16758,1.459152689143595
16759,1.1021085661350765
16760,1.3475618124350797
16761,0.9731426678625461
16762,0.7428114723852611
16763,0.45590423018291815
16764,0.47384311478097635
16765,1.1148082389669862
16766,0.46600482701709023
16767,1.0125785604712862
16768,1.2886791240882962
16769,0.220046513875111
16770,0.7119035459010977
16771,0.807196578902216
16772,1.0077196283191352
16773,1.7595381888156327
16774,0.2019515876983084
16775,0.4957473603717881
16776,0.6221822152292205
16777,2.083566136546475
16778,1.2365205834803614
16779,0.8191181454284033
16780,2.172621340676049
16781,1.1514189095555851
16782,1.289287216803685
16783,0.4066191338109636
16784,0.7847568914558267
16785,1.3133434190467028
16786,0.6254738670927749
16787,1.7596604314154
16788,0.5036467930412452
16789,1.4840268383718596
16790,0.8016453036099584
16791,1.4280409772283988
16792,0.5112870849355471
16793,1.061223381308244
16794,0.853254101903127
16795,1.41426470940467
16796,1.3114401725594316
16797,0.30573867735522914
16798,0.32197662358572765
16799,0.6502321336008249
16800,1.2617881712385333
16801,1.0206194466347382
16802,1.5071206837003417
16803,0.3974895948786914
16804,0.5216792282799051
16805,0.915409174024311
16806,1.439597305124618
16807,1.370203833556535
16808,0.2684844910084768
16809,0.8850650705414491
16810,1.4527620869895754
16811,1.0068564235234074
16812,0.6319969891341772
16813,0.9363458053977355
16814,0.7620080499429154
16815,1.0928091062764642
16816,1.7893539717152487
16817,1.0453981756080672
16818,1.4912763904744681
16819,1.4379693432327352
16820,0.8460421783992977
16821,0.8981297919059898
16822,1.1646988149016149
16823,0.6597419145391628
16824,0.09388274839318689
16825,1.772795663626011
16826,0.8447038578875554
16827,1.0413818978207674
16828,1.2669032671713738
16829,1.4415914749613656
16830,-0.5732295774931068
16831,0.7729571812808897
16832,1.4139706590639087
16833,0.9148710288298729
16834,0.3251360324520824
16835,0.7935652559231887
16836,0.9975038571898001
16837,1.593495791681729
16838,1.0903847749465854
16839,0.6091034016705599
16840,1.5181006524231697
16841,1.0685254027970954
16842,1.5619161847643166
16843,0.6480971410452816
16844,1.1495741805959505
16845,1.8091405253525936
16846,1.3879293211843626
16847,1.2672497725646075
16848,1.2406078934449796
16849,0.749276840296465
16850,0.8696389801574786
16851,1.4403605907505634
16852,1.0004115102910391
16853,1.056657543709822
16854,0.9589295375350395
16855,1.1656814454966293
16856,0.4987717530386836
16857,1.3585050003846282
16858,1.1439361623510893
16859,0.8520844447919453
16860,0.47088732127241
16861,1.2906712740600765
16862,0.6114305145591943
16863,1.6000178930764342
16864,1.4131645308487601
16865,1.3799804630712793
16866,1.113739265019766
16867,0.9157617487114609
16868,0.43251481233939326
16869,0.554184325634926
16870,1.375589472635449
16871,1.8823721141767487
16872,1.3657931234457839
16873,1.1867151996651426
16874,2.004361025004042
16875,0.9942943670872163
16876,1.6679905516842353
16877,1.687685873734341
16878,1.8268331115331125
16879,0.9570575007810191
16880,0.9041935279704423
16881,1.1994302922668751
16882,0.8858091880599864
16883,1.2726795673842914
16884,1.422159375066475
16885,1.2117547129640454
16886,0.4732298251035239
16887,1.8340691058143312
16888,0.9105278397095258
16889,0.9899108964039012
16890,0.55647993227511
16891,1.0842445825910365
16892,1.158356955436731
16893,0.9607750019913508
16894,0.44682130399094705
16895,0.751982152946119
16896,0.46792816207276067
16897,0.7310598208665119
16898,0.9781093766124787
16899,0.48401268613738213
16900,1.461667062286174
16901,1.8561297771636704
16902,0.7428019045040495
16903,1.103112187777835
16904,0.9137675208436586
16905,0.6855839658825362
16906,1.0942505585512063
16907,1.4426514879562822
16908,1.7738881020941495
16909,1.148712051791541
16910,0.930356184360524
16911,0.7819826248686337
16912,0.6985428072366506
16913,1.2382838293004417
16914,1.7714043522989178
16915,1.1522666002161261
16916,0.8761742902319156
16917,0.2295324532761205
16918,1.47454186621085
16919,1.1312449495962122
16920,1.2826172721013245
16921,1.6014327850153887
16922,0.41780000436463555
16923,1.4043056740870066
16924,0.4744946284261008
16925,1.476761445303981
16926,1.0217253595100573
16927,0.830204559007704
16928,0.5180874060932134
16929,0.843719860170947
16930,1.4696537874258038
16931,0.7803934761788196
16932,1.7142151491237685
16933,0.587919883474062
16934,1.8029774642511909
16935,0.27904288359779084
16936,0.14833076551167448
16937,1.7932781212794264
16938,0.9890907946505902
16939,0.2633727759397058
16940,0.5745132682054191
16941,1.0385221485036105
16942,1.876629137711572
16943,0.7363802457243938
16944,0.42233033103000894
16945,1.7275362160953136
16946,1.326449745286625
16947,0.38427005007487447
16948,1.3250770945793198
16949,1.3131717884376704
16950,0.8844858640183386
16951,1.2733193742903128
16952,1.4999631908143454
16953,1.3263086301168197
16954,1.0560156247794703
16955,0.6657345374537759
16956,0.6498135728983222
16957,0.9208691151312349
16958,1.049790633105208
16959,1.3631643176328816
16960,0.7760606381891362
16961,1.6022986043283742
16962,1.3361531853602426
16963,1.6376635869249265
16964,0.6949137147676618
16965,1.1399755806337206
16966,1.4465104042579249
16967,0.6100533283992693
16968,0.4909924696451661
16969,0.6543165766481602
16970,1.4262203486550145
16971,0.4752011101973627
16972,1.1455342648415583
16973,1.3826609511443322
16974,1.2541982642482548
16975,0.7894983741191894
16976,1.3134818929236474
16977,0.8310940675006393
16978,1.7347919182415796
16979,-0.2613740340103036
16980,0.7869861965625458
16981,0.17215066529676348
16982,1.5527073392820916
16983,1.8979440788173871
16984,0.9396401184365667
16985,1.121242904932278
16986,0.8462933975340955
16987,1.1194933352176717
16988,1.5384867131434976
16989,1.057998489675522
16990,0.869009485960462
16991,1.5879660831290148
16992,0.4771119959336274
16993,0.70725504256221
16994,0.03227326764497043
16995,1.5090195220566438
16996,1.027393377546498
16997,1.2289649068896686
16998,1.2884266095147012
16999,0.4240079208636939
17000,0.4331355873407571
17001,1.5998439756617928
17002,0.6492423868705282
17003,0.6183606076714963
17004,1.674262057832474
17005,0.9880408445981144
17006,1.7998301020334053
17007,0.7778627460097762
17008,1.2133214605152827
17009,1.570908119543641
17010,0.3818128999244181
17011,0.7771558828587337
17012,1.6997412459969214
17013,1.3287719842460066
17014,1.3091382022693994
17015,1.1236260783254242
17016,1.0170405726966274
17017,0.9090211327704547
17018,0.47352333827353876
17019,0.4406240657576257
17020,1.200609174858592
17021,0.5701985507046572
17022,1.3477410816225175
17023,0.2646811304931883
17024,1.8122281741786352
17025,1.199623042347598
17026,1.5114984121505461
17027,0.9473825055936392
17028,2.0239252150452414
17029,0.36153710158899605
17030,1.135275230602263
17031,0.07708408400583158
17032,0.8942172560212823
17033,0.696537293482177
17034,1.6603291445917443
17035,1.3487217722386833
17036,1.7885316915223186
17037,0.8099492376952128
17038,1.0790678810389163
17039,0.9375845175911117
17040,1.5460570565811018
17041,1.1975276194651527
17042,0.8184779797683819
17043,0.3669332641104081
17044,0.33728977825597894
17045,0.7941441936578654
17046,0.9714810568900767
17047,1.2012529839880293
17048,1.043874247511964
17049,0.29135578733443307
17050,0.8513106598728377
17051,0.5510051509763275
17052,1.6203143075132505
17053,1.4832350511962944
17054,1.2162208138011201
17055,0.20963085979674356
17056,0.6305703809419142
17057,0.9924071054770769
17058,0.3704368419064482
17059,1.548916526957516
17060,1.2281105824396867
17061,1.5534994255616317
17062,1.2666020918313876
17063,0.7358529043112738
17064,1.2110155980639818
17065,0.5207992257588567
17066,1.1943731243189022
17067,0.910229343290581
17068,1.4226787275465393
17069,2.0381768791394563
17070,1.3987638986417246
17071,0.6543130655307257
17072,1.2413586418390987
17073,0.40359905107353644
17074,0.5721953987096885
17075,0.6906544761537874
17076,1.728488644555593
17077,1.147739596835164
17078,0.9696757214349432
17079,0.8578117425856397
17080,1.1559670964663418
17081,0.8951121296616585
17082,0.6325486583044793
17083,1.4323178945666495
17084,0.91339251445044
17085,0.5935396443634522
17086,1.5020139811965398
17087,0.5853990462376004
17088,0.11619129094779396
17089,-0.18026911579850569
17090,0.7846640976685699
17091,1.667857806924003
17092,1.5377164242624248
17093,1.233491694679329
17094,0.5627793760325164
17095,0.8315035040923612
17096,1.0986316182654565
17097,0.8070010659921425
17098,2.164653347261779
17099,1.4441221357462506
17100,0.639973033899196
17101,0.5163738067222795
17102,0.3819425189908872
17103,1.9263942684024284
17104,1.3100803591957022
17105,0.9280791806765198
17106,0.48084384717700024
17107,0.8294890973794302
17108,0.5654405780876595
17109,1.8907368178103245
17110,0.8309810737299277
17111,1.261563505865214
17112,0.8643368788211301
17113,1.8885736951005816
17114,1.3778655701023577
17115,1.411175354257166
17116,0.90895979917449
17117,0.29166934791346005
17118,1.214301420934183
17119,0.4333867441272802
17120,0.9060224751970011
17121,1.6535683094311298
17122,1.0445543571169102
17123,0.7843446786631938
17124,1.320589580110517
17125,0.6877663095895241
17126,1.3049689584445925
17127,1.1408418352962437
17128,0.932709772505919
17129,1.1321828394054856
17130,1.3634101309840627
17131,0.2927653917801315
17132,0.8672712898772452
17133,0.712566247750952
17134,0.6860913929391406
17135,1.4902477810054067
17136,0.8027614667232146
17137,0.687500970731627
17138,0.6293163987710939
17139,1.2054834966591814
17140,0.8649399967951359
17141,0.8222908970349562
17142,2.172098368138446
17143,1.1214993028161493
17144,0.3478703025613461
17145,1.265692263474428
17146,0.4105729021709653
17147,1.5665848725969667
17148,0.3173032706178225
17149,0.35111417472086853
17150,0.5033372640064038
17151,0.9023249242293772
17152,0.6342866226383709
17153,1.3177503505573698
17154,1.1444756204263014
17155,-0.0044073718809831686
17156,0.8869048307093643
17157,1.4869102927258804
17158,1.0350963612680484
17159,1.690229324250459
17160,1.270081580851492
17161,0.5557305213193072
17162,1.116682479418724
17163,0.7624281641060783
17164,1.8695286244544094
17165,1.3457505999439991
17166,1.486003939348801
17167,1.0583545059915127
17168,0.894609685484236
17169,0.8599869801828508
17170,0.9080320752083709
17171,0.93168459407308
17172,0.432371275526165
17173,1.1453790681434097
17174,0.46082316668808143
17175,0.48946621326498463
17176,1.0801644727851707
17177,0.9931260780035902
17178,0.8231619461619761
17179,0.9142567467322671
17180,0.29424884097469817
17181,0.7003106570177665
17182,0.6970507140981621
17183,0.799923405404489
17184,1.5149333092873642
17185,0.9245356470691013
17186,0.909812747568246
17187,1.4528772041909788
17188,1.3462150124988763
17189,1.2985268596674655
17190,0.9441241923087541
17191,0.8864103214019415
17192,1.4374386082639603
17193,0.4115171247191017
17194,0.37323155677494246
17195,0.24590434818588752
17196,0.2459468425698602
17197,0.9177562999811881
17198,0.7524303431590993
17199,1.192630780132148
17200,2.215401997587188
17201,1.0690678722974132
17202,0.6325260466661748
17203,1.1364318905990314
17204,0.8535640390746586
17205,1.0987075418736079
17206,0.9272592068414751
17207,0.7336935592475078
17208,1.5912599073395537
17209,1.5109502774296582
17210,1.719256495327103
17211,1.2116851414854866
17212,1.084556915998183
17213,0.5202157070665099
17214,1.4829547507946401
17215,1.0926197723957574
17216,0.9693460660471505
17217,-0.02716997657466269
17218,1.4582854317142644
17219,0.37109608960234025
17220,0.33958982903279394
17221,1.2491350066561555
17222,1.5194626406303373
17223,1.4561275517298733
17224,1.0583220985582154
17225,0.5196014490014329
17226,1.1596848013544148
17227,0.4619517625460292
17228,0.9687432587107166
17229,1.7090052318500764
17230,1.358569549200086
17231,1.6671335628596957
17232,0.3696528939288146
17233,1.3592564131519635
17234,0.4373517178760176
17235,0.306121982967981
17236,1.4442519690831617
17237,1.4364055689647666
17238,0.8350289807532733
17239,1.3371137521915109
17240,0.9505607477760858
17241,1.6174161407006848
17242,0.3744323742297247
17243,1.2619722250822505
17244,1.291004899180916
17245,1.459119867450814
17246,0.6193947168040219
17247,0.2915446363386971
17248,1.6892724763541205
17249,1.4516458222576591
17250,1.3522053875826838
17251,1.561785500438631
17252,0.4318588521955771
17253,1.4256123734953996
17254,1.2486254022414225
17255,1.5899151384768038
17256,0.3807221334798214
17257,1.2472300459015386
17258,0.49928508844084474
17259,2.029508013763026
17260,0.95024851458204
17261,0.5341714763801394
17262,1.3445854557226198
17263,0.5164769336123085
17264,0.9944026432089865
17265,1.0839051590092557
17266,0.6825877365612312
17267,0.7430666483102106
17268,0.4165170897966151
17269,-0.2120134120527314
17270,0.6320930262736808
17271,0.7413227943305234
17272,1.7336462524229352
17273,1.64618505546481
17274,1.0541061554240727
17275,1.0579581664515914
17276,0.4804798827605745
17277,0.9411819803003293
17278,0.5069110541859381
17279,0.9834004032228775
17280,1.258819527409663
17281,1.2645497772665864
17282,1.270787743397579
17283,0.4820132757786567
17284,1.4521051610610258
17285,0.6325518967514163
17286,1.4141368321953507
17287,0.8254725398836158
17288,0.2966712706166182
17289,0.7885402605431494
17290,1.5431910381685636
17291,1.5379009220204947
17292,0.5769927408781085
17293,0.7198795498493482
17294,1.049376717881875
17295,1.1752362938831156
17296,0.7635399020581422
17297,1.7644903231721867
17298,1.075402614911083
17299,0.40564271988867406
17300,0.744603773501055
17301,0.42104946160784096
17302,1.3735229463101382
17303,0.7621845716466986
17304,1.7671748622367398
17305,1.783269524605244
17306,1.4163476860928477
17307,0.7292674695218533
17308,0.6378104590591414
17309,0.4966047898665724
17310,0.6495789215753389
17311,1.25713857537513
17312,0.9774546438904956
17313,1.0532419441112217
17314,0.8049156388576713
17315,0.5946464945134061
17316,1.0207019366271148
17317,0.5962763697320387
17318,0.6084955794158984
17319,1.186064786462334
17320,1.1628340848479788
17321,0.47002315448877263
17322,1.2832048202749076
17323,0.42263157622207126
17324,0.5907793736703115
17325,1.0103591259624427
17326,0.7714225856456767
17327,0.9878213576129863
17328,0.3883826991787967
17329,0.9952447602412813
17330,0.9999916570473298
17331,0.8851194196875071
17332,0.1343929376802484
17333,1.0657591119811651
17334,1.3063766727442887
17335,0.6135943371822841
17336,0.6077177758542147
17337,0.6598807006828564
17338,0.669023582178782
17339,0.9261460653681021
17340,1.7527329151904578
17341,0.6416121480154748
17342,0.7939196284275243
17343,1.2428165428633917
17344,1.126519609889356
17345,1.3169116969797865
17346,1.158459482019257
17347,1.080488305969363
17348,1.4275870665100776
17349,0.08979147432018814
17350,1.140088560261025
17351,1.0785710778235542
17352,1.1108985916985514
17353,0.4955801242990457
17354,0.9903387931798037
17355,1.060574666261348
17356,1.1133951584508466
17357,0.6230378385206672
17358,-0.005506057785092999
17359,0.5361602221438003
17360,0.6998934026748711
17361,0.6361558796897933
17362,1.0041586519823742
17363,1.4465605222146118
17364,0.3892903016098173
17365,1.4251533525759057
17366,0.40089964898448427
17367,0.7524172996060918
17368,0.7486457204844512
17369,1.3567517246397132
17370,1.3308211370508995
17371,0.9924586612798127
17372,0.371506757786107
17373,0.4376762258294579
17374,1.3222614029555624
17375,1.132778390099329
17376,0.7874402629344273
17377,1.5497625208650672
17378,0.321624054861658
17379,0.21161510287100094
17380,0.44585359834266625
17381,0.7217406563243481
17382,0.6827645540267973
17383,0.15017207517268047
17384,0.4908628818327305
17385,0.5935274853556272
17386,0.5001634882347111
17387,0.7102688778245045
17388,1.68604618559743
17389,0.9723346558322807
17390,1.307926740423035
17391,0.47979270640580196
17392,1.0272100558868589
17393,1.1442224216933221
17394,2.229430858223282
17395,0.2753122273562519
17396,0.5847516697515183
17397,1.0454075084692636
17398,2.0137232818778967
17399,0.9678763024288716
17400,1.5945633332083415
17401,0.47365240263858566
17402,0.931751236091529
17403,0.4784814607816603
17404,1.3673230051742362
17405,0.8189190528847825
17406,0.9061395589520547
17407,0.6049508579090918
17408,0.8457121742799624
17409,0.4739631209539153
17410,0.632275472394405
17411,1.3693966248179574
17412,1.5212835699664864
17413,1.155601378105366
17414,1.267137110040764
17415,1.579447353496139
17416,0.6387511753800872
17417,0.6150143248917079
17418,1.2683945054947712
17419,0.8187258815393091
17420,0.2580827838142792
17421,0.33022497545197954
17422,1.0660258052221554
17423,0.3288812507263361
17424,1.153567766075694
17425,0.8043194978279403
17426,1.3334606504852886
17427,0.5679815309438694
17428,1.38568884903634
17429,1.9524400901513963
17430,1.2436635426484073
17431,0.7655257623253897
17432,1.186351632160747
17433,0.9086676905917006
17434,1.2879394479502402
17435,0.6862488631054707
17436,0.7040025343959909
17437,1.075769049442069
17438,1.2399276024597152
17439,-0.26131102135513556
17440,0.8860733461360883
17441,0.9151364949552869
17442,1.333906965841829
17443,0.8812824822450954
17444,1.11894018389683
17445,1.7060345178285878
17446,0.7463009229157304
17447,0.9434622879860665
17448,0.856149275283902
17449,0.3825242500145677
17450,1.1735638237860442
17451,1.274834442323995
17452,0.6840210306580959
17453,0.4865359569017346
17454,1.622084174528088
17455,1.0353333123402566
17456,0.8595253090999212
17457,0.41596939586463716
17458,1.7294242978650116
17459,1.3605002566362705
17460,0.7092877484702003
17461,1.653943816587872
17462,1.0526663948449362
17463,0.7671094781400107
17464,0.3666215264339873
17465,0.7530420345305424
17466,0.012893219292926306
17467,0.563368053348349
17468,1.2651583558321042
17469,1.7942850646994313
17470,1.4441900499786597
17471,1.951310161822665
17472,0.3319887290778206
17473,1.6697270678787501
17474,0.4857391990104815
17475,1.7042038703488045
17476,1.1908705035904081
17477,1.6590528905078918
17478,1.3095818931398167
17479,1.4810415141868736
17480,1.1324858483908666
17481,1.4657834845758506
17482,1.1171889618112631
17483,1.295845199881972
17484,1.5708578178869117
17485,0.6649086075650823
17486,0.18397260870097484
17487,0.32527621667500384
17488,1.086102974641224
17489,1.6630391082672527
17490,0.6945510349961219
17491,0.8090239472342872
17492,0.5212576379279722
17493,0.19211014490063558
17494,1.104673211127475
17495,1.365397133858958
17496,1.0217323997003755
17497,0.4945188199686096
17498,0.7539165670582391
17499,0.45580996205032065
17500,1.2707417309893143
17501,0.847759613046523
17502,0.6301504854224952
17503,0.446577115736847
17504,1.0316921231963856
17505,0.30949403144228294
17506,1.0130862375867487
17507,0.7804321910820341
17508,0.86204095680565
17509,0.6610302534754281
17510,0.370682280869301
17511,1.1480224651386262
17512,0.9947264433614003
17513,1.5023020226596604
17514,1.3620654461615886
17515,0.9934640441076299
17516,0.4793416077684701
17517,1.7129016264772647
17518,-0.23584704811843096
17519,1.4982751024911978
17520,0.314147792585618
17521,0.9143464073564299
17522,0.06439688926170417
17523,0.8974000267177956
17524,2.257794167932601
17525,0.4270229617635523
17526,0.6993940999825475
17527,0.5689235787353385
17528,-0.3116941040406773
17529,1.4002892434842973
17530,1.6980458325733332
17531,1.7434785584777492
17532,1.2727840339647256
17533,0.5342817451013273
17534,-0.1165302296721617
17535,1.106749706585144
17536,0.737199289867854
17537,1.1940900668564862
17538,2.2987534183447864
17539,1.3465203775344357
17540,0.43629460416876725
17541,2.231944517929181
17542,1.1873805991955027
17543,0.3094821272878092
17544,0.4599950482117092
17545,1.1267502632598827
17546,1.190603177263093
17547,1.470901984858064
17548,1.2246431367131236
17549,1.3026444219643463
17550,0.56899764392049
17551,0.265460984327067
17552,0.5248217482980568
17553,0.02017700703340919
17554,1.1835946146636216
17555,0.5919819125596013
17556,1.5069745305807636
17557,0.48483306994457687
17558,0.41979731834386746
17559,1.1077905834358373
17560,0.4637884206602423
17561,1.1142429039020687
17562,0.9812429654601595
17563,1.0889793197274962
17564,1.2912045593097243
17565,1.281234542517039
17566,0.3080909070837997
17567,1.1056956091755539
17568,0.47750617780394683
17569,1.140096783337417
17570,1.4031791688319242
17571,0.6573102132124743
17572,1.1221307228326427
17573,0.9375891940764087
17574,0.8810766884123103
17575,1.796504399783694
17576,1.0638752109726617
17577,1.0869575738787207
17578,1.672099586745818
17579,0.44503157042699243
17580,0.8243373806811513
17581,1.4407134730509263
17582,0.2967978687537429
17583,0.9322664037526087
17584,1.1481537639386803
17585,0.5270723080083773
17586,0.808114722572397
17587,1.387382765689214
17588,1.456288327181096
17589,0.3506968783702622
17590,0.5493788194638856
17591,1.1556956971699535
17592,0.7504332630503604
17593,1.8117426498821265
17594,1.0867036631424716
17595,1.1962062573884817
17596,1.030941882527049
17597,1.100038335575563
17598,0.9942440695272718
17599,0.9214286660168509
17600,0.5744297488732334
17601,1.4700200242512067
17602,0.4855299147906518
17603,0.4267424761904409
17604,0.37491470365179236
17605,2.3457110804054015
17606,0.31104762115769463
17607,1.4949467812287989
17608,0.930622067375686
17609,1.8121481170603724
17610,1.3466133712199084
17611,1.155695422520144
17612,1.1719605458860682
17613,1.2651834467647345
17614,0.9091849717737239
17615,1.4022786517596901
17616,0.642718622932846
17617,1.1511958933919568
17618,0.763396039949632
17619,1.0497866300106258
17620,0.9200459579103184
17621,1.1749016688982126
17622,2.175512216973212
17623,0.9868301345655123
17624,1.2100979699646797
17625,0.009071522181986258
17626,0.9547029380935887
17627,0.35822475835786477
17628,0.9250301478301108
17629,0.7323308638268087
17630,0.7195044494658919
17631,1.0035664447370458
17632,0.7727998030575738
17633,1.2443521634849177
17634,1.3525676990941418
17635,0.9484947533508268
17636,1.3087912439426426
17637,0.40988081372605734
17638,0.8430162011444245
17639,0.576628321061475
17640,1.3443553527649632
17641,1.3198551208326643
17642,0.8576947116384058
17643,1.600719883979937
17644,1.0011036152796093
17645,0.6117516338582312
17646,1.225118046945311
17647,0.9778123062217455
17648,0.9764437545850255
17649,0.5994480086128824
17650,1.2706095909624127
17651,1.0564434786547103
17652,0.34558049401280533
17653,1.0661278975812287
17654,0.7543358200581384
17655,0.6959993797400137
17656,0.5336003675804889
17657,0.9546834893892764
17658,1.2120300345549293
17659,1.6946573837790164
17660,1.5765639711978716
17661,0.9326030566189905
17662,0.7407795993596742
17663,1.202507181154278
17664,0.8795371977888076
17665,1.545607480627461
17666,1.3160069755611574
17667,1.6232797154891483
17668,0.7174564080308605
17669,1.4987621599331442
17670,1.0433984900221343
17671,1.6930355323521467
17672,2.027553224651243
17673,0.7262058243598364
17674,0.5034489649080345
17675,1.108668888822516
17676,0.5212319501692864
17677,0.34071831534620955
17678,1.1102226075670387
17679,1.3169247153589048
17680,0.1134005714884227
17681,1.7927022318132215
17682,0.8023889258339302
17683,1.2077620169157441
17684,0.37136085921696477
17685,1.1418435348522817
17686,1.2046265512413927
17687,1.5530582607494345
17688,0.8910608348219711
17689,0.9322623559052584
17690,1.3366307441061667
17691,1.7051440983564583
17692,1.7224753726912003
17693,1.4206968978609864
17694,1.0962993836952015
17695,1.329603405021547
17696,2.047729157169557
17697,0.7588417027182434
17698,1.7223589075105035
17699,0.9460386786024131
17700,0.966360565429869
17701,1.505342512859123
17702,0.10125955653177007
17703,0.9494719192334846
17704,1.4337555239394482
17705,0.6666963858906113
17706,0.3940682741490284
17707,1.1567711331036516
17708,0.9732409506620503
17709,1.1377866282018156
17710,0.549482580735099
17711,1.402319641597118
17712,1.2818571419688585
17713,1.146908207321488
17714,0.6726625660974765
17715,1.4046834788257132
17716,0.47148735564156247
17717,0.7784905220986095
17718,1.0935716095035863
17719,1.12447481822832
17720,0.43210481748744894
17721,0.9265545713954462
17722,0.4455793801324431
17723,1.5926502875379547
17724,0.4654485812258329
17725,1.3539392654597804
17726,0.6033789154008804
17727,0.5533652959312967
17728,0.606000280196163
17729,0.6019850695832206
17730,1.2228271824000305
17731,1.4660702547897104
17732,0.5971202963648946
17733,0.3751987540269853
17734,1.2396421929654375
17735,1.6822950654052384
17736,1.091795364161566
17737,1.3278983955809895
17738,0.5847633736844564
17739,1.6684490660476792
17740,1.2353236491741837
17741,0.41047685260914696
17742,1.7276034345132518
17743,1.0281374373877308
17744,0.9632923388546148
17745,0.8932370651088953
17746,0.5465633659528261
17747,0.6895292548916685
17748,1.2388682386038026
17749,1.6875429455010096
17750,0.5246619083540042
17751,1.535241094342504
17752,0.6985964274521004
17753,0.7109687176799941
17754,0.5608314321143111
17755,1.218139737253562
17756,0.10723738686269751
17757,0.5120288502879212
17758,0.7403117584883929
17759,0.9205926667072446
17760,1.311517635244028
17761,0.8523224687347681
17762,1.192029967687978
17763,1.0620369091036959
17764,1.6567594609823875
17765,1.6543714139552146
17766,1.3899511423740183
17767,0.7942925874884639
17768,0.9445202304897073
17769,1.3868490913066194
17770,0.7003492151148263
17771,1.8049093735104067
17772,1.578581217446565
17773,0.3121701464247172
17774,1.107935015043843
17775,2.045803549541956
17776,1.2772394919761363
17777,1.3529399378577598
17778,1.9039418505616656
17779,1.0302567527540059
17780,0.46219817949517317
17781,1.1739680692910253
17782,0.46432672181926227
17783,0.8736655586010174
17784,0.3007556708498592
17785,0.5772057582899364
17786,1.5084675581808884
17787,1.2922757384335042
17788,1.6938672316803207
17789,0.9091047367117366
17790,0.624918507498472
17791,0.5524377072520428
17792,1.2859304631905373
17793,0.455076983079884
17794,0.9760456605653174
17795,0.5673249037736845
17796,1.20888699570288
17797,1.3478687525050905
17798,0.33276481361810895
17799,1.2723057293570113
17800,0.5618988225503022
17801,1.1338833242088404
17802,1.3943971231925811
17803,1.2571338284777434
17804,1.6837664703291337
17805,0.8967683260173458
17806,1.1367477149542637
17807,1.5665331201994008
17808,1.1465641216958338
17809,0.5059266306308257
17810,1.1771573157761752
17811,0.585498221356662
17812,0.24360765462711914
17813,1.9383598101519561
17814,1.882227969062339
17815,0.7650329981401343
17816,1.2973273231749034
17817,0.5826358606939772
17818,1.304426716691661
17819,1.4024959032084166
17820,1.0966536057619314
17821,0.5667876823271156
17822,0.35446600266156986
17823,0.4870700516897028
17824,1.2412859027995171
17825,1.6952172678797108
17826,0.9258630869164511
17827,2.0760433397182645
17828,1.5399902918727295
17829,0.5377677378596619
17830,1.2613012826612104
17831,1.2246297623740645
17832,0.3411057332156883
17833,0.4677319360726756
17834,0.9252598331604548
17835,0.21721657560158686
17836,0.29263588994058226
17837,1.458808764044101
17838,1.1845871998292217
17839,1.3286058980967899
17840,0.7476146550417067
17841,1.674185542308995
17842,0.40324914205958473
17843,1.7079571522459545
17844,1.0642973691520052
17845,0.6981889692016114
17846,0.5539595965988628
17847,1.2498942351413622
17848,1.4936552468847517
17849,0.7767445307077304
17850,1.590501325361147
17851,0.600005880385543
17852,1.1670505370759525
17853,1.2421835300154878
17854,0.5165636557481458
17855,1.1288374564853565
17856,1.857531592279479
17857,0.9339545228554839
17858,0.49950862213241837
17859,1.6642016788499716
17860,0.8518926542477827
17861,0.10461722770397616
17862,0.5885598869393942
17863,1.2587254630453564
17864,0.5713995011620303
17865,1.1573904762996736
17866,1.2438731493487503
17867,1.4252145796254654
17868,0.26568401873491343
17869,0.9748557576433599
17870,0.479278094372955
17871,1.0224005775576066
17872,0.4333970613646973
17873,1.2242610859332026
17874,1.0986069288454094
17875,0.39951472855144543
17876,1.265387547364694
17877,1.1010744174282758
17878,1.5547249497136164
17879,0.6759955160400805
17880,1.3710425892522402
17881,1.2172731395100367
17882,1.519242811716488
17883,1.550680003424655
17884,0.8720582240629327
17885,0.7658664423153754
17886,1.2423800002134495
17887,1.2525032816633004
17888,1.0447700904447919
17889,0.756987758214797
17890,1.026359390229732
17891,1.0984528826951285
17892,0.4901714193253834
17893,1.5869314069947573
17894,0.8416958788329522
17895,0.19743396509750052
17896,1.3707304019297013
17897,1.356292606539252
17898,1.5328957760879887
17899,0.5091542615078581
17900,0.7532993179983469
17901,0.8526715697974221
17902,0.6453018950814448
17903,0.8510783418982364
17904,0.5060820534583628
17905,1.2658178969557432
17906,0.3988676720117075
17907,1.7421988481464556
17908,1.2197645492642952
17909,0.403156169257725
17910,1.6764917997608977
17911,1.2858140582308437
17912,0.3695003580884377
17913,1.527039737818915
17914,0.9176453665878462
17915,0.8547285768720433
17916,0.2887876285498148
17917,0.5306769098242718
17918,1.3588496740058895
17919,0.010269864276082952
17920,1.0078840329078553
17921,1.241887262997858
17922,1.7407381463390856
17923,0.28636214165654406
17924,0.5124772137590454
17925,0.19300375420215193
17926,0.19216583357078076
17927,0.5083270330904868
17928,1.1715826375857243
17929,0.5047646597244227
17930,0.48253627855163356
17931,1.2646070537787626
17932,1.6613495955125366
17933,0.4974688281764903
17934,0.6380967063065168
17935,0.9088640789100291
17936,1.2757036340560988
17937,1.200138918023614
17938,0.5658124354400001
17939,1.126770369364807
17940,0.5519130519963156
17941,0.25859775321408895
17942,1.4648297450378531
17943,0.655520841886778
17944,1.8832322948055327
17945,0.5825350792436137
17946,0.9781563793992647
17947,1.0304220684316794
17948,0.38398839317784805
17949,1.4174344092539561
17950,1.252767832026411
17951,1.3844504775616182
17952,1.6014041503144907
17953,0.561043535323567
17954,0.560304528837263
17955,0.5564622803772091
17956,0.09945658700940328
17957,1.3998462801598293
17958,0.5837759943853368
17959,1.1227294884897396
17960,1.5225261641678351
17961,0.06371610672365496
17962,1.2641564517582324
17963,1.5000092184332832
17964,0.4086610463822962
17965,1.2469373294337385
17966,0.9799656439397045
17967,1.5259650405401244
17968,1.3574033493507405
17969,1.3811694244371604
17970,1.5570005872566786
17971,0.6164839071600625
17972,0.8533535562343351
17973,1.0636140310748396
17974,0.217909297289339
17975,1.8432770343930946
17976,1.119212589980551
17977,0.9815792367242062
17978,1.3551885498398297
17979,1.2090129803188256
17980,0.4486652499214871
17981,0.5085517411646109
17982,0.5944796559667669
17983,0.7105936269154316
17984,1.0443472812841745
17985,1.0897828389402313
17986,0.8165752571241366
17987,1.019582602754573
17988,1.5174922762443015
17989,1.0757911933993258
17990,1.2449243373129055
17991,2.2231447611064965
17992,0.41399135061555914
17993,1.2613616564455175
17994,0.8340225705234069
17995,1.2875091199788893
17996,1.2155477238879495
17997,2.0982445961216305
17998,1.0825300272801568
17999,1.4657764193070877
18000,0.9609672776400725
18001,0.1409358014410714
18002,1.9481904281705533
18003,0.37232081812938367
18004,1.516298207145418
18005,0.6331115356943497
18006,1.2124772716500896
18007,0.5757732893543339
18008,1.4098559451988772
18009,0.4339978987954165
18010,1.3839783142136337
18011,0.7056162051570873
18012,0.16531669349397624
18013,1.0658003760289143
18014,1.0327540809924542
18015,1.5499432112855338
18016,1.378648444081008
18017,1.3617336797918347
18018,0.8913092098818152
18019,0.6190058364054312
18020,1.2380595983825855
18021,1.3120564425991499
18022,1.0591077964965299
18023,0.6650458993138049
18024,0.4594662832907688
18025,1.157558970503951
18026,0.4154359724444967
18027,0.9593063739121763
18028,2.167823549751102
18029,0.953093603439522
18030,1.4097570186828692
18031,1.0460672247903173
18032,1.5240918817513656
18033,0.9866835867850273
18034,1.9400530147877701
18035,0.40992118702824776
18036,2.567271377494948
18037,1.1804797171651717
18038,1.4551549303823497
18039,0.9850997473967328
18040,1.2712889997128536
18041,0.9140980902654632
18042,2.3398391677089103
18043,1.0328128522334603
18044,0.28863673419895036
18045,0.8374565062005346
18046,0.67587885671418
18047,0.5087572106293243
18048,0.8175848386712221
18049,0.4512290416254774
18050,0.9678406805176694
18051,0.9347489661710007
18052,1.4541889634333405
18053,0.5049250800569294
18054,1.1052458848219118
18055,1.1447330631200916
18056,1.2143091835103845
18057,1.4683959640769468
18058,1.5110495773604904
18059,1.2977046503267644
18060,0.1819555053444591
18061,0.6675529312058401
18062,0.6847666207611893
18063,1.5530409642266252
18064,1.7715951237178127
18065,1.6770776379507417
18066,1.4448286300347204
18067,1.1275389302734513
18068,1.0222457749036828
18069,0.20735970986626034
18070,1.3592359294924234
18071,1.441264404742133
18072,-0.013802161049308315
18073,0.9036103289118644
18074,0.5805977972207033
18075,2.0763674258845857
18076,0.629726828081586
18077,0.629969990354541
18078,0.492457246370077
18079,0.23405831719199727
18080,0.7539132248645353
18081,0.6032643827306182
18082,1.2409860517290898
18083,1.4812361671983467
18084,0.6438386377807235
18085,0.42156832067829864
18086,-0.028167322822820806
18087,0.5742864064191924
18088,0.5093845816147454
18089,1.022985966019799
18090,1.4924966870911351
18091,1.2282946503289869
18092,0.6910089466365277
18093,0.11434803835539772
18094,1.8751013437234336
18095,1.6674519160678494
18096,0.9985748663160697
18097,0.518427267397223
18098,1.0145461283200659
18099,0.9582729997948678
18100,1.2974560019209713
18101,1.4894307411844834
18102,0.5099944879916546
18103,1.0152058790586267
18104,1.368152903985857
18105,1.0943917398344718
18106,1.0205535111108952
18107,0.26008622340368287
18108,0.4983557197580989
18109,0.9751286901116286
18110,0.4881000092986846
18111,1.0336047728116582
18112,0.7305052982559019
18113,1.5133675548785135
18114,0.42381996027500196
18115,1.3158742138254653
18116,0.9582093973419457
18117,0.4632711803576627
18118,1.0107027862372664
18119,0.9919836835624263
18120,1.4341206611776172
18121,0.39722049733785203
18122,0.9669451388439992
18123,1.6864998507163715
18124,0.960000742650548
18125,0.9003413175976438
18126,0.9570380869845367
18127,1.0962896417819685
18128,0.4742907257740461
18129,1.3291269505790733
18130,2.0132113361087276
18131,1.1934155807027493
18132,0.5511024655673826
18133,1.4332675152896832
18134,1.3329810618982854
18135,0.5387089615178408
18136,1.4483431540360616
18137,0.7645066376482752
18138,1.6899713360639508
18139,1.5346841114112053
18140,0.669886442061814
18141,0.662474274356695
18142,0.40699389788740414
18143,0.7657309729601832
18144,1.237288350417651
18145,1.0301332255268287
18146,0.4504206701450012
18147,0.9180081115167174
18148,1.1249555793242174
18149,1.8375267038404326
18150,0.9793393352813502
18151,0.7240062678704938
18152,0.17790676649843756
18153,0.4820564797779949
18154,1.3438358880318286
18155,0.9010828361271528
18156,1.1968449997002026
18157,1.2132154839550358
18158,1.1577306558912381
18159,0.2850807947968649
18160,1.5000609395889404
18161,1.3118397340865915
18162,1.3622195367277983
18163,1.283536435224155
18164,1.2853572011229029
18165,0.8990100955168765
18166,0.6917553384698065
18167,1.4511123903888468
18168,0.5145523287833973
18169,-0.5656482266531696
18170,0.8208705127172314
18171,1.2095147553872527
18172,0.9805359579255194
18173,1.393042433613238
18174,1.3182956907820498
18175,0.24640649373322127
18176,1.7766048341302156
18177,0.7480506909067204
18178,1.8999218188370888
18179,0.5594473882812097
18180,1.4628188107058653
18181,0.41501602365277257
18182,1.1025211411717892
18183,1.152480499980466
18184,1.521308104924565
18185,1.1532022235394628
18186,1.0915619173535855
18187,1.4454225600751955
18188,1.419073089740513
18189,0.5645975766443813
18190,0.42037623232802923
18191,1.8336933903597787
18192,0.3367481267802315
18193,1.7006914063652274
18194,0.7987885645067094
18195,1.5906960355300108
18196,1.2500866889849955
18197,0.4334865586798487
18198,1.0418402601557852
18199,1.1643368269841672
18200,0.9011258797934734
18201,1.1316958067700904
18202,0.8505117200871466
18203,1.6276425392740195
18204,1.201243796231663
18205,0.5318294805728259
18206,0.8181355628077729
18207,1.323082458567387
18208,0.21160678072491934
18209,1.8853281051513306
18210,0.9022234336134105
18211,1.3029929765151882
18212,1.0781516501587054
18213,0.832985364733151
18214,0.6420047333335998
18215,1.6309838892854032
18216,0.9070921894754302
18217,0.7496073145832248
18218,0.6621423063684333
18219,1.0515639937795638
18220,0.8325795749361815
18221,1.1367701352280628
18222,1.5204779901255066
18223,0.5008500420071089
18224,1.3530879030128804
18225,0.36244510849774936
18226,1.364460557078651
18227,1.1587645400899458
18228,0.6162459315335409
18229,1.2513387643524223
18230,0.679135541404891
18231,1.2652576844249697
18232,0.90783938526134
18233,0.362295003885167
18234,0.6018948205132607
18235,1.1790915877177177
18236,0.6723146429814073
18237,0.3611119501807278
18238,0.27164424495613554
18239,1.4704854756655643
18240,0.4861778170398853
18241,1.0434202014352432
18242,0.9456021727310044
18243,0.3223494169345727
18244,0.697877142463273
18245,0.4656124121608808
18246,1.0511566498625013
18247,0.9144753333561181
18248,0.787088439259848
18249,0.6111190746501631
18250,1.689176896480233
18251,1.2886727994733744
18252,1.0850244599111631
18253,0.2615352681524364
18254,1.6779228430351103
18255,1.6124223661618085
18256,0.028063205010267878
18257,0.7970136723558134
18258,0.6058804619359566
18259,1.1446661508279234
18260,0.5093286395810632
18261,1.383218081808646
18262,1.5364746624789376
18263,-0.14306955999479817
18264,1.1242551271683925
18265,0.9640642282167065
18266,1.3213352316491491
18267,0.7541809562097193
18268,0.8017024988987138
18269,0.9183056443498809
18270,0.9285908954983519
18271,1.4266304604222735
18272,0.8085726413253078
18273,1.2229139185666464
18274,0.8973698670207774
18275,1.2919491148151785
18276,0.8035235751686165
18277,1.6108646055895603
18278,1.3653692336147754
18279,1.1456450364144948
18280,1.559112392439078
18281,0.7850746370045556
18282,0.4181130152051031
18283,0.7880231670156816
18284,0.6293518043262194
18285,2.104212155797887
18286,0.6504994534447908
18287,0.5429604313897598
18288,1.5506099042509636
18289,1.634189597398797
18290,0.44233170939178656
18291,0.15453176843286978
18292,0.806541970632409
18293,1.4973274484876962
18294,0.5134143844672464
18295,1.5136894100450449
18296,0.7862579302475524
18297,0.9052639461591844
18298,0.6233651309780459
18299,1.2956920835993797
18300,1.4169158259612287
18301,0.6001416254922292
18302,1.620327385287774
18303,1.287852739167184
18304,0.840779073052714
18305,1.0564401966697528
18306,1.2991802658432643
18307,0.29311930570438727
18308,0.9591559078903211
18309,0.5313352548016052
18310,0.20528761631090944
18311,1.7336942864248657
18312,0.9964976265823675
18313,0.9437716846543448
18314,1.652197001693719
18315,1.288146091464371
18316,0.6077241509775373
18317,0.2010686637650836
18318,0.4104071620019118
18319,1.8949964316032961
18320,1.164465394151535
18321,0.6992570844561677
18322,0.29104823679635755
18323,0.5448153669275563
18324,1.3790152097791972
18325,0.6440470041000068
18326,1.3931834839683988
18327,0.9071044092954466
18328,0.40662896632649814
18329,0.9192737632678827
18330,1.0720759803518403
18331,0.4474538349798612
18332,0.8011423210511581
18333,1.1688775987653748
18334,0.5174746733236044
18335,1.5412838639913216
18336,1.0332026024816834
18337,1.0721333892265175
18338,1.2749757400307642
18339,1.5930367451015233
18340,1.4831279658190923
18341,1.6316642463369813
18342,0.39972725371770795
18343,0.8510496785269217
18344,1.0009980512778363
18345,1.22911455224986
18346,1.6550324027021839
18347,1.9469186176952928
18348,0.3281644794792724
18349,0.5944319138637868
18350,1.1971546557819
18351,1.3460291260354098
18352,1.171852453623827
18353,0.3481921780477373
18354,0.35281645881875345
18355,0.7598950516680039
18356,1.1559119784686824
18357,1.448518528547682
18358,0.9938662857486231
18359,1.7434396362243136
18360,0.48178713703851406
18361,0.4718798451007964
18362,0.6427075086589915
18363,1.1200011067477018
18364,0.725990171424216
18365,0.9282423590916551
18366,0.5042357233762794
18367,1.751091514241442
18368,0.8282703676125804
18369,0.8473819261757829
18370,-0.34204906494045006
18371,1.6153567584428237
18372,1.4306762798757413
18373,0.8302529552185576
18374,0.4785006792055625
18375,1.3846431072340508
18376,1.4542868606612278
18377,1.634219927997505
18378,1.1791642377761216
18379,0.4542359055604597
18380,1.56295364027089
18381,1.7059212881023909
18382,0.9452694961774009
18383,1.199989990589032
18384,0.364672260092833
18385,0.7251484876246234
18386,1.2010669309714774
18387,1.6596995164513362
18388,1.0721175606354865
18389,1.381404029536169
18390,0.500036922463118
18391,1.3044033209464678
18392,1.105024410721554
18393,0.24794679948262766
18394,0.42358960745075197
18395,1.2398432171425122
18396,1.3850059853896077
18397,1.5179584135304478
18398,0.6895200434913462
18399,0.7180359490506366
18400,0.40023897855067786
18401,1.109046270932811
18402,0.2955171335659148
18403,1.0645048544903388
18404,1.1810571566087913
18405,0.45844964793442433
18406,0.9169195868105564
18407,0.33030415472752567
18408,0.7550728602402135
18409,1.9056547336348784
18410,0.9750487754531523
18411,1.4623943569909703
18412,1.0427062331993762
18413,0.79412728614055
18414,0.5471736276228809
18415,1.4722244249707572
18416,0.8675155479928958
18417,0.6069632802132483
18418,1.6369668211299122
18419,0.4455196106438654
18420,0.6005551917085493
18421,0.29929029351256353
18422,0.777575797622943
18423,1.2263461067650938
18424,1.068837653752155
18425,1.4271417882466593
18426,0.4862493644503423
18427,1.463750863954031
18428,1.4709436267074956
18429,1.3156359732715164
18430,1.3359985263857435
18431,0.595943511041608
18432,0.4988438507721523
18433,0.48554106025865984
18434,0.6688418555317888
18435,1.2953518754651874
18436,1.212210536235554
18437,0.9641859535572388
18438,0.35805484474610483
18439,0.3644470597506773
18440,0.4846595544700275
18441,0.5410698904628661
18442,1.1402579583323544
18443,0.5933672842763134
18444,1.2172221446290978
18445,1.2413743455825303
18446,0.03839936396102478
18447,0.9729213858769046
18448,0.8045073668750446
18449,0.21160851794450097
18450,0.5877679380631213
18451,1.6552603581915526
18452,1.1243933101893049
18453,0.6675442125212264
18454,0.9655125212077591
18455,1.1564404299034325
18456,0.7277774301299273
18457,1.072308252182729
18458,1.0225705853887
18459,0.5815222359412513
18460,1.0573078608379727
18461,0.39544465821218466
18462,1.1724192389324495
18463,1.819708631890219
18464,0.9258080645257698
18465,0.7844600987226641
18466,0.8091303220495846
18467,1.3058032241136575
18468,0.9624520642232787
18469,1.3995792143247823
18470,0.9383650913411737
18471,0.8996969217241713
18472,1.4602556970237566
18473,0.6296084933872397
18474,2.1112377588694624
18475,0.9172510282706519
18476,0.5298306682033125
18477,0.4456236526368653
18478,0.37318106761393743
18479,1.659436784406724
18480,1.131157058695302
18481,0.6075989151525059
18482,1.3788026245320686
18483,1.1668779200713755
18484,0.14296559715736035
18485,1.4293860192262278
18486,0.17715526759841863
18487,1.4314888748202979
18488,1.4762101665535785
18489,0.4805004122656976
18490,1.0303421804398456
18491,1.268732495277217
18492,0.9795456897814812
18493,0.727325815369429
18494,0.8758440268412943
18495,1.3669529061334025
18496,1.1261539629621766
18497,1.094471097988377
18498,1.3255102085277781
18499,0.5896990794833408
18500,1.144440730333773
18501,1.0671147196069735
18502,1.1653125239442534
18503,0.9745799698007218
18504,0.414736694675117
18505,0.5097836319547548
18506,0.8866026221932304
18507,1.1280364500218656
18508,0.3733785134078582
18509,1.3032561016539315
18510,0.7129488849330601
18511,0.7661069813326427
18512,0.5318985267747416
18513,1.2785980798106555
18514,1.5356588521242807
18515,0.4116278976818875
18516,0.2194346546278374
18517,1.132946637021412
18518,0.4575481272221213
18519,1.0517337208801076
18520,0.9604175524322285
18521,1.1738378173400856
18522,0.5059351416842326
18523,0.6228297431613188
18524,0.43145577703501
18525,1.1984837375610096
18526,0.6176892038272122
18527,1.055044644838107
18528,1.089759599452108
18529,1.3572263309969932
18530,0.5924713190795959
18531,0.8148369174856043
18532,1.3535035835192524
18533,0.4307098440876848
18534,0.8621624598693175
18535,0.8256490063225346
18536,0.5937979648293115
18537,1.6704819216490148
18538,0.5777656017967421
18539,0.4451061694736461
18540,-0.003180613099682345
18541,0.9616937471832292
18542,1.1125315077951947
18543,1.0343781859783125
18544,0.4849761232847477
18545,0.574933128616549
18546,0.5088023163513221
18547,1.042116186525949
18548,-0.002270292770262347
18549,1.5226795572067622
18550,0.9543069029337024
18551,0.7636695251583061
18552,1.11493796036456
18553,1.5816689723238757
18554,1.2164922817573844
18555,1.528130617338644
18556,0.8277041529725006
18557,1.4973094400567581
18558,1.4622524873905998
18559,1.4897279280162041
18560,0.2513037124231204
18561,0.17707952937246277
18562,1.4775019736859833
18563,1.6360436998554184
18564,1.1962063600766135
18565,1.7472690780290625
18566,1.2305493480606255
18567,0.03399133242891383
18568,1.4660208389324483
18569,1.2256577467507566
18570,1.0161133967643403
18571,0.2865941939100025
18572,0.3961911844873348
18573,1.2133565877833328
18574,1.4146302254950136
18575,1.3503181211813027
18576,0.5879153113662021
18577,1.3631203455015763
18578,1.1964793285602324
18579,0.31154754898293785
18580,0.46733514968066325
18581,0.8980060880302336
18582,0.8077384669776824
18583,0.3905303242449676
18584,0.6748399655228843
18585,1.3610273450379395
18586,1.770041059300628
18587,1.2460193334495844
18588,1.014815916888159
18589,1.2485473954299882
18590,2.209445444479685
18591,1.6701418484492865
18592,0.6700922059103565
18593,0.39086092917761844
18594,1.4223875187944084
18595,1.38546064191461
18596,0.7052060173406256
18597,1.2702963588918805
18598,0.6702912830714725
18599,0.6782236522579445
18600,0.3400577084146761
18601,1.5454974295735646
18602,0.46406547875882925
18603,1.2488496610436806
18604,0.6697014801479071
18605,0.3826675582321562
18606,0.540531626767217
18607,0.5294259532547892
18608,1.0132304447871157
18609,0.4626151570801651
18610,0.9823811556012011
18611,0.303124317671996
18612,0.34363823901497903
18613,0.42148345303203244
18614,0.5089098258944075
18615,1.5025161365037105
18616,0.5329129785936545
18617,1.5051717978754442
18618,1.7430016412958758
18619,0.4832844904233101
18620,1.0378075862060185
18621,0.9284797753082712
18622,0.7900692076403459
18623,1.2042925676767724
18624,1.3903122750348524
18625,0.5781455009227635
18626,1.3846410270872331
18627,1.3385558014018042
18628,0.5667843250754561
18629,0.30504336645685803
18630,1.212918325709415
18631,1.3084755996532236
18632,1.4550703503648963
18633,0.9995805377659773
18634,1.4082619603445037
18635,0.3507654531291736
18636,0.8631202626751847
18637,0.48901516608225803
18638,1.4998009607006249
18639,1.3427386062978506
18640,0.3988548810739936
18641,1.7713032071547976
18642,1.9533997234528577
18643,0.23331969899729182
18644,0.3607774085344334
18645,0.6421715051673663
18646,0.8819692059832271
18647,1.2610916916412223
18648,0.5238374296295795
18649,1.4086130162929624
18650,0.9546623982389171
18651,1.9023537378499447
18652,1.2483256389900212
18653,1.2026152878162502
18654,0.8516561567718004
18655,1.912850300725946
18656,0.4716409550004843
18657,0.9529895481789317
18658,0.7908417220552462
18659,1.6442219973658039
18660,1.064191224508569
18661,0.5215572325582672
18662,0.5417050645300572
18663,1.1480321131835882
18664,1.323991240169697
18665,0.5429298765755567
18666,1.694055788056319
18667,0.22766973179828753
18668,0.9043696082997561
18669,0.5408986381873757
18670,1.6011537767148458
18671,1.5143417079316788
18672,1.901687390538659
18673,1.0040818761220858
18674,1.183378791968453
18675,1.0631131426131357
18676,1.4292189942310216
18677,0.5750475827007485
18678,1.0824723900999147
18679,0.3164824984799382
18680,0.655815177276125
18681,1.4699462832760015
18682,0.7291725344445603
18683,0.8560419903628298
18684,1.1715561064545508
18685,0.9350543827979356
18686,0.9502009512876708
18687,0.5256043223399954
18688,0.4996653371624492
18689,0.3483952638683738
18690,1.2302898937836482
18691,1.0422602968048078
18692,1.2953076672205923
18693,0.7224962859665862
18694,1.1380529981262546
18695,1.6130893640012585
18696,0.814166500346901
18697,0.744288961333764
18698,1.1847288000366027
18699,0.35355565872354217
18700,1.41702726457929
18701,0.7981890813914869
18702,1.1348643600218271
18703,1.540762001237599
18704,1.027309212065928
18705,0.9605297828959548
18706,0.4588429934119266
18707,1.4059865688425748
18708,0.6335550277294958
18709,0.9843934272388004
18710,1.2663197396569281
18711,1.4118103946703389
18712,1.102744669314042
18713,0.30657872429997146
18714,0.6941129262878015
18715,0.5826525189493149
18716,0.8715189811503707
18717,1.8144203147534208
18718,1.254506105497847
18719,0.9143615291712995
18720,0.9821592415600694
18721,0.7263387988870914
18722,1.2995321703245784
18723,0.5927602562924437
18724,1.5809082641766894
18725,0.8225887194475942
18726,1.474244552471222
18727,0.7506594908058837
18728,0.7238261173889597
18729,0.07277568605418194
18730,1.0808552664460425
18731,1.0450195709517982
18732,1.115110051157287
18733,1.2398182882399047
18734,1.5173127196785547
18735,1.9001646240444634
18736,1.5805603294166475
18737,0.03561871268892021
18738,1.4814653761141439
18739,0.5589141949648522
18740,1.3203036553347718
18741,1.1946430187990846
18742,1.0341059323130124
18743,-0.09954061510661588
18744,0.24117480458545149
18745,0.7649847557954773
18746,0.680184164655461
18747,1.3126706621490958
18748,1.102419079587793
18749,1.2021499107786946
18750,1.8092773470447248
18751,0.6902958630141718
18752,1.4831428496946324
18753,0.6558945128546161
18754,0.48179296791172543
18755,0.9545029902429532
18756,1.0263681273685572
18757,1.2657592542655012
18758,1.3740343262935708
18759,0.8032073673316757
18760,0.5367409808402348
18761,0.5060171447646789
18762,0.24937155563436236
18763,0.86692642508921
18764,0.741662358900364
18765,0.6244612835706704
18766,0.43152558645247424
18767,0.33715271587396684
18768,0.8265083689313816
18769,0.33870985083452787
18770,1.4834207333948464
18771,1.6576696885142725
18772,0.45204582573242047
18773,0.384586277976287
18774,1.3415951335219816
18775,1.0037459502042623
18776,1.3833972779781993
18777,1.140334624568267
18778,0.31965162163170263
18779,0.9030954816967276
18780,1.1666171465145432
18781,0.8977573472944012
18782,0.7225284277573376
18783,0.9635465074944851
18784,1.986335011193282
18785,0.7408417921517921
18786,1.8831474665662546
18787,1.2006490506317147
18788,-0.06657614784399235
18789,1.1641195697228328
18790,0.7018328850075315
18791,1.035397103468698
18792,0.4893259167971671
18793,0.04982992752072947
18794,0.630998137112586
18795,0.5436727924885693
18796,1.4616731261131062
18797,1.8632834185734937
18798,1.308023868581334
18799,0.7587635916348294
18800,1.4047808775525672
18801,0.8850834713658915
18802,1.4374932667477376
18803,1.4972821874604902
18804,1.232693845938277
18805,1.0964339738842275
18806,1.5095200027020694
18807,1.312620317699983
18808,0.511801315266262
18809,1.4224390610159001
18810,0.7846982496508814
18811,0.23771291718273363
18812,0.872805962505816
18813,0.48063507127864785
18814,0.4071950033331765
18815,0.6663841300362432
18816,0.17113596159929162
18817,0.5057946091857015
18818,1.163800820249341
18819,0.8000632027560951
18820,0.5494090687752023
18821,0.9710296344029231
18822,0.5379107216621466
18823,1.3927596953430799
18824,1.1974348647072408
18825,1.1226226138877606
18826,1.4458246754504125
18827,0.7080448934384269
18828,1.2984067115464004
18829,0.5750350880056498
18830,0.36149551032752086
18831,1.16807241574343
18832,1.8315376971287325
18833,1.3532183451334974
18834,0.8766138631805542
18835,0.7149289413888072
18836,1.1384512378887175
18837,1.6503038126789993
18838,1.7547375132986742
18839,1.3494693609442079
18840,0.5173566153420093
18841,0.8540451737599906
18842,1.6490165137339754
18843,0.8419223795198763
18844,0.8635500076413238
18845,1.6154145586180029
18846,1.3524161199369806
18847,1.100229558418528
18848,0.9069137063726009
18849,0.7575225161181821
18850,0.4064433430339557
18851,0.8860423817461636
18852,0.6485822883674361
18853,0.8121631869823764
18854,1.318800535527076
18855,2.0853993694545228
18856,1.0004866537421995
18857,0.8987577894572847
18858,1.4452744416034085
18859,1.586259779180593
18860,0.5739738159559936
18861,1.158968592782847
18862,0.6311185997667637
18863,0.21834902457626387
18864,1.738868981747458
18865,0.6715010048474753
18866,0.6452734737490629
18867,0.9462729524368882
18868,1.669117247737035
18869,0.7961560358454649
18870,0.7099259206588503
18871,1.0968368835493445
18872,0.9437822595497385
18873,1.1574699276241627
18874,1.1236681093305454
18875,0.723675464532899
18876,1.1799197868970934
18877,0.4523397715252024
18878,1.4779084135523475
18879,1.1613667649299668
18880,1.4879796289926
18881,1.1714866458389053
18882,0.7705856693109244
18883,0.3288001431923138
18884,0.9405626010637587
18885,0.48333546241432546
18886,0.38302700572276493
18887,1.2814449938667274
18888,0.5940222402315143
18889,1.1314182113180304
18890,1.1942718767211795
18891,0.87102926196002
18892,0.6904666495443135
18893,0.8221987645799705
18894,1.043342507434673
18895,0.9295624304661411
18896,1.522166881261469
18897,1.0233563345634105
18898,0.7400283023808152
18899,0.5463063282065532
18900,1.2561418307741947
18901,0.7001429333102303
18902,0.9741019784150706
18903,1.479604622589859
18904,0.40482829062220627
18905,1.8101282052457155
18906,1.050854273091749
18907,0.8424234178482473
18908,0.6418539457712199
18909,1.4994840894800625
18910,1.2782155836648095
18911,1.4604162420620566
18912,1.37313606708901
18913,0.7510405255977496
18914,0.46254930345178413
18915,0.43357840442606876
18916,1.0598730854719793
18917,0.780209464953667
18918,0.7898292851336945
18919,1.095108276027693
18920,0.8814350885384405
18921,0.5742757408638914
18922,0.3790294011053924
18923,0.5046970520279537
18924,1.0725613226652033
18925,0.24394239450730787
18926,1.0067038641438655
18927,1.1725306270920421
18928,1.1979033265239676
18929,0.37582370389377057
18930,0.5482142952526523
18931,1.6340202895894964
18932,0.6959348448919789
18933,1.3319238146981638
18934,1.5704739618907682
18935,0.5214673568742106
18936,0.691563681140921
18937,1.3705200561717112
18938,0.2851560115537458
18939,1.093927952073505
18940,1.082258448898162
18941,1.2425666117745082
18942,1.4114467262587578
18943,1.9653568151500154
18944,1.4936882024909175
18945,0.08778835371659847
18946,1.8737185101004696
18947,1.4458835828511527
18948,0.6577756560580112
18949,1.9783204935934962
18950,0.7281456570200024
18951,0.5077621512166636
18952,1.17325430801158
18953,0.5440212681000189
18954,1.319538805569751
18955,1.641915786510174
18956,1.3225495392736835
18957,0.9144510217999363
18958,0.597216517282038
18959,1.0510405124443603
18960,0.5833434099533847
18961,0.6502563242926596
18962,1.3588342745276198
18963,1.1082961069415571
18964,1.7669704445537313
18965,1.2213941672078197
18966,1.005670179037998
18967,1.4887401543705328
18968,0.3899729063538556
18969,0.8923958198856965
18970,1.7208581726052725
18971,1.413620221473142
18972,0.3974342280453785
18973,0.9020497559390398
18974,0.363590180199911
18975,1.4301294376097597
18976,0.26090655856542017
18977,1.372475170223146
18978,1.0876072290062655
18979,0.8733758976830694
18980,1.3812711543702276
18981,0.5521335523882234
18982,0.5151495824818446
18983,1.0644154925375642
18984,0.688058526366368
18985,0.7046433339397158
18986,0.9239619596705912
18987,0.8677446242063055
18988,2.1244203424050854
18989,0.6913083006836469
18990,0.4593495096759893
18991,1.351852177558399
18992,0.6030916130921533
18993,1.246100504894419
18994,0.7562095162259859
18995,2.1809353264198688
18996,1.206585718678911
18997,1.5343890200477763
18998,0.8871329108563132
18999,0.7603762512658285
19000,0.8155568560744508
19001,0.9920842403177642
19002,1.4543583446755348
19003,0.5111952103452084
19004,0.5626767612252621
19005,1.0750556027550064
19006,1.6825768347760561
19007,0.5741095492070827
19008,1.1257224565282495
19009,1.1927707681534137
19010,1.1753720807867816
19011,0.6439538168545799
19012,1.0308260970506242
19013,0.6192396770143451
19014,1.3194615163950787
19015,1.2488064379026018
19016,0.9245023459306936
19017,0.7996715924690285
19018,0.24098851478703892
19019,1.303157188553112
19020,1.6973106758096688
19021,1.1370842355434063
19022,0.9891255792829333
19023,0.8902431602572558
19024,0.8113705192555822
19025,0.10390658197846725
19026,0.6701017755420624
19027,1.1884629329880125
19028,1.299175821920526
19029,0.9288316700274546
19030,1.9246701574540788
19031,1.095008080813873
19032,0.7380040089210556
19033,1.125455635138218
19034,1.688556822437794
19035,0.7045730921237519
19036,1.422032583851475
19037,1.3731702887535493
19038,0.8945478234883988
19039,1.51082631713161
19040,1.1648703422785325
19041,1.1744988465760164
19042,1.2546177689500937
19043,1.0378446448712588
19044,0.30737332727400907
19045,1.0083162593782953
19046,1.0793901874500142
19047,1.0137148064863593
19048,1.9065327377009924
19049,1.3523376602886181
19050,0.6814357747965275
19051,1.6231233332366577
19052,0.47320792635848696
19053,0.17768615195442225
19054,0.571635983313859
19055,1.192325047144259
19056,1.0844375223829492
19057,0.3058151554609761
19058,0.46033564157414564
19059,0.9845849237967822
19060,0.8334665186073005
19061,0.6273262609681264
19062,1.0776596176474778
19063,1.7301509172071659
19064,0.13695633324477943
19065,0.6961785275978123
19066,0.5411472542546064
19067,1.2766897003117235
19068,0.6818514730880048
19069,1.2414282910882857
19070,0.7147476828698274
19071,1.775122392001919
19072,0.4345902038310728
19073,1.9049532924845
19074,0.8743622935930373
19075,0.987342275599757
19076,0.9838205753942022
19077,1.1153795158714748
19078,0.5843171146345106
19079,0.8842857792989052
19080,1.3484441983054225
19081,0.9288113014232141
19082,1.8072091640254875
19083,1.1006686254344134
19084,0.9526192164301488
19085,1.227642845971475
19086,1.0111273211995129
19087,2.1156519215882676
19088,-0.20601602256390905
19089,0.2040781815018769
19090,1.6907988299602406
19091,0.9988763002501955
19092,1.0526616958532302
19093,1.7750201097619733
19094,0.911770684392347
19095,0.5064636513034366
19096,1.4557389376546244
19097,1.1787919566217944
19098,1.2610087324047705
19099,1.0932380906281516
19100,0.6896324649794937
19101,0.6513302258684954
19102,1.5329307287015514
19103,1.1853420458925792
19104,1.4206730006097064
19105,1.4805947369489627
19106,1.2537037591438294
19107,1.5356877993847164
19108,0.7595542391408271
19109,1.1620362324833236
19110,0.5663729159700756
19111,1.404167669667515
19112,1.2783094649999605
19113,0.757776369412342
19114,0.7444072324107668
19115,0.5617482776654613
19116,1.1296788090447905
19117,1.2705667287614513
19118,0.5221267781159427
19119,0.8579253869211226
19120,0.33063493198853566
19121,0.9966219808568753
19122,0.4037669309129807
19123,0.5181018069396082
19124,1.0948266369460626
19125,0.5193937079086772
19126,0.8730099620284782
19127,1.407962252164264
19128,1.4597215521216136
19129,0.8474758374685047
19130,0.38315594050171453
19131,0.3210880333274085
19132,0.5204279013572417
19133,0.8965488030360835
19134,1.4011418856692575
19135,0.3485539274653723
19136,0.36387973265663365
19137,1.0803201880866302
19138,1.1657706683123905
19139,1.064829296003693
19140,0.4788476049583539
19141,0.43296084943328755
19142,0.9704333615354119
19143,1.1724981141367743
19144,1.4183852283589649
19145,0.6362251795392881
19146,0.7327568679255552
19147,0.6224467369982705
19148,1.2094455452408674
19149,0.6317523371762922
19150,1.06530385192368
19151,1.177912329309451
19152,0.48223607141580194
19153,1.2033055294320982
19154,0.6013193853985922
19155,0.32087690110027917
19156,1.6288018206048247
19157,0.590409792017649
19158,1.6188100065162534
19159,1.1399551810162476
19160,0.9689852701498722
19161,1.6180799044109526
19162,1.0385849729324375
19163,1.173085610171748
19164,0.5974475191779804
19165,1.007424415979954
19166,0.7377959246138152
19167,-0.0603074080875039
19168,1.2333657516724688
19169,0.6337640767119256
19170,0.7008610754718845
19171,0.8864452119075802
19172,0.39393261858664447
19173,1.1926884131844822
19174,0.7265081721340716
19175,0.9671542922399685
19176,0.40253423639239183
19177,0.40586439235823346
19178,0.6012410399003165
19179,1.3047205091379475
19180,1.2103854389908513
19181,1.0089083242610144
19182,0.8273620037660059
19183,1.5924358236501421
19184,0.3993961358193401
19185,1.7565029219148902
19186,0.5999830772658309
19187,0.9925640574604846
19188,1.2827631276103997
19189,1.23143464716728
19190,1.0836834369738106
19191,1.3800092657087963
19192,0.6319892363275659
19193,0.9109390545388405
19194,0.42998610312120367
19195,0.8051797868722339
19196,0.7741652115856275
19197,1.2784106945718994
19198,0.8748853760754962
19199,0.8841355139561431
19200,0.6484214075266467
19201,0.6710757691717611
19202,1.1291462149771356
19203,0.887928399636271
19204,0.8745119583658236
19205,0.7910448743478267
19206,1.546325382307803
19207,0.8769141785869209
19208,0.19236070118236562
19209,0.41293668015295953
19210,1.6433110903138215
19211,0.7555385258520835
19212,0.4163112553040565
19213,0.8742022013207733
19214,1.0934130319866773
19215,1.1540313849415313
19216,0.5496138274354089
19217,0.21353736818373042
19218,1.0780373903727507
19219,0.5934392863730527
19220,1.5300229460126837
19221,0.27273430366889595
19222,1.3649504148148504
19223,0.4704917004422688
19224,0.6635343137529051
19225,0.47765378888284393
19226,0.9548039078991127
19227,0.3591015096608055
19228,1.3241435591155284
19229,0.6019531092272898
19230,1.000673882149361
19231,1.7377508493306828
19232,0.18214477469815749
19233,1.1699476133922388
19234,0.9262382757176537
19235,0.22089981660570018
19236,0.5019259876362873
19237,0.7560657287409119
19238,1.406821348329908
19239,1.0294248896662175
19240,1.3457006197698231
19241,0.7286681122835399
19242,1.1565904416718327
19243,1.510857692844036
19244,1.3137686766195513
19245,0.8042850760860659
19246,2.2468658612521035
19247,0.5241835274781566
19248,1.9372095230587458
19249,1.320789815779087
19250,1.2188902463473839
19251,0.8316282222339713
19252,1.435635780127285
19253,0.06579308623022129
19254,1.37367479094463
19255,0.8366247277908768
19256,0.9561289858508756
19257,1.1818690358166852
19258,1.053306755346471
19259,1.9416302081527843
19260,1.393918465873996
19261,0.48806368658140686
19262,1.3089514367214203
19263,0.7377170869710777
19264,1.5921262020895148
19265,1.442348224758775
19266,0.6710657354873624
19267,1.1220023868179472
19268,1.2648892991687593
19269,0.37451147647012617
19270,1.017569747769015
19271,1.26465516263961
19272,1.7510526164899474
19273,1.593165902783129
19274,0.5452746441676184
19275,0.41176844516012084
19276,1.0323271676379018
19277,0.8940550418971666
19278,1.7651945221988108
19279,1.7637654468214092
19280,0.8475549449205699
19281,0.7257468793451203
19282,1.5407669401472792
19283,1.7915865996655564
19284,0.31008973101320597
19285,1.6200556896884901
19286,1.38811232225346
19287,0.8798455104138548
19288,0.05847181098137655
19289,0.9425616425011731
19290,0.5551845622005214
19291,0.3786113976350534
19292,1.337964609889957
19293,1.0412231200569688
19294,1.1361612358162727
19295,0.6836271944611918
19296,0.4835405385737135
19297,0.29794641616170847
19298,1.0334686280024634
19299,1.7753097816803107
19300,1.6600964628638395
19301,0.4781440181935209
19302,1.0917798216932535
19303,1.2635288340688575
19304,1.3488928810556131
19305,1.0881384769362716
19306,1.4554255585701177
19307,0.12084324816525957
19308,1.543970788916956
19309,0.27546513718249954
19310,1.5473772525759428
19311,0.8738322136077203
19312,1.462505289185769
19313,0.4144499797264177
19314,0.7519779634968732
19315,1.071502787098709
19316,0.44487871824342
19317,0.4949541027570556
19318,0.644173182711967
19319,0.8326302187693639
19320,0.5146614316984841
19321,1.461122001204651
19322,1.0253230527515105
19323,0.4550262058093508
19324,0.576105488442219
19325,1.6136547385463214
19326,1.5984480047522873
19327,0.6166775438750716
19328,1.9611287379188878
19329,0.6470079651377683
19330,1.6148178946080072
19331,0.7612318662270767
19332,0.5739330149941518
19333,1.2796249055520423
19334,1.6484422013788915
19335,0.6948968837118054
19336,1.3356217125415186
19337,1.0891428449838854
19338,1.8071280015591484
19339,0.9660154354788002
19340,0.3117031077148119
19341,1.9047916536020404
19342,0.18726115550172745
19343,0.5585984533973536
19344,1.0153307490496752
19345,1.7293871373502139
19346,0.8271025235744479
19347,1.0345749852686834
19348,1.2030006301653295
19349,1.431215090263107
19350,1.5514065381288
19351,1.6657075581821408
19352,0.4334029847635734
19353,0.5926893936131786
19354,1.3415571946807008
19355,0.9670734032449265
19356,0.1873233310497183
19357,1.1169518238673994
19358,0.7221144710898242
19359,1.4979073064586377
19360,1.0803253376775557
19361,1.6075192887477292
19362,1.7136444991626962
19363,1.5325298031481998
19364,1.06131380126011
19365,1.3567565303852829
19366,0.7418352101246407
19367,0.8628440978635132
19368,0.4124372953705836
19369,1.1924456326787478
19370,0.5533746561144726
19371,0.7444624073682402
19372,0.4038381234049192
19373,1.8937332622304637
19374,0.831730135743913
19375,1.1421358132420336
19376,1.5255278231294414
19377,1.1495177022679144
19378,1.1167049593546192
19379,0.8726022842970974
19380,0.5199280539081707
19381,1.0262982268790062
19382,0.14989312977466235
19383,0.42403579769111427
19384,1.380477359341632
19385,1.5142107980350388
19386,0.9095238757095921
19387,0.8760120933435301
19388,0.6634932529399087
19389,0.6797714504863779
19390,1.2208219585938236
19391,1.0093672173833943
19392,1.0599032193144162
19393,0.4451396369024113
19394,0.4601869162122212
19395,1.5315267030392907
19396,0.23133647963211496
19397,1.135427955567636
19398,0.6250190321390894
19399,0.0796005992052645
19400,0.8743080113051725
19401,1.0540126232940268
19402,1.0684862718637096
19403,1.2552056473599802
19404,1.0045510739117545
19405,1.4854620569405907
19406,0.8939984191406853
19407,1.0627761487148129
19408,0.6265680609772215
19409,0.3293155987763406
19410,1.1150491805830827
19411,1.3272512822356282
19412,0.15983316918084123
19413,1.5261217156160405
19414,1.6651804450642405
19415,0.6029008215876336
19416,0.629335773855798
19417,1.5793567229386996
19418,0.5875463134992662
19419,1.6574937738618736
19420,0.38548704271942047
19421,1.7945790227410998
19422,1.1459685317209922
19423,0.6433281053761746
19424,1.4199156606945713
19425,0.9639392708147576
19426,1.1866483127113228
19427,1.7431830269649298
19428,0.9910100518454574
19429,1.1625092904545873
19430,0.7514514565051347
19431,0.7568466878499073
19432,0.17499403533896155
19433,1.537270362731996
19434,1.9168286669777606
19435,1.39854677247738
19436,0.1993036866486707
19437,1.3189745971920823
19438,0.546355061009278
19439,0.38299501037768
19440,1.0969124311041205
19441,1.2306826561514879
19442,0.46068506454642244
19443,0.5507946695083645
19444,1.1830180581480296
19445,1.242158437891382
19446,0.05819202369257753
19447,1.295093580464849
19448,0.8430932643676674
19449,0.7910998752317764
19450,0.40662027386429456
19451,0.3434564379250227
19452,1.194783586706631
19453,1.7496904664649808
19454,0.651933737640783
19455,0.5400465312531713
19456,1.5682702942171236
19457,1.007662835842968
19458,1.3968110749794835
19459,1.3798973944420603
19460,-0.14438402537885273
19461,0.8634331396445399
19462,1.1823392542328999
19463,0.29596427521228924
19464,0.6527282909952177
19465,1.6364718945128591
19466,0.568613559259013
19467,1.6626332889119073
19468,1.4319059931155136
19469,0.417668630605016
19470,1.1025007135633802
19471,0.2913332293519989
19472,1.3816677340345898
19473,0.4033817950446288
19474,1.272284031785595
19475,1.01044313573149
19476,0.4465646888079731
19477,0.6829235986166713
19478,1.1599676315168002
19479,0.7902950499143879
19480,2.092519579544324
19481,1.127448574919427
19482,0.2708405791412752
19483,1.3174824365155304
19484,1.3786867498525792
19485,1.0277154730601565
19486,1.4152272309673526
19487,0.8066011930595747
19488,1.2698373501025237
19489,0.47175677902388247
19490,0.7581520790771366
19491,0.7691248654646758
19492,1.2422350511387177
19493,0.79033170238964
19494,1.1186456106697693
19495,1.0622633680879159
19496,0.9753099417269315
19497,1.2744768794665686
19498,1.5592430062350786
19499,0.6093930521329228
19500,1.6357726350841446
19501,1.3802029980428594
19502,0.1367434909918
19503,1.3221179223450996
19504,1.3170439544717998
19505,1.4313465510199879
19506,0.762280708853636
19507,0.6850290300270405
19508,0.8878475968788209
19509,0.27872308634013276
19510,2.0565825427102116
19511,0.9145562249514048
19512,1.3197915642338383
19513,0.68257282011654
19514,1.001566671661873
19515,0.4205307424955427
19516,0.43319627063424515
19517,1.1243114852152627
19518,1.350150360024809
19519,1.509482413882519
19520,1.0173257037278445
19521,1.0448898190230134
19522,1.160221964352512
19523,0.6549524597391319
19524,0.7771101815433604
19525,1.513276986301045
19526,1.0336532866486952
19527,0.7654513077955434
19528,0.6955206000254136
19529,1.4267324027948918
19530,1.0760193705773666
19531,1.4430500744050918
19532,0.7769123161013672
19533,1.2121422222891483
19534,0.8600391999388416
19535,1.12228247835939
19536,1.044976734658566
19537,1.298646332297496
19538,0.7356406403667011
19539,0.5275314255450378
19540,0.07055200040399423
19541,0.7879109809129228
19542,0.4154564032887316
19543,0.6175393585827953
19544,1.0536484039171088
19545,1.1164784496734552
19546,0.5771171337845016
19547,0.9311187864978886
19548,0.8069173036788186
19549,1.1509200395779855
19550,0.9757374539242052
19551,0.17001552032765066
19552,0.9380144203241605
19553,1.4671183893668513
19554,1.123488467965586
19555,1.09474740233532
19556,1.3989744490591733
19557,0.3062264273552658
19558,0.8044176898456201
19559,0.8881264712367276
19560,1.3935722074969012
19561,1.439408340473769
19562,1.2467490182257608
19563,0.7182290126699608
19564,0.5507965396358309
19565,1.396539738208682
19566,1.6886391761926118
19567,0.8233337859269181
19568,1.2698301613666314
19569,0.805397984255426
19570,1.0403786395995391
19571,1.1867150005603424
19572,1.3699587114222265
19573,1.057458489372602
19574,1.7269742622894988
19575,0.5820335937011138
19576,0.47941071406257124
19577,1.6054819681237542
19578,1.5349803614594468
19579,0.663967023823767
19580,1.098019556012558
19581,1.6913263113298536
19582,1.0245808878325264
19583,0.7902323234462234
19584,0.8391639805150843
19585,0.7987409059413247
19586,0.8528367485642983
19587,0.7480530365274538
19588,1.5487321754020344
19589,0.48258714931779634
19590,0.42912170396028404
19591,0.650480601121064
19592,0.6683587672071947
19593,0.7174156786337627
19594,1.188665472764637
19595,1.4286748162342726
19596,1.1295388668104491
19597,0.8383747309183843
19598,0.3393283899476391
19599,0.6278405646782863
19600,1.2518420654894498
19601,1.521625972046766
19602,0.967146007504006
19603,0.52823775817721
19604,1.179615729017422
19605,0.3945952195840414
19606,1.208747593014086
19607,1.6164816759263299
19608,0.2831725020910856
19609,0.8891479752239233
19610,0.44348539956964017
19611,0.3969377181331198
19612,1.9240888607702797
19613,1.306737212331775
19614,0.8740094546677111
19615,1.0608469489024892
19616,1.5058585060495542
19617,1.1094729862545631
19618,0.9613934371901753
19619,0.5803778251092216
19620,1.0364319599373368
19621,0.7194284385345783
19622,0.24935273294662474
19623,1.0687725511662767
19624,0.3534833369378262
19625,1.67100806901866
19626,1.152156585507358
19627,0.779586384369438
19628,1.0935807139722873
19629,0.3760820326893572
19630,0.052153850252662004
19631,1.3293669836640485
19632,1.3141777483749384
19633,0.8628702863026592
19634,0.4069625019075504
19635,1.537951713733104
19636,0.632253179786127
19637,0.4462033679792993
19638,1.518912569534618
19639,0.7240481441837487
19640,1.399115049995475
19641,0.9602504183083453
19642,1.473478118047313
19643,0.9404670051464035
19644,1.1871774096930663
19645,1.4484337142634214
19646,1.2477045118664951
19647,0.6595735041003944
19648,1.036415864404673
19649,0.5345968383064206
19650,1.4391899472505008
19651,1.344873639149335
19652,1.3687454011654687
19653,1.2408163983107383
19654,0.4648750591954957
19655,1.0019223632216776
19656,1.8583750150440361
19657,0.5835942194838964
19658,0.2995712364899188
19659,0.8284291250508522
19660,1.2024225570653664
19661,0.5963487714741023
19662,0.6095638170592674
19663,1.314366533101262
19664,0.6901894230921954
19665,1.0159584980505747
19666,0.5031257313185756
19667,0.27762241487281025
19668,0.5624176223065857
19669,1.2612530186827926
19670,0.6261263450431236
19671,1.0208078191632572
19672,0.6574644813956034
19673,0.3301195711237229
19674,1.2715337484628433
19675,0.7176383680425712
19676,1.1375679433541834
19677,0.6927508751656543
19678,1.1531994352704964
19679,1.1941807317206454
19680,1.9973095702008006
19681,1.0490329435192345
19682,1.2085957226980089
19683,0.8363109177935167
19684,0.7140922121999531
19685,0.6497360357061559
19686,1.1901666487730558
19687,1.2572698566574685
19688,0.8277482336763954
19689,0.6581447732340674
19690,0.7065692091687139
19691,0.23807843026606723
19692,0.4585186059632626
19693,0.5441269679943821
19694,0.5537945109187845
19695,0.3684154037569304
19696,1.4701213732180478
19697,0.7246121368051913
19698,1.129736717278674
19699,1.375691363252344
19700,1.5405016442115933
19701,0.4228602203895896
19702,1.242379732142823
19703,1.1602508952737
19704,1.2446393006617362
19705,0.6899282938397191
19706,0.46537551723452203
19707,0.9662740840288898
19708,1.1965751251766377
19709,0.9694588783028071
19710,1.591527433001235
19711,1.3810392666304945
19712,0.8299495064645569
19713,0.4389798108578173
19714,1.3514618309258475
19715,1.0839908270750374
19716,0.44753909859696367
19717,1.2484080312340073
19718,1.4125564242646123
19719,0.40546490579227756
19720,1.692031990597056
19721,0.42481100093049556
19722,1.8805535185311737
19723,1.526252707441608
19724,1.8449315702701772
19725,0.9152116622001977
19726,0.7747584798720604
19727,0.4066395159752415
19728,0.46270770422496327
19729,-0.13846582553212367
19730,0.9615469625857722
19731,0.46196630247913484
19732,0.49920470962897945
19733,0.5558881397698248
19734,0.2742004675936799
19735,0.6220852169453872
19736,1.0570526547046895
19737,0.5657520943397558
19738,1.5228072946924214
19739,-0.0786170344347869
19740,0.9118141338230873
19741,1.7119177116902433
19742,1.2715859175174802
19743,1.1321130256937033
19744,0.6102595557074163
19745,0.5125092556213361
19746,0.15720750340804074
19747,0.899296060664186
19748,0.46598806759292954
19749,1.1228813078837276
19750,0.4765354223313782
19751,0.8799513261645375
19752,1.3638390773294473
19753,1.246377108369189
19754,1.1288234403241684
19755,1.3686429779756266
19756,0.42054502836022867
19757,0.5000286654732509
19758,0.6444550675495628
19759,1.4008619347033835
19760,1.8750778091242553
19761,0.7921226915487156
19762,0.43708292859901743
19763,1.3196114182016752
19764,0.9699371163744646
19765,0.23763620093818005
19766,0.46052774669540264
19767,0.44009411211777444
19768,0.37610642782974046
19769,0.9935928781289549
19770,0.4279500644528299
19771,1.2892991152017985
19772,1.6660825587300825
19773,1.294159616853082
19774,1.2540389464870323
19775,0.37086157863919483
19776,1.5668663802074416
19777,1.3595024259694566
19778,1.2647826404446756
19779,0.37051882470471087
19780,1.1820397011697796
19781,1.2372121491874846
19782,1.142651846167975
19783,0.8395238994815364
19784,1.0691172602279448
19785,1.8360060621220202
19786,1.3167804076062464
19787,0.9874569225396237
19788,0.5338769426379567
19789,1.848516944345793
19790,0.6485473025119259
19791,0.34441910173602663
19792,0.8711104273803096
19793,1.3148340067551536
19794,1.1858859220310338
19795,1.5935057133222532
19796,0.482207058187772
19797,1.107304985492262
19798,1.3485431199984055
19799,0.3100835070686246
19800,1.1522936702558284
19801,1.1592278207795468
19802,1.5725792638889233
19803,1.092245824826347
19804,0.7528809794321385
19805,1.375658518709799
19806,1.3874195602642065
19807,1.0958087661186857
19808,0.5819709848677617
19809,0.8817682609626147
19810,1.516695686375635
19811,0.43714265578996575
19812,1.4279296400105672
19813,1.335616101896978
19814,0.5846835209819478
19815,1.8890042763080932
19816,0.6753739403201059
19817,0.5684148827157246
19818,0.8295293083471063
19819,0.6665274543469878
19820,0.6904486025037511
19821,0.5155432376219662
19822,0.6273565155834719
19823,1.9802777821196123
19824,1.591239333364256
19825,0.707964565732147
19826,1.1935218956867908
19827,1.5675460084786916
19828,-0.23383412098989637
19829,0.7257914189794712
19830,0.3579558197604861
19831,0.46768591121762165
19832,0.6877008041722203
19833,0.9414238882076458
19834,0.5924360788067752
19835,1.3988193101821866
19836,0.2752536739915562
19837,1.1749814526591351
19838,0.29326423962756476
19839,0.8506093241825645
19840,1.1640870524979599
19841,1.5496398142907841
19842,0.31558469413766566
19843,1.324935854710395
19844,0.9931937002709219
19845,0.6249049456862618
19846,0.3998835291786542
19847,1.213762751739086
19848,0.5366827949551283
19849,1.2515761896912974
19850,0.4957644338336314
19851,1.7040076565193036
19852,1.397960670460186
19853,1.358589098183479
19854,0.9332355118132813
19855,1.0661692739148205
19856,1.1254945486926393
19857,1.0638178775776472
19858,1.5765857592142392
19859,0.6525742331123141
19860,1.467997752143222
19861,0.5846302370509128
19862,1.5839193760116559
19863,0.5414497547164201
19864,1.7397004246607641
19865,0.47937753378853976
19866,0.8391517608658565
19867,-0.12832715012081475
19868,0.785942737230668
19869,1.0512012115716716
19870,0.9688971486649366
19871,1.4097911920352773
19872,0.9153461994712426
19873,1.1531092463815436
19874,1.6298140865356827
19875,1.426126520059313
19876,1.3866984907063835
19877,0.564051182103684
19878,1.3137966224761364
19879,1.2749832468043656
19880,1.9014109674885762
19881,0.8927882066293238
19882,0.00951250429726852
19883,1.6745835580933146
19884,0.6899447764862063
19885,0.9827244143236664
19886,1.8004833063794021
19887,0.5781353272472631
19888,1.1499182702461297
19889,1.0412931958753622
19890,1.1442953429206368
19891,0.4883892502797069
19892,1.3857940945917546
19893,1.007061148499286
19894,0.9835091031409975
19895,0.9067817911895764
19896,1.4842872041165367
19897,1.54910605298083
19898,1.0349384926244516
19899,1.2743176350384888
19900,0.43179280750917354
19901,0.8574156151870067
19902,0.9508375305252472
19903,1.1368842192608581
19904,1.0953079180473932
19905,0.28516601440054845
19906,0.9093253325171795
19907,1.8521471430997074
19908,1.2867534917468157
19909,0.47303481841143
19910,0.6719786836721067
19911,1.0417403638418279
19912,0.7682482160871916
19913,0.3760763681043108
19914,0.8477738625587937
19915,0.9365157708355446
19916,0.803717068806832
19917,0.6289685635519956
19918,0.3231343073709383
19919,1.4179369743476626
19920,1.3363881471285968
19921,1.431781205079357
19922,1.7538627184154323
19923,1.1265062502341827
19924,1.2029970989507914
19925,1.3250524052491723
19926,1.5451521935169232
19927,0.40226252099665977
19928,0.809103017622476
19929,0.32690099711743464
19930,1.3985131900784644
19931,0.22871881444479847
19932,2.067815132055957
19933,0.12564771398944996
19934,1.360708129325741
19935,0.5483064989298939
19936,0.422822302999952
19937,0.49829332433330653
19938,0.2833707509962878
19939,0.38145348538851775
19940,0.5044530945694046
19941,0.46116267572769254
19942,0.49430723623741346
19943,0.451355977801715
19944,0.9276498068685395
19945,0.663907042566931
19946,0.4302185231185274
19947,1.3090826148418282
19948,1.067517448175914
19949,0.6090539635830153
19950,0.9062197157321397
19951,1.4044844126343814
19952,0.4381916250691201
19953,0.09332647292899693
19954,0.6301542334573973
19955,1.178750150170965
19956,0.9957127082920201
19957,1.9576230626432818
19958,1.084984929012355
19959,0.7871614933087634
19960,0.40294537251345586
19961,0.6906556320189434
19962,2.282506542882415
19963,2.2015389625764046
19964,0.8184569978884763
19965,0.6217563233394721
19966,0.4369814841605802
19967,0.65578266856938
19968,0.5791225367641137
19969,1.1621832561220848
19970,1.0113664428578457
19971,0.3407935136300276
19972,0.5357614339837065
19973,1.5346943667486594
19974,1.4027610307856762
19975,0.9624668843570907
19976,0.257600645928341
19977,0.4566029018875849
19978,0.250543567790099
19979,0.47340823394261883
19980,0.965544455400074
19981,1.4136430153146842
19982,0.46408974720655727
19983,0.537045681151602
19984,1.758681621247368
19985,1.361934708311076
19986,1.0123557482629622
19987,0.6182962942765233
19988,1.4808812722788551
19989,0.7599536450852016
19990,0.36721837044967687
19991,1.2992739340527246
19992,1.4371537933583234
19993,1.4341970592623383
19994,-0.14580288816592873
19995,1.4027519616615498
19996,1.0631687401309489
19997,1.021163372654609
19998,0.9418836571034344
19999,1.1508425766248473
20000,0.38507688763896314
20001,0.7566743701258517
20002,0.33429862337991856
20003,1.4614506332155366
20004,1.055380790829731
20005,0.5828181829217777
20006,0.41376760831135845
20007,0.37053526506962436
20008,1.1587071704076672
20009,0.49469502846968505
20010,0.9820701922827739
20011,1.514364113795703
20012,1.5470008862320248
20013,0.4743844699747242
20014,0.9642697706817742
20015,0.629264217807332
20016,2.1584582757459163
20017,0.6096080904677108
20018,-0.0976733015504534
20019,0.6836728507823162
20020,0.43942480033108816
20021,1.297474898604408
20022,1.842935615982023
20023,1.1704899869199232
20024,0.9514199643711361
20025,1.0786971942553167
20026,0.9365915864839107
20027,1.0786997020581832
20028,0.9093621179314526
20029,0.5539776517868625
20030,1.2293434971514947
20031,0.7766881630399078
20032,0.5071833539333331
20033,1.602908278119282
20034,1.1562770773590627
20035,0.8942980076458341
20036,1.2001883856493445
20037,1.6765203276583964
20038,0.7038349892535822
20039,1.9834157860385795
20040,1.6217480244007632
20041,1.1755827656025197
20042,1.8641200096179436
20043,1.8753252082580851
20044,1.4614123298322879
20045,1.0378456999784966
20046,0.6295085516255157
20047,0.46327395663944887
20048,1.0907509557773531
20049,0.05269913527185399
20050,0.9402045096793566
20051,0.19118344922169278
20052,0.5642207013475259
20053,1.3186389093214115
20054,0.6973364344369454
20055,1.0546277031512274
20056,1.4601407518460652
20057,1.0577345413368546
20058,1.0580309108768151
20059,0.5558785840205187
20060,0.5835260259603482
20061,0.26338342585614705
20062,0.79719926920507
20063,0.8288104782576413
20064,0.20482751897338075
20065,0.4124573479055114
20066,1.0336329221561793
20067,0.9097501496100686
20068,1.2804554984167076
20069,0.5926872014623349
20070,1.3928476788525428
20071,0.9800907238659217
20072,0.3812658476805556
20073,1.108136586042372
20074,0.8133331308632958
20075,1.1993567870965762
20076,1.4388285386645094
20077,2.011278130444377
20078,1.1050803248337604
20079,1.1378748578649442
20080,0.5875569173080022
20081,0.2841601689768834
20082,1.7388955429738249
20083,1.0331705432105394
20084,0.5821249183829684
20085,0.3585885970124322
20086,0.554574770282354
20087,0.5349977136593185
20088,1.3209705291982508
20089,0.9748902462089831
20090,1.2326200739278097
20091,1.3288691289909704
20092,1.8404031023444702
20093,1.762664644300804
20094,1.2585170662454284
20095,0.8944261887754931
20096,0.9223256224883571
20097,1.1883290684534646
20098,1.010960586051409
20099,1.154838287408502
20100,1.7930115716744872
20101,1.136496924355936
20102,0.32772655851029175
20103,0.5262256124926525
20104,1.7302655667118623
20105,0.7826546320040052
20106,0.1888555586592365
20107,1.7710915873248754
20108,0.8100578341332799
20109,1.0904569577774264
20110,0.7436747872026117
20111,0.7365612646859911
20112,0.6549112877150415
20113,0.6424814421661594
20114,0.48316420571039453
20115,1.1256867646136928
20116,0.012133642820425894
20117,1.318875206152915
20118,0.40027864394121226
20119,1.0908308308292154
20120,1.3096545900687149
20121,0.6781368156720071
20122,0.9041117648994527
20123,1.0556510866254705
20124,0.5314572449713946
20125,0.6907662338641158
20126,1.322990530270339
20127,1.1582827893999446
20128,1.5044784990180171
20129,1.1790592592465918
20130,1.0366890498366377
20131,1.4943527126745317
20132,1.6310137122559079
20133,0.2599897633773181
20134,0.30765450863407257
20135,1.2412734857722567
20136,0.532442272681597
20137,0.3799922452581495
20138,0.6114864996952114
20139,1.497117060760429
20140,1.5232705982105466
20141,1.4511845585870922
20142,0.7656887680943638
20143,1.1497446170144074
20144,1.179472206813408
20145,0.9097078329862425
20146,0.6685789246484951
20147,0.9664103641443927
20148,0.9263486075748582
20149,0.42680289586663545
20150,1.5188668962230258
20151,1.3148023753520675
20152,1.1452513994361873
20153,0.550841690207992
20154,0.8623247083508807
20155,0.417256175181345
20156,0.6389115918649367
20157,1.1611649328886011
20158,0.2302340120863774
20159,0.5710369150920025
20160,1.0749976004734527
20161,1.2986711014045005
20162,0.658668177790484
20163,-0.10272182069103297
20164,0.9398073394716311
20165,1.3131372576372873
20166,1.0993341431560921
20167,0.8986040993843838
20168,1.5059319523941421
20169,1.2027624675750221
20170,1.2448375397246831
20171,0.22759001309745125
20172,0.8740662341976745
20173,0.8331859726273556
20174,0.5419428001232546
20175,1.2555639868799466
20176,1.56179711294688
20177,1.3433264041249924
20178,1.2615367149273329
20179,-0.3242382006714601
20180,0.6235703861482068
20181,0.8009049160366951
20182,1.136722392726837
20183,0.9501930005019554
20184,1.4522407625099425
20185,1.0229190630611562
20186,0.549165640490079
20187,0.8863401631779704
20188,1.3052380306048945
20189,0.3476720384638129
20190,1.2492873788237597
20191,0.8602514775471157
20192,0.8655158874466351
20193,0.7300274330984615
20194,1.7600412590673757
20195,0.3794702854295781
20196,0.49902727402179364
20197,1.4750144324329109
20198,0.5961652254224037
20199,0.3625111021255207
20200,1.0096039871958935
20201,0.9249959667129563
20202,1.008227749650132
20203,1.386957591435113
20204,0.4285391289781455
20205,1.8955114496674037
20206,0.2962515049626128
20207,1.1112783451612787
20208,1.11309769633792
20209,0.42580249890228183
20210,0.9120174135907696
20211,0.23445738856149106
20212,1.4045553147760412
20213,0.8015732937215565
20214,1.7975093512044713
20215,0.4847916575116707
20216,1.0324265610028687
20217,0.7130541370787834
20218,0.5867884465484632
20219,0.3692866163892046
20220,1.410401188825154
20221,0.9647797192072549
20222,0.3922168021539993
20223,0.9820556323314815
20224,2.0113527208747217
20225,0.5843035155998105
20226,0.14957869180656566
20227,0.9302449793044322
20228,1.0652151611917016
20229,1.3781156699629713
20230,1.3424222866190605
20231,-0.07580990939901947
20232,0.8560731356002025
20233,1.2957087823812483
20234,1.5035669028514071
20235,1.4501621656955161
20236,0.47284967689453183
20237,1.2829189379628576
20238,0.3771991684635642
20239,0.7230371616668273
20240,0.17523262121767444
20241,0.7893209961516191
20242,0.3535068970976562
20243,0.3474509632673911
20244,1.494559024364559
20245,0.49195464810841516
20246,1.3133673572055167
20247,0.9851130241489017
20248,0.2399485513313368
20249,1.0107057351179367
20250,1.2097848409671395
20251,0.6433191320162698
20252,1.987907305679634
20253,0.9732851640525405
20254,1.3656967939397888
20255,0.9469139136672438
20256,1.492648131062634
20257,0.7069751463595986
20258,0.8949239673091438
20259,1.21066217944648
20260,0.5274150973375218
20261,0.6602309122478243
20262,0.8818408550550217
20263,0.555455327742671
20264,0.886646109873028
20265,2.5910624202049375
20266,1.0601867437414327
20267,1.30839204200005
20268,1.5795437480632577
20269,0.8267555488515624
20270,1.9297264654481814
20271,1.1684726876166118
20272,1.3547654140470087
20273,1.542406993160513
20274,1.183048056517189
20275,0.7880977129414598
20276,1.5715356990687113
20277,1.2338696981645967
20278,0.800762738768915
20279,1.204474906191236
20280,1.2868129962034307
20281,0.4469735368074764
20282,1.2092503186933605
20283,0.6044507752425754
20284,0.26672909323672306
20285,1.3785106953104809
20286,0.5108603202260711
20287,1.039781758320574
20288,0.5884936722425279
20289,0.018214431888095073
20290,0.9493805890519174
20291,0.5629505087428985
20292,1.8448088489752235
20293,0.785356672079585
20294,0.9288211069463514
20295,1.2889239362005611
20296,0.019153272669809263
20297,0.4079931616507412
20298,1.8031218055990053
20299,0.6550088441671819
20300,1.3020144435086392
20301,1.0561291459924627
20302,1.5995320750497584
20303,0.944070014164397
20304,0.457070090980249
20305,0.5269437545498421
20306,1.0998161130229211
20307,0.9131160706462503
20308,1.3209547792306466
20309,1.8439921529076095
20310,1.5567705284722664
20311,0.2749877452124075
20312,1.1461185212223859
20313,0.6984244744034083
20314,1.5110517263569871
20315,1.0408565706762398
20316,0.6848665375581895
20317,0.6580741335974519
20318,1.5981738106926269
20319,0.6309948811849097
20320,0.5422270102950884
20321,1.6804948859308622
20322,0.6373839669675785
20323,1.8773513168334532
20324,0.7894685034854673
20325,0.10974739289851052
20326,1.0579752139289509
20327,0.41628581848045004
20328,0.3647735209798029
20329,1.586981670168523
20330,0.20247715683605527
20331,2.058254490719973
20332,1.4436003783810056
20333,0.47139753235939164
20334,0.5769298779840658
20335,1.3688071170028304
20336,1.1960940423395026
20337,1.0749854561281187
20338,0.9502300383418267
20339,0.8187546931508971
20340,0.36652619552478705
20341,0.18230102249731078
20342,1.069248002506038
20343,0.4012413728618191
20344,0.8689701116062599
20345,1.316183721515337
20346,1.0177000838564627
20347,0.34864045712401986
20348,0.7417870405098381
20349,1.2199935708840832
20350,0.49536643181124207
20351,0.2182380178014332
20352,1.1495131465702562
20353,0.5197967139071407
20354,1.51348953365465
20355,0.8362552590675582
20356,1.222893368423892
20357,0.9917870578684158
20358,1.2088541866436224
20359,1.161271202762249
20360,1.4890358225695304
20361,1.125060149992052
20362,0.2021162505220831
20363,1.8321397489749258
20364,1.372015495809086
20365,0.3491559166844636
20366,1.146990407865633
20367,1.3141786035436627
20368,1.287525543308935
20369,1.2747082322595253
20370,0.3644606434173199
20371,0.8544867680571352
20372,1.400440813239563
20373,1.0240995851766541
20374,1.27106828488083
20375,0.5377519418513163
20376,1.2844674279763098
20377,0.8808719985649394
20378,0.8894012419374099
20379,1.3715541795018098
20380,0.5565011816744596
20381,0.5716491668153241
20382,0.21919926041598825
20383,0.8770674989415529
20384,0.6250348672168597
20385,0.8969805715094239
20386,0.31658585893568675
20387,1.3252373380909086
20388,1.3713448396967483
20389,1.673314854073217
20390,1.397938951361677
20391,1.3234316963816686
20392,1.5600770085402729
20393,0.3336915641591609
20394,1.801756264144227
20395,1.6006094869646406
20396,1.0686825790847432
20397,0.4401417407056728
20398,1.715469863457467
20399,1.3550953525316909
20400,1.0639268386581144
20401,0.8679437204019123
20402,0.7939685693057926
20403,1.0122836087753044
20404,0.7543054984522906
20405,1.1867863745465586
20406,0.8795070746233524
20407,1.0481722094077286
20408,1.117474523480703
20409,0.823262943834971
20410,0.5121501721873103
20411,0.5425074616042991
20412,0.41265043551168296
20413,1.3625744616640325
20414,0.6729644918739446
20415,1.281355245931149
20416,0.7058709639602025
20417,0.47463724891495207
20418,0.5405381186329936
20419,0.8768567402248003
20420,1.0662011336537138
20421,1.3211732459423629
20422,1.250456389897208
20423,1.0926992196341425
20424,0.4703499495840858
20425,1.229863694670589
20426,0.23316376115345114
20427,2.0708350314955766
20428,0.6418656137045464
20429,0.38097265924430335
20430,1.4939062166848456
20431,0.041597573000026644
20432,0.3528573577074795
20433,1.9354739944951282
20434,0.9321756344512488
20435,1.1288790787865928
20436,0.6345180881632169
20437,0.7430224192731396
20438,0.9827643286900282
20439,1.1288714874017611
20440,1.905294431787095
20441,1.9954092990346872
20442,1.349630263375975
20443,1.3171638869497286
20444,-0.07448111757924537
20445,1.2974988410311963
20446,0.39998117210482725
20447,0.6917369678695341
20448,1.827722158587226
20449,1.18294606208968
20450,1.5460051656073075
20451,0.29187465590570216
20452,0.8742782041387509
20453,0.7170248831539552
20454,0.9901001353472485
20455,0.7304347525089794
20456,1.2917659739174334
20457,0.584941998867982
20458,1.145560554554785
20459,1.1332097038506366
20460,0.9525707860209949
20461,0.9702630358556511
20462,0.08914866265886698
20463,0.8367232860210336
20464,0.7714970279367409
20465,1.9779702501105092
20466,1.1919594696567797
20467,0.6120423765588962
20468,0.8983420688524311
20469,0.7677416376761353
20470,0.9570143015907197
20471,1.5598619185074494
20472,1.3087100120961792
20473,2.0507491345361952
20474,1.1799312552263577
20475,1.575026242710134
20476,0.36928495129926586
20477,0.46711244901009624
20478,1.1550796902665517
20479,1.6432034100652715
20480,0.7277206729982972
20481,0.3468650215684135
20482,1.36363394455191
20483,0.7006105394769087
20484,1.5020892115155187
20485,1.1641956688064097
20486,1.2246627282572544
20487,0.8074049668301888
20488,0.9819974516226107
20489,0.66279293688532
20490,1.4396325278665154
20491,0.0731753317259457
20492,0.6361263145512354
20493,0.7726592839112087
20494,0.6335308503413892
20495,1.2714702880231803
20496,0.4797804996963068
20497,1.0621394174446228
20498,1.4308065509248027
20499,0.42675632638649147
20500,1.9370396240222638
20501,1.3628187528259315
20502,0.48020999929126873
20503,0.9957533924737838
20504,0.9848765521101557
20505,0.8901401264784329
20506,0.8702387725787464
20507,1.2821894442522204
20508,1.4857253838065214
20509,1.0954817510313375
20510,0.689481610912628
20511,1.252334707197511
20512,0.9787294441003576
20513,1.4970335517253757
20514,0.22847095405213924
20515,1.3147067166070399
20516,0.7038670173207523
20517,0.6882221629901956
20518,0.6380057089408175
20519,0.9226899223968503
20520,1.3006678618287917
20521,0.41548280589691977
20522,0.8706561364279383
20523,1.3873987197743043
20524,0.4690798216491358
20525,1.0236671603176863
20526,-0.2475382561499066
20527,0.6754822005264602
20528,1.1301698033455458
20529,2.1023341711893377
20530,1.1027512907110815
20531,1.1256433907976673
20532,1.7974754338434404
20533,0.9752319510081154
20534,1.83047875138237
20535,0.5869896930522966
20536,0.609196057299495
20537,1.8741210912446686
20538,1.3858166835245314
20539,0.6777839253033157
20540,0.5101072067346551
20541,0.4222826131846369
20542,0.707720620492509
20543,1.5410021859305618
20544,0.8671328631807198
20545,1.261957094397407
20546,1.7065616406125634
20547,1.3847762740937748
20548,0.5904484728321789
20549,0.9187560391626112
20550,0.3930466858780149
20551,0.568056870933416
20552,1.0201631956493706
20553,1.6136780108785695
20554,1.461357615125535
20555,0.4289898381809423
20556,1.678582031292696
20557,0.8816660924643814
20558,1.251972613231394
20559,0.8630047046244747
20560,0.9292547756794249
20561,0.4717774971606863
20562,1.2607205219171287
20563,0.6946546029668098
20564,1.09229593358838
20565,1.0237851246489589
20566,1.5398003189152791
20567,0.5038655435124438
20568,1.8596359643785978
20569,0.5079257097419714
20570,1.4510746185847092
20571,1.2857729336014847
20572,0.1278772291788507
20573,0.27098803477382144
20574,-0.00280311120122001
20575,0.5004606031256783
20576,1.1746635704701056
20577,0.25335306394014556
20578,1.0032278819762908
20579,0.3219991315616184
20580,1.413905967819621
20581,1.0415025778761011
20582,0.4036776097780991
20583,0.3935718422431692
20584,0.27517446140541013
20585,0.9058517487657929
20586,1.3935172823131419
20587,1.3989137036740134
20588,0.5622994930569906
20589,0.9872061567368786
20590,1.2994428115065988
20591,0.4276196353450733
20592,1.0549664118934652
20593,1.8637702748769152
20594,1.6842747139388858
20595,0.26274589862640657
20596,1.0003583171101391
20597,0.7395297194021753
20598,1.0484931785311788
20599,1.587422674018864
20600,0.6934153227293676
20601,1.219102386916572
20602,0.040135360120389124
20603,0.7946868518496596
20604,1.0571983649385417
20605,1.0666277309657863
20606,0.5004139394149981
20607,1.108382248117488
20608,0.7141034639692101
20609,0.9720365262429884
20610,0.7684280033861289
20611,1.3846724570180446
20612,0.4350099889133802
20613,0.7474565265522168
20614,1.093417781656819
20615,0.7671470656595294
20616,0.725366186360804
20617,0.5627770600885023
20618,1.09840569018546
20619,1.0878831634642816
20620,0.45461770896805487
20621,-0.01849006421135968
20622,1.5029630143216508
20623,0.7803653629800282
20624,1.696426087267464
20625,0.42474417470167075
20626,0.5615522199529803
20627,0.7414064170805432
20628,0.9385830217029633
20629,0.7789065819767031
20630,0.5970676039072763
20631,-0.1571575419383438
20632,0.4687788803097597
20633,0.8405162169508607
20634,1.0045697196945738
20635,0.9224541044560767
20636,0.7772163019025015
20637,1.148885735652891
20638,1.454665851195305
20639,1.4341089840501393
20640,0.9515318078913818
20641,0.5351318184587748
20642,2.2428027297805326
20643,0.7078745542077011
20644,0.6646650003208254
20645,0.5104876122500888
20646,1.420586019237251
20647,0.9192137759719141
20648,1.34284165537365
20649,0.008620995804088483
20650,0.9021802631977694
20651,1.5811113769745233
20652,1.2287587572758008
20653,1.0469112056321046
20654,1.3436790113996095
20655,1.4618622431685002
20656,1.5078765256113704
20657,1.4821873136301922
20658,0.20455984977361816
20659,0.4644234061944115
20660,1.6000499630355896
20661,1.4138067861268735
20662,0.7395750564523695
20663,1.6685598447802281
20664,1.3659671300414808
20665,1.7527011741203644
20666,0.4933642188325529
20667,1.6949348707140428
20668,1.3717890255505485
20669,0.8885890533480336
20670,1.1989545346494688
20671,0.6342977613346813
20672,1.7350498614467798
20673,1.1022444004496532
20674,1.4202025255966602
20675,0.5551587634579138
20676,0.9879608236821948
20677,0.41947317086787855
20678,1.0592537189427338
20679,1.4695102998888168
20680,0.6771318471784747
20681,1.658224659312418
20682,1.4355300922091483
20683,0.6916292793666062
20684,0.7673903185885458
20685,1.086074188413174
20686,0.8935724682367808
20687,0.6865233271209068
20688,1.1253443724447099
20689,1.0529319986424177
20690,0.5822499353475068
20691,0.8844770513720179
20692,0.9854528190919201
20693,0.7074727568824466
20694,1.3794025291439553
20695,1.353349471700756
20696,0.4780231886025757
20697,0.8264824781896053
20698,1.4523394790670836
20699,0.7172387577213502
20700,1.076442732259291
20701,1.2435980972401377
20702,1.1410128542367832
20703,0.2147327001298024
20704,1.1202591019634278
20705,1.1173925654277634
20706,1.4057448731773272
20707,2.1913093460148856
20708,0.5426447521252145
20709,1.0117813920468592
20710,0.8360350234328455
20711,0.4791261629504942
20712,1.1162020787529907
20713,0.5187311750057365
20714,0.45850184972719615
20715,1.1625863492604354
20716,0.46772443597569424
20717,0.7916924234635525
20718,1.3083617649601533
20719,0.07822810540953926
20720,-0.18924106946572122
20721,0.5107129290104953
20722,1.008514140107105
20723,0.8231987596452295
20724,0.7077756604655266
20725,0.5834451004496058
20726,1.6685849884759683
20727,0.598000075911495
20728,1.3289830487097989
20729,0.6521225469423557
20730,1.069613842606259
20731,0.8786436515037406
20732,1.099352408409452
20733,1.1643689424029657
20734,0.41560344000943117
20735,1.1752354271367933
20736,1.1435925266666076
20737,0.7365554378740833
20738,1.5980494737730213
20739,1.428734701468298
20740,0.46820161206168937
20741,1.1993442905312184
20742,1.2314100795007528
20743,0.7441716456735217
20744,0.5753570986896852
20745,0.4011858879415032
20746,0.4269151693788082
20747,0.7396821854177525
20748,1.1299532973146131
20749,0.7587020994686651
20750,1.229128169498143
20751,0.5250897978488378
20752,1.0320854976138216
20753,1.315528821569108
20754,1.4799466222535727
20755,0.47545208334313793
20756,0.3556713236626874
20757,1.4454790374207367
20758,1.202917000144485
20759,0.26287833112539705
20760,1.473283160121811
20761,1.1615460912652007
20762,0.5278782458431786
20763,1.5866229857839818
20764,1.0515067256304573
20765,0.7994998153140682
20766,0.37085853466519464
20767,0.2586090359922615
20768,1.1593085609771652
20769,0.9533947546846544
20770,0.4701823218952787
20771,1.620866627357454
20772,0.9223559060194229
20773,0.9188563091519876
20774,0.15571327962097073
20775,1.3460505797501536
20776,1.2436936511623404
20777,1.8378650276395168
20778,0.602635866801591
20779,2.132876778615956
20780,0.7381146504285845
20781,0.24949827878233394
20782,0.34416536141238374
20783,0.6905143257365453
20784,0.7273780935957599
20785,0.16465236504133615
20786,0.6515245050220234
20787,0.9437629576055514
20788,0.5092739655370289
20789,1.0617291967766365
20790,0.9869551779398508
20791,1.301651996958796
20792,1.5358044679344909
20793,0.5776883688978791
20794,0.5361375233084227
20795,0.4659682528666317
20796,0.9543406975128682
20797,0.3773783165599625
20798,0.23795665718401462
20799,0.4708033970604343
20800,1.0632425588177996
20801,0.9559744293255317
20802,1.317156240479225
20803,1.6322953660223771
20804,0.5682846102271897
20805,1.5999837014120468
20806,1.952869278266208
20807,0.810947159992609
20808,0.9533036955269361
20809,1.0309144557631187
20810,1.026213674768431
20811,1.2796210822087946
20812,1.4602819038914765
20813,1.0105630236752707
20814,1.5776887127902763
20815,1.1253977553184538
20816,0.5816199240777182
20817,0.8814456380023274
20818,1.117045504995104
20819,0.5152262215543906
20820,0.2590544452920132
20821,0.72604100541341
20822,1.9080833044681618
20823,1.0484896738888785
20824,1.275871607024544
20825,0.44413944068263345
20826,1.146804399906598
20827,1.2980496419354777
20828,0.5445176032192262
20829,1.221184919883341
20830,1.0901287023109711
20831,0.010671129041290583
20832,0.48581358600559144
20833,1.154204428013924
20834,1.312361082875245
20835,1.0163104826691336
20836,0.7792494431522726
20837,1.042076758217202
20838,0.28702921286294536
20839,0.6279395066446511
20840,1.3580349145829453
20841,0.9999645483238622
20842,1.6403635210632146
20843,1.3261548694319054
20844,1.1282701949553389
20845,0.7833449122587246
20846,0.4134300745239412
20847,0.8990558459642828
20848,1.4447073906605072
20849,0.3541611161043834
20850,0.6072331433322106
20851,1.6432132187229174
20852,0.471679025620091
20853,0.7247319917197027
20854,1.7901452436723166
20855,0.817456161276768
20856,0.5909892365795124
20857,0.9981368983612124
20858,1.8210801096724079
20859,1.599662494180472
20860,0.9424199640011296
20861,0.5364356917279604
20862,1.1285075948697945
20863,0.47670560671899964
20864,1.3847343336521811
20865,1.9713726203795514
20866,0.7242787598772273
20867,1.7075599463382147
20868,1.136156483877699
20869,0.573047366964949
20870,1.6858879609571042
20871,1.3529211084917274
20872,0.6336359207903419
20873,0.6314220694195118
20874,2.2033463960046196
20875,1.2997975643027628
20876,0.6075575267359546
20877,1.3455690003632637
20878,1.2956608962767304
20879,1.5039682105857406
20880,1.092084953546432
20881,1.1288422629208397
20882,1.1525633188574755
20883,1.3363121638578364
20884,0.8137840627458437
20885,0.5395617918385225
20886,0.5900675350400935
20887,0.93400149098672
20888,1.5592233009066114
20889,0.7420804013938183
20890,0.9442412760782931
20891,1.2655926483910058
20892,0.6209683986966261
20893,1.6825482669217475
20894,1.1914613064991069
20895,0.1159622671669521
20896,1.5787734438506884
20897,0.524779573676504
20898,1.533733822654811
20899,0.6405085522352107
20900,1.142574321957883
20901,0.8244797708738476
20902,0.178184312380016
20903,0.939338955129205
20904,1.6948061438944508
20905,0.9045758664703376
20906,1.149276819192519
20907,0.7320607652347241
20908,1.0626361015805776
20909,1.6393859678302234
20910,1.4039648223213648
20911,0.4186612188057846
20912,0.9484028902404237
20913,1.3741797056126968
20914,0.11610592573475916
20915,0.4861101275092773
20916,1.2879817953659516
20917,1.2412677215616403
20918,1.7200040506214451
20919,1.474084142959464
20920,1.6117158781744392
20921,1.705633174781619
20922,0.11915942030635718
20923,1.2722749862703582
20924,1.223117351099066
20925,1.2066470220682748
20926,1.2896398235904067
20927,1.330125470833039
20928,0.12521186604773119
20929,0.8701396355895656
20930,0.7395396003748078
20931,0.7359684178133158
20932,1.3075274304769626
20933,1.3930621521038602
20934,0.86833572793564
20935,0.1578436441901414
20936,1.3367027384361623
20937,-0.4487305512560712
20938,0.780650480984911
20939,0.3640246524828065
20940,1.3013027139196833
20941,0.1278457924398553
20942,0.5709622407113168
20943,0.8564658596968551
20944,0.8046275473278091
20945,1.0837337700195027
20946,1.4487514662047123
20947,1.7731196020395417
20948,1.3929909036513695
20949,1.4042543213464356
20950,1.3133421481437393
20951,1.0918843545917027
20952,1.0193473360583403
20953,0.5588933738502971
20954,1.484880150733947
20955,0.8861320145332974
20956,0.47850853736784177
20957,1.3624287032227347
20958,1.102839674644709
20959,1.110043646968792
20960,1.2102647548803038
20961,0.768890749571171
20962,1.0803628597344073
20963,0.44001926351582105
20964,0.5473615954999618
20965,1.1312369055391858
20966,1.1600424087453522
20967,1.2895024653742557
20968,1.0744422615687288
20969,1.4551409506133246
20970,0.3108819309859738
20971,1.587653639283685
20972,0.8247019307731527
20973,0.4972196669238465
20974,1.394053801015125
20975,0.7048685462722044
20976,1.8042437006543952
20977,0.7164927903606801
20978,1.9679274853481443
20979,1.4802344122923323
20980,0.8645136894526744
20981,0.5877044567375611
20982,1.3812356691226286
20983,1.4681194535624695
20984,1.165299538477841
20985,1.6091388143366485
20986,1.5181870488575933
20987,1.9179956084236949
20988,1.1942876347889644
20989,1.146689770328161
20990,0.7118872802095517
20991,0.340955611998049
20992,0.4299784691907554
20993,1.2230131784931082
20994,0.5061340339209905
20995,0.15613777466534706
20996,1.0735782886806562
20997,0.9870086122508606
20998,1.3462787601888668
20999,0.5637696636016294
