session,target_position
1000,0.2814311459147939
1001,0.5044457364795653
1002,0.7901581111766406
1003,0.9893194971856021
1004,1.1368615074396957
1005,0.8220561007751537
1006,1.927937368803327
1007,0.6746096963567041
1008,1.7920749433745813
1009,1.305454226798917
1010,0.5894527223027932
1011,0.774996419361464
1012,0.7196939925219589
1013,1.7363272107908658
1014,0.16744653283539487
1015,0.641897189291182
1016,1.8720908803648562
1017,1.168032254426664
1018,0.3927856992885531
1019,1.4337563823030024
1020,0.542087274162646
1021,0.7249247689477862
1022,1.4409951279066184
1023,1.7861894947189094
1024,0.24976016369809168
1025,1.0982619811658036
1026,0.2209327887229452
1027,1.3073548312593917
1028,2.3668181340072545
1029,1.1214758719564042
1030,0.6123201441276753
1031,1.8054723228781173
1032,0.4435337677989322
1033,1.0142525944957446
1034,0.569438907468228
1035,1.952389634935738
1036,0.4427773604266168
1037,0.7537881552804885
1038,0.684353497810922
1039,1.236389359422841
1040,1.120571589291699
1041,1.5610798622965154
1042,1.6999273179233647
1043,0.6768169170423093
1044,0.9105294147044685
1045,0.9327148621371398
1046,0.5592690139997033
1047,0.4849500626741835
1048,1.4428883538765696
1049,0.9676217500410745
1050,1.688481540750402
1051,0.0026544809014445517
1052,-0.07467718170664803
1053,0.9530343379839317
1054,1.9386662232738803
1055,1.5210790029153043
1056,1.2289912406027346
1057,1.4739791062065752
1058,0.8708717244124072
1059,-0.20212491482769823
1060,-0.186533430097441
1061,0.879332817144584
1062,0.06672647614943264
1063,-0.00980920697658566
1064,0.49355305133775845
1065,1.3322945391132255
1066,1.3508814437493293
1067,0.8358640194167041
1068,0.5647558623892243
1069,0.9311856448245058
1070,1.2887203873238837
1071,1.3399661932522084
1072,0.3291717940777067
1073,2.0482556977530884
1074,0.9117315533055786
1075,0.824156901777202
1076,0.696747227064567
1077,1.713773071358802
1078,1.233212472250901
1079,1.6132778742788927
1080,0.9818900784048371
1081,0.6477649356429811
1082,0.2424959873816508
1083,-0.05157242244313673
1084,0.826656267616997
1085,1.6366131221623408
1086,1.5914066860947913
1087,1.6923789992169076
1088,1.6567561567254492
1089,0.6314483786355756
1090,0.2834987446194304
1091,2.3063547653767906
1092,0.30224248541448123
1093,1.695521324201451
1094,0.712136125743279
1095,0.37984273180779077
1096,-0.24204319431323773
1097,1.1019837631486424
1098,-0.13079415619510987
1099,1.5803573461969145
1100,1.5135939725133114
1101,0.78480156845954
1102,0.8574100633578804
1103,0.5098198505592235
1104,1.880922685351745
1105,2.1231746779438114
1106,-0.3039687441676261
1107,2.0479412804725663
1108,1.6557455750994468
1109,1.5176790208714204
1110,0.03406867706149312
1111,0.3982060161474932
1112,1.8870952369794107
1113,2.478054994014721
1114,0.9581844656200666
1115,1.0607208962406223
1116,1.6696899607835574
1117,1.4020482963039624
1118,1.0835742083231181
1119,-0.22565129285065685
1120,0.6116261466925981
1121,1.074998950531611
1122,1.4720803272616678
1123,1.3281778639121622
1124,1.2266415680805074
1125,1.0890124322064578
1126,1.8222343695426817
1127,0.9966080699573301
1128,1.1658397758614054
1129,0.37600457539417725
1130,1.5911848350702973
1131,0.6726326338029718
1132,-0.09149656577094498
1133,0.8819079216813671
1134,1.8500830064546525
1135,1.9767655441459073
1136,1.3456048072379587
1137,1.3734050082634264
1138,1.951151789439323
1139,0.6387540477154416
1140,1.351413380656524
1141,1.0882579292887125
1142,0.31237876213994953
1143,0.8166856409645117
1144,1.0163260177281424
1145,0.4629269539970946
1146,1.506058120571566
1147,1.5202346259872408
1148,1.7891976945295116
1149,2.3223029439407807
1150,1.0976569975599242
1151,2.260693513813971
1152,0.4752810199262535
1153,1.0627527419013951
1154,1.3747843667044406
1155,0.9773991500694874
1156,-0.17235719883778505
1157,1.143284139279493
1158,0.6673980053882079
1159,1.0681862976395644
1160,0.40608288408739657
1161,1.2931499135025044
1162,1.2071265013728818
1163,0.4888487351591637
1164,1.4269185418140056
1165,1.6885245142837828
1166,0.8520058674663604
1167,0.9946627648969675
1168,1.256637234540385
1169,2.206217992193588
1170,0.48590571991516285
1171,1.0917839608479392
1172,0.1390231599769645
1173,1.372868221705513
1174,1.9205152014513094
1175,0.9020854849317327
1176,1.998342504079332
1177,0.1075554524318636
1178,0.1323073213855419
1179,1.0452826825938906
1180,-0.23767186681939684
1181,0.491729145136241
1182,0.5658270553559531
1183,0.4030256755740161
1184,1.588902670452388
1185,0.11929627136563196
1186,0.15430616852852697
1187,1.7069024734237468
1188,1.5195504057915035
1189,1.290876093363003
1190,1.6091065602265364
1191,0.7333814038209332
1192,1.4332288311313348
1193,1.0292108595777114
1194,2.1737684248904103
1195,1.48361509363352
1196,0.40235742688645626
1197,0.2588186219822005
1198,1.2751162701532353
1199,0.3190185598660187
1200,1.8377135832297358
1201,0.2545191156263652
1202,0.7437117293916256
1203,1.5899446926393095
1204,1.132359282940394
1205,0.7205339021372514
1206,1.659150682210065
1207,0.18146505616112096
1208,1.7139910761971682
1209,2.605126693432208
1210,-0.20043693333617218
1211,0.31732938647007614
1212,-0.25872662076781955
1213,1.5200750816277224
1214,0.5153580409654286
1215,0.8930588287155242
1216,-0.04516246438408761
1217,0.2613149667589728
1218,2.214650762792154
1219,2.361246279173937
1220,0.1353471207759199
1221,0.07194634751505374
1222,-0.07253215164454657
1223,1.9010251685877393
1224,2.0030330786573947
1225,0.7478927889783712
1226,0.8189432650039689
1227,1.8363800608228384
1228,0.10193534341783513
1229,0.12735226254734772
1230,0.8716683831112125
1231,-0.0296485202373572
1232,1.724895559614921
1233,1.3192080279052225
1234,2.2557190467400474
1235,0.42919269800816584
1236,1.8824049180654954
1237,0.3926097738561089
1238,0.6940789900802242
1239,1.3524019382524357
1240,0.8986540804301616
1241,1.7217032646531347
1242,-0.08177462812949585
1243,1.6727121475877285
1244,0.866546124070322
1245,0.2727152515708229
1246,0.42596282803033636
1247,0.6278965626456405
1248,0.923450668699225
1249,0.7824337495219913
1250,2.025581867772968
1251,0.5645390712926759
1252,0.41631491750949484
1253,1.9957283801866323
1254,1.926798104358157
1255,1.000228404017859
1256,1.6032096396806403
1257,1.0936848120924398
1258,1.8433426852169297
1259,1.8138930902397528
1260,0.3934724830282975
1261,0.5967654710651166
1262,0.10648231846991901
1263,1.4927316454623558
1264,0.8631723038104131
1265,0.7931416131972779
1266,0.2483250724992792
1267,1.6284868281704208
1268,0.5263476865839597
1269,1.021624861886757
1270,0.3991191797181537
1271,0.5779143850718775
1272,0.13574414019599929
1273,1.3093859307972842
1274,0.8142353769085857
1275,0.34032082281970183
1276,0.9997191912187929
1277,2.039202659181817
1278,1.3578855343269334
1279,0.111698768815852
1280,-0.15045417758918447
1281,0.1297879918612096
1282,0.9721597320756862
1283,-0.10130327647483281
1284,1.081244538316114
1285,1.3145320214763443
1286,1.5102269663378476
1287,0.1312609684542288
1288,0.7653183730867699
1289,0.7527161377337883
1290,1.7664852056582536
1291,1.6422663465752265
1292,-0.411267581037011
1293,0.4845698270168144
1294,1.466103640337843
1295,0.35642539253131594
1296,1.6199665626961082
1297,1.4787067084153092
1298,0.5462244701742617
1299,0.0009768321793924006
1300,1.1337455110344499
1301,0.2605181504447673
1302,2.476818620372412
1303,0.5311294191844367
1304,1.178162397748259
1305,1.4844180030820997
1306,1.4741413920223487
1307,1.9953018626938577
1308,0.5422477727733822
1309,1.8100887689003116
1310,1.6826910893799192
1311,1.902898234006708
1312,1.2633428792155332
1313,-0.10336846727012544
1314,1.9110980496873125
1315,1.3959637252019454
1316,1.1679379010481574
1317,0.9643084600453641
1318,1.738958818116631
1319,0.9447035589015812
1320,2.0037063877363837
1321,0.31204877512417006
1322,0.20039166918083243
1323,0.41862653953167017
1324,1.1088699063245233
1325,1.4123051084810498
1326,0.15705722585749152
1327,1.3654954749602088
1328,0.3750589806532618
1329,2.2487853791711068
1330,1.5241146619207697
1331,1.7295777277189008
1332,0.1619641799197249
1333,1.9524896583131137
1334,1.2285071295099685
1335,0.08402722797778711
1336,1.1239070141800152
1337,1.5951997312257293
1338,0.5010046380704838
1339,1.6541182673770491
1340,0.2553329639561277
1341,0.38749280560605087
1342,1.154436944582906
1343,1.824959537424583
1344,1.8505536868796013
1345,0.2085190218402613
1346,0.3048132382849814
1347,1.121591798936834
1348,0.7560823880320332
1349,1.8714479905090518
1350,1.5116332876424563
1351,0.8933355191921992
1352,0.7945259281932117
1353,1.9225012049123835
1354,0.3855206272868121
1355,0.9357732039518031
1356,0.7365395703456645
1357,0.6223472437017804
1358,1.2042573902819722
1359,-0.08027740012498144
1360,0.923375655442827
1361,0.015355432233232963
1362,1.7089664570978687
1363,0.9249183506469806
1364,0.6971986860872675
1365,0.02768228547414136
1366,1.6184548191183206
1367,0.1564956451603069
1368,1.0431367615628875
1369,0.5275069082128855
1370,1.0805891961347527
1371,0.6384722164272321
1372,0.582340987045737
1373,-0.025979041519393453
1374,0.33877368431325894
1375,0.8727196081580441
1376,0.47829741571859563
1377,2.319366290392101
1378,1.7552956165637088
1379,3.074143271461887
1380,0.31589414585307546
1381,0.2055266925523339
1382,2.066673765989349
1383,-0.39424762596154217
1384,1.0897176010243825
1385,1.0475484824649541
1386,0.5464722581641245
1387,-0.08469732927938409
1388,-0.003882613145755609
1389,1.8064450307929347
1390,0.8329640320166911
1391,1.3077107500411933
1392,0.6707702952484165
1393,0.713706736874745
1394,1.5857496332114593
1395,1.154040325301102
1396,1.109649906094215
1397,1.1707512719610471
1398,0.15057304297787233
1399,0.46018543458962924
1400,-0.058833072146176085
1401,1.4151009450536727
1402,0.8732633665252116
1403,0.009070606995526753
1404,0.3420487160908861
1405,0.8191218526777326
1406,0.04002990399893576
1407,1.856117195623115
1408,0.20897434704793705
1409,1.4975985729874965
1410,0.8893821331559021
1411,2.261831196373431
1412,0.4007633135328178
1413,1.0098809193050138
1414,1.5199979837858415
1415,0.008769498426276251
1416,0.7980541325934102
1417,0.6232782394855603
1418,1.0047041877654057
1419,0.036486672015573846
1420,0.6807877520449143
1421,1.4692985271523185
1422,0.671557644400343
1423,0.3801913154899955
1424,2.710376770521091
1425,1.0971337982338278
1426,1.3257426509620494
1427,0.5570862334240257
1428,1.9765890238863273
1429,1.2520418986187267
1430,-0.04455492767224872
1431,0.591638413112195
1432,1.4349051828866624
1433,0.5875059160184424
1434,1.254777053755292
1435,1.1161132994184495
1436,1.2087839150622233
1437,1.330139080608396
1438,1.1286914833649286
1439,0.08076487246447103
1440,1.623465394722873
1441,2.056189419573838
1442,0.9222470896114066
1443,0.20338621040342195
1444,0.46733072722574154
1445,1.1405304758810832
1446,0.9780289629836318
1447,2.1616203574591006
1448,1.3246240003920247
1449,2.5490359710773576
1450,1.0319144149014694
1451,0.9837168404576739
1452,0.6762791966558348
1453,1.1321742504076155
1454,1.078608712175547
1455,0.5717630914356644
1456,1.254708059207816
1457,0.6868596973319636
1458,1.4068462269193667
1459,0.5120215810006287
1460,1.9693323015967268
1461,0.9637732333131741
1462,0.70922764755982
1463,1.7649407727679192
1464,0.3028371958250968
1465,1.4675484624602781
1466,0.43449822467006305
1467,1.0806917962052254
1468,0.4423529886261573
1469,0.14670724685165046
1470,0.9382843116319868
1471,0.5991494024281441
1472,0.16031378312405198
1473,1.1667048964182598
1474,1.275330687538228
1475,0.7417920894015535
1476,0.17888882622468788
1477,0.33387740511360364
1478,0.5109756657670665
1479,0.5995931043282792
1480,1.8215961313802214
1481,0.2607745066817784
1482,0.3531340115793715
1483,1.4982784747808868
1484,0.5176608216141485
1485,1.5154033228818653
1486,-0.09804992801715146
1487,0.41146281095462445
1488,0.7560141269673348
1489,-0.17781747416370056
1490,0.5845028042039944
1491,0.8016971139438664
1492,1.1338828711274709
1493,1.6011355253666635
1494,0.9766195732914973
1495,0.3600849168950485
1496,1.5575817882921668
1497,1.7260003651706888
1498,1.6742417899834445
1499,1.6787900547223318
1500,0.2491186741018802
1501,1.2351819953010506
1502,0.111081148256362
1503,2.2244242254972413
1504,0.7692569652660275
1505,1.367211733252821
1506,2.0616498653550153
1507,1.4603224483533026
1508,-0.11714654278139319
1509,2.0490923635659177
1510,1.1684175118272113
1511,0.7133744155663413
1512,0.9134771192106325
1513,0.8797638173152308
1514,0.16530843854830746
1515,0.9788853102687591
1516,1.7817664135162734
1517,0.7383495413578626
1518,0.22393674470051675
1519,0.4073498822822348
1520,0.05433832661392512
1521,1.2472611081535385
1522,0.5986278552158132
1523,1.2244898573892433
1524,0.399121948687719
1525,-0.21064297068778245
1526,0.31242932999964934
1527,0.5640569908490578
1528,1.0497066354520517
1529,0.8797393566299759
1530,1.5589410761582352
1531,-0.1264408470063707
1532,2.0547582023009947
1533,1.5784345175000905
1534,1.1094715250977456
1535,0.5782362562484635
1536,1.9895127514804096
1537,0.7431634867897698
1538,0.5771798192209975
1539,0.7410583630014058
1540,1.3198046636580325
1541,2.033125425440701
1542,1.671515307715759
1543,0.8422585610247906
1544,-0.9242155029905899
1545,1.0721172215127626
1546,1.1426974278519362
1547,1.05027594659635
1548,0.5053447280774359
1549,0.32501452653037044
1550,0.4330914732441642
1551,0.7545812798490952
1552,1.2242686572537569
1553,0.8411715966213099
1554,1.6454129117532346
1555,0.1876626494257625
1556,0.7220353586894012
1557,1.1837148680345075
1558,0.5733893894800866
1559,1.2197420287612017
1560,1.749295146035361
1561,0.3874191062921593
1562,1.9922574769245398
1563,2.156141224502235
1564,1.4251550887597373
1565,1.9855334157254083
1566,-0.052417299570609366
1567,0.7232325882629711
1568,0.20212875158953025
1569,0.5730613694668476
1570,1.8287317497449338
1571,0.004567747752960392
1572,1.0570268773782194
1573,0.6895886511413976
1574,0.6484453898119023
1575,0.5056350752551315
1576,1.4716211399797055
1577,2.1834310041880434
1578,-0.003285292225397682
1579,1.376862756674551
1580,0.2582584269867889
1581,0.22876964241308018
1582,0.7842234396325549
1583,1.2961157292660355
1584,1.1805848894349913
1585,0.8939500503270216
1586,1.3648802589470796
1587,0.5701587106174497
1588,0.6364019473485956
1589,1.1151968057048427
1590,0.17779066924178263
1591,0.02972875895121696
1592,0.4720139419863214
1593,1.965284904418941
1594,0.9252238163752811
1595,0.6471477490514845
1596,1.5584652214745929
1597,0.9134579228343646
1598,0.3502666072187604
1599,0.9056211348935119
1600,1.2094710125046229
1601,0.20124590736358008
1602,1.0680448174533166
1603,0.278779186750713
1604,-0.07773364357452081
1605,0.0332970383883872
1606,1.0807117616689716
1607,1.8660215901476012
1608,1.0063858318340513
1609,0.42343220016786803
1610,1.478658951678749
1611,1.7661965783474112
1612,2.156953493439184
1613,1.4580746807227238
1614,1.5511724761881747
1615,2.1028585662349686
1616,1.9632985894429584
1617,0.6811070685906635
1618,0.602008474130489
1619,1.1859751593651817
1620,-0.25801544571621954
1621,1.393650107133536
1622,0.2076174992816901
1623,1.7728342132707682
1624,1.169596636513279
1625,1.3533142399346774
1626,1.4184208413479211
1627,0.6026378046309332
1628,0.7926017907667502
1629,-0.24430753229006325
1630,0.9830420859808393
1631,0.27815208073939657
1632,1.2514189419770534
1633,1.714567239461627
1634,0.16849566216032777
1635,1.8057947730026147
1636,1.358534351171968
1637,0.02749798992888272
1638,1.4901928797052737
1639,0.6512142950994341
1640,0.04849126827380264
1641,0.7851851886312237
1642,1.0537382669508613
1643,0.5853556999613441
1644,1.0865655937156746
1645,0.8253698586685567
1646,1.730343405327306
1647,0.9650970231063903
1648,0.42477533556821556
1649,0.4727734175659527
1650,0.25532092035479176
1651,0.8786192277182115
1652,0.32322295202361007
1653,0.8167688472301895
1654,2.0695824775213043
1655,1.1401649883675984
1656,1.531529746265137
1657,0.029236369557522957
1658,1.5757043919635876
1659,-0.007741281349157372
1660,1.2371911406720975
1661,2.2212867875528697
1662,1.5874318317700944
1663,2.3544883149324582
1664,0.3921352652460147
1665,-0.06719909198162266
1666,0.7413873776516846
1667,2.201476289803456
1668,-0.25727745293178705
1669,1.6619352871956412
1670,1.45327480941183
1671,1.6140217212890176
1672,-0.04050251475093192
1673,2.6962381258003036
1674,2.0341829782661938
1675,0.4786961339186632
1676,0.34592111916468027
1677,0.6810171172978106
1678,1.0655290606676342
1679,0.41044200200228803
1680,1.4365942599215988
1681,1.5396851624857213
1682,0.20298390772711136
1683,0.20227487054935625
1684,0.10584062339830856
1685,0.9772544240701454
1686,-0.021857528159469536
1687,0.3489164070405438
1688,1.3412352994011463
1689,1.8833136666773527
1690,-0.2527539378048856
1691,0.9378674231823368
1692,0.47736816020756745
1693,1.4237049351476043
1694,0.1274918359427792
1695,0.9122060290229804
1696,1.3691954586211486
1697,0.9994184188681046
1698,0.23315895429861255
1699,-0.07164590787540673
1700,0.4404098417451231
1701,0.5935355531169955
1702,1.310646980589593
1703,1.6781659747153417
1704,0.091692588461744
1705,1.6654377975807715
1706,1.9911809486976046
1707,0.25419891557897606
1708,0.22867538489276545
1709,1.2529394716132383
1710,0.45098608375673493
1711,0.7112807563182788
1712,0.5178462825339762
1713,1.169879511521717
1714,1.3442502987516616
1715,1.9200690729674947
1716,0.8270597790682891
1717,1.8722240455408605
1718,3.1605261585132682
1719,1.4987562457027441
1720,0.33021115223265474
1721,1.1857488125427533
1722,1.8905203239191457
1723,1.1365695879175273
1724,0.5881324426996801
1725,1.1228659721544567
1726,0.9913035773879753
1727,1.1526605432842545
1728,1.2555889384177457
1729,1.298265341063859
1730,2.3170420303937873
1731,1.1784390068325854
1732,2.8587547791219814
1733,1.8961529508764767
1734,0.556987056859912
1735,-0.04068601936202951
1736,2.0780298073968604
1737,0.69173787614957
1738,1.5454502446020895
1739,1.2118146706188622
1740,0.3909742584600985
1741,2.1199685044096523
1742,1.1677803332553334
1743,0.019881928889730956
1744,0.20131201117532715
1745,1.2706396969933025
1746,-0.14150967889154825
1747,0.4185405139711952
1748,0.8537236166751584
1749,1.1178477301700214
1750,1.264341481671077
1751,1.9226397176381593
1752,0.7836201671591629
1753,0.07465884912366705
1754,-0.2524672178736662
1755,1.0544547836958609
1756,0.64338977440706
1757,0.8098243256991826
1758,0.8849755370601304
1759,0.5235863150715604
1760,1.332365833880634
1761,1.0574851014707636
1762,1.2938661768230573
1763,-0.28245376537365996
1764,0.9542243970775974
1765,0.9496167789176898
1766,0.1446303582105833
1767,0.04422574496847456
1768,0.38199608342797287
1769,0.2719350914632205
1770,0.12872699179397584
1771,0.4388879005246793
1772,2.1348444115605245
1773,0.7783666856459671
1774,1.1482106091382906
1775,2.607037755273246
1776,1.4432358195520323
1777,1.5485077773078837
1778,0.14010163775462592
1779,2.3627156518970924
1780,0.5609545931662901
1781,1.219486671421453
1782,1.3644262658537567
1783,0.34932391212587965
1784,1.5946302121556417
1785,1.2640003819793997
1786,2.157353426388569
1787,0.6603428658116843
1788,1.188286641076173
1789,0.24536024494904268
1790,1.4765603778200096
1791,1.6081946482487646
1792,1.0560731366643852
1793,0.03997979095962448
1794,0.626697352165501
1795,2.1628537925206888
1796,0.6968683523532175
1797,0.8877877289213216
1798,0.9189900453680999
1799,0.2529178955893772
1800,1.606051467197765
1801,0.5090512558489826
1802,0.7951238838648074
1803,1.1873367696521664
1804,0.960335099065099
1805,0.9838038696199928
1806,0.5016598725736263
1807,1.933604044461374
1808,0.3422966289725037
1809,0.14610597105427153
1810,0.8297207736390755
1811,0.08240192160985224
1812,0.5461529318752195
1813,1.2339128995281017
1814,1.8289120883092909
1815,0.9097602198786933
1816,-0.211409551557469
1817,1.3794874900013203
1818,1.6388491541149899
1819,2.247058552530966
1820,1.9424481300763057
1821,1.575173403846198
1822,0.817172922682508
1823,1.224053869288872
1824,-0.1205934502657828
1825,1.3917128536533474
1826,0.5861092121568547
1827,1.291558846209543
1828,0.40733741899102405
1829,0.390463275295175
1830,0.48830225742331246
1831,0.5931963149820105
1832,0.5813728239355171
1833,0.3768133635414509
1834,1.5188967895507821
1835,1.425436950798549
1836,1.1510476190689813
1837,1.177288869086691
1838,0.39823197570097735
1839,0.9456732986020079
1840,0.6480586663406788
1841,1.7415952921757092
1842,1.984353600361287
1843,0.7339741101865273
1844,1.7414054444964142
1845,1.2183329205825373
1846,1.0686232234166644
1847,1.232419357898629
1848,1.7976186690929497
1849,0.8268537016679894
1850,1.707697535430228
1851,0.7365860811033031
1852,-0.03334229102315456
1853,0.03504822790689481
1854,-0.00820518120671776
1855,1.6160302046307584
1856,1.5259426355128705
1857,-0.02290335301761587
1858,-0.21572108237698612
1859,0.8601426281911486
1860,0.8652967253680517
1861,1.3488248332826953
1862,0.337903635592285
1863,0.9271219308680173
1864,0.5427367718452125
1865,0.9030491269897307
1866,0.7170909948023254
1867,0.11869274343120984
1868,0.3208179738400525
1869,0.7769205362562213
1870,-0.006855255185395856
1871,1.0531990785628391
1872,1.6306893407056375
1873,0.6283310720112573
1874,1.348981876334164
1875,0.7055367633781253
1876,0.3830098994072387
1877,1.0848514595329335
1878,1.6840747104596048
1879,0.3832105656525574
1880,0.4348464038556141
1881,0.09387027995216192
1882,-0.07724058508657303
1883,-0.13330600094547848
1884,-0.12753109249407232
1885,0.4632867728048222
1886,0.17512454884290818
1887,0.3990888523075979
1888,1.1325164010344653
1889,1.4257840812968743
1890,0.25400576520354956
1891,0.5191874147148122
1892,0.6884765497657341
1893,1.6556855211891164
1894,0.11339425261421504
1895,0.8522265763353214
1896,0.6308168327449726
1897,1.2075906058060895
1898,0.7354756947244255
1899,0.40471710804245287
1900,0.6230846401973789
1901,0.9894461985500375
1902,1.1695876613201772
1903,0.16217847682592104
1904,1.3957494232913386
1905,0.617627601994263
1906,0.3094265140101924
1907,0.055353338606373814
1908,0.3711055393496423
1909,1.3001193356177057
1910,0.4568384244238901
1911,1.2737455787222565
1912,1.4402821866076219
1913,0.4516645767959393
1914,1.4994132294795985
1915,0.5753156806288185
1916,-0.16037088709550146
1917,0.041887425066634315
1918,0.5232227306130415
1919,1.4425230666656796
1920,0.7678897208321442
1921,1.3259857555467482
1922,1.8943067354432663
1923,0.9938540899220134
1924,1.0944831121348162
1925,0.20230569487342825
1926,0.07204839821008577
1927,0.17173839174242952
1928,0.09813556950173785
1929,0.000831109890829837
1930,1.9394750615474179
1931,0.24976978154076976
1932,0.7579029077802074
1933,1.5596038914322652
1934,1.9635707383063634
1935,0.5865273608973577
1936,1.3830011715241666
1937,0.605012424658381
1938,0.5959302070883876
1939,0.9923891994817009
1940,0.18661156813764782
1941,0.4792799266916782
1942,1.7407936677195184
1943,1.020230814595051
1944,0.3890706673183565
1945,1.1681215044025077
1946,1.4098933905609212
1947,2.3785316588307954
1948,1.2409232054241015
1949,0.885981205723656
1950,0.3303971698498964
1951,0.8641144618970694
1952,-0.14334055722973435
1953,1.1256075218081902
1954,1.3916556983296298
1955,1.6711400187034033
1956,0.9096149074696465
1957,0.2796065368033319
1958,1.9502604096441458
1959,0.30539051728940947
1960,0.5352710506988151
1961,1.5882266599355273
1962,1.154480391633382
1963,0.09164455350738408
1964,-0.15134512041976042
1965,1.8370183275673733
1966,0.25598710802034713
1967,1.2057820747379775
1968,1.7914517622911832
1969,0.10615017912088992
1970,1.1357120823943225
1971,0.9952600757683338
1972,0.21300332705092906
1973,1.513520513274543
1974,0.6052006683573112
1975,1.3574869008959998
1976,0.8500014473185702
1977,0.04547874212234848
1978,0.4888046380045086
1979,0.6957368890841462
1980,1.2315391226611483
1981,1.6059408030239157
1982,-0.34970046920155223
1983,0.410008171882169
1984,-0.019317820187882168
1985,1.5043121936532335
1986,1.9532133406747851
1987,0.40386210871837136
1988,0.01055228565353103
1989,-0.03135409951255369
1990,0.020093150756554073
1991,1.0134966482722845
1992,1.2780378086491213
1993,1.3907739401646213
1994,1.8024293391580364
1995,0.9695118779952359
1996,1.861689435072696
1997,0.7987566558207123
1998,0.25029639575021023
1999,1.1872321070720888
2000,1.3377834319758897
2001,2.249688030402504
2002,0.6727152379624901
2003,2.1826696967683903
2004,0.8673097880411322
2005,1.7797184724617212
2006,-0.13542149619706936
2007,1.105288342132469
2008,1.8865884547596752
2009,0.3710891966555453
2010,-0.7122072658110545
2011,0.7534803981942735
2012,1.4391648481619859
2013,1.531158747911567
2014,0.6411232694319824
2015,1.1925147390868924
2016,2.021627616724498
2017,0.27638156183049056
2018,0.08067956816505553
2019,1.794900054427078
2020,2.3277001105878248
2021,2.0106132427033323
2022,1.546925782034044
2023,1.1055303895502187
2024,1.02050193558595
2025,1.5971876881355347
2026,0.7661546688071532
2027,0.9852571826420784
2028,1.443207704303075
2029,1.2908773442876507
2030,1.2708030963331263
2031,0.9804092794334777
2032,-0.1304143665878857
2033,0.5564235196126229
2034,-0.18494055770052184
2035,1.6097494453380818
2036,1.6672728027563442
2037,-0.2169547310884756
2038,1.3853374735900355
2039,0.900940309564521
2040,1.1812769077056677
2041,2.0132936583585446
2042,1.016122349689303
2043,-0.10164205480642458
2044,0.4588914142173862
2045,1.2715557396325914
2046,1.7110480171059317
2047,1.6029072358560357
2048,-0.3401038283758751
2049,0.23058656731439656
2050,0.4137729758984951
2051,0.35412892319630834
2052,0.07875675437167345
2053,0.7853799995928832
2054,0.9747014092372261
2055,1.4011665489879819
2056,0.7098853661505682
2057,1.732096831791228
2058,1.309568801138914
2059,0.8694136098693401
2060,1.9480671956740785
2061,0.4044703044884881
2062,0.5940940818013748
2063,0.5804077057395998
2064,1.5671138826190223
2065,0.8948392507758898
2066,1.197227376835393
2067,0.9349194002281808
2068,0.25907266073056434
2069,0.6795073561234204
2070,1.5173951770138123
2071,-0.10774686778131831
2072,0.7855131823509888
2073,1.4469393556500234
2074,1.0376763397727349
2075,1.4309899460974722
2076,0.36113933610834337
2077,1.7696800857333295
2078,0.5535492197668463
2079,1.758444015523725
2080,1.3484404753080206
2081,1.4788034395537895
2082,0.39195440390328085
2083,1.8948169279890132
2084,-0.13853889013217255
2085,-0.2883391881353199
2086,1.2149707983744427
2087,0.4822741712773944
2088,0.04395196934962664
2089,0.549072745350324
2090,2.2845380347275785
2091,1.9628569472997508
2092,0.9657120288962495
2093,1.2106797684116737
2094,-0.023683640137341283
2095,1.2628286354925982
2096,1.0513371814788255
2097,0.4238730289168393
2098,1.4661358177631667
2099,0.2189702835506002
2100,0.8086238726159861
2101,2.0824756961912985
2102,1.5400885979953172
2103,0.15105254659089257
2104,1.0027371621472154
2105,2.042495526863427
2106,0.7852198224370226
2107,1.404257334961175
2108,0.7505154915011492
2109,0.35338561073919406
2110,1.419914177022275
2111,0.06326572398948305
2112,0.6620348478112198
2113,0.40004426319416586
2114,0.23898584934398753
2115,1.411991559279373
2116,1.8332478967920622
2117,1.1701113932046727
2118,0.9544686959484623
2119,0.5900089591759581
2120,0.40301312205877643
2121,1.0771284182620557
2122,0.9912792153808228
2123,1.237560940878165
2124,0.04559597380559024
2125,1.940083138420594
2126,3.5695593407718933
2127,0.4550645881429949
2128,1.9872095370337632
2129,1.572673776759664
2130,1.2204430853719597
2131,0.9862590160406297
2132,0.5170540215100131
2133,1.3448307985910417
2134,1.448785187900479
2135,-0.3115730160048669
2136,0.349221173942027
2137,2.622138165612584
2138,0.7650005885262801
2139,0.5739186595385173
2140,1.4566151275705999
2141,1.7551472110796829
2142,0.2666269468975597
2143,1.7006619472152802
2144,0.8544456314703351
2145,1.2729097525709347
2146,1.8690715931341044
2147,0.4380715131243026
2148,1.9210230897084917
2149,0.6973281520544754
2150,1.6584232838887796
2151,1.4986767680672783
2152,1.0492269535140022
2153,1.7424603479907597
2154,0.31913427385941173
2155,0.9890014844714909
2156,1.0503057780142273
2157,0.8098805931164801
2158,1.1185355032680568
2159,1.4139538385966661
2160,1.112258496179858
2161,0.9664986183145408
2162,1.580117381780751
2163,0.28838397380445363
2164,0.04421323347984768
2165,1.6134793965206067
2166,1.2901882937488576
2167,0.7751993636104428
2168,2.4730821102683986
2169,1.8874586916148306
2170,0.6118312918630036
2171,0.21138078942762745
2172,0.16912335880981255
2173,1.6999737003057946
2174,-0.1659500188879694
2175,0.4042584591045464
2176,0.28737697067706575
2177,0.35556765962088377
2178,1.629398854568294
2179,1.5445184413121846
2180,1.2136920423862052
2181,-0.18093587883584017
2182,1.0308228417536691
2183,1.4208196188839417
2184,0.301127952913812
2185,1.1009122259563904
2186,1.643385664217817
2187,0.6355889776586727
2188,1.2329336568350497
2189,1.3587539844870498
2190,1.6430452761245555
2191,0.6621606700503678
2192,0.3638713546435469
2193,0.8043534696459691
2194,1.734346760248779
2195,0.15751840656404065
2196,0.9320984766337189
2197,-0.11169204903072658
2198,1.430357780295982
2199,0.6354727730780059
2200,1.3105802983086532
2201,0.6884100576821901
2202,1.0052604080667868
2203,1.518378377023127
2204,2.2122652209309517
2205,-0.0429414020937052
2206,1.4664330977252864
2207,-0.13906568234942873
2208,1.3039204256583803
2209,-0.08713230508732689
2210,1.471230592680967
2211,1.7593405301880096
2212,0.5311873955603623
2213,0.7773037001858206
2214,1.7135471658265182
2215,0.512695103223181
2216,1.5782929228081453
2217,0.9224600873844117
2218,0.31966498607709026
2219,0.7693695090155959
2220,1.2798224894997685
2221,0.3005394583026299
2222,0.5470035600609058
2223,0.28404969379341616
2224,1.1994426092470063
2225,1.3353268496901198
2226,0.47248457084395246
2227,1.427792433651463
2228,0.7622930137736322
2229,-0.12378461927516057
2230,1.5062694867833084
2231,0.8390278216177403
2232,0.14654874584221975
2233,0.9680313246731354
2234,0.4853300283770067
2235,1.4850030518811732
2236,-0.04629098439841889
2237,0.6367245963754113
2238,0.4674549105957927
2239,1.3648538172961764
2240,0.446017508839482
2241,2.1843854751385647
2242,0.9909159185657327
2243,0.0935914341233135
2244,1.0746008260231505
2245,2.338395655385926
2246,-0.35820924866146553
2247,1.2335333134757527
2248,1.4279626846812992
2249,2.001290454969503
2250,1.2263647956395265
2251,1.122499893240555
2252,0.4239492260742529
2253,0.35836474129816787
2254,0.7285553952571229
2255,0.2131036970159548
2256,1.7421122434365706
2257,0.7671727492829268
2258,1.4156254402371033
2259,1.4934504161081186
2260,0.5056604079269063
2261,0.22576260952431385
2262,1.8648980340598176
2263,0.9084820063978138
2264,1.5377374158690933
2265,1.3808342273743066
2266,1.8391381350000706
2267,1.2329172132371378
2268,0.9748276344137896
2269,0.301359629509479
2270,1.7097669442154897
2271,0.049295688978966495
2272,1.3944844044009936
2273,1.7366335765988075
2274,2.2374188893694917
2275,1.183986780420943
2276,0.9245646488881644
2277,2.1589820795226498
2278,0.8926059744877635
2279,0.8599901326778097
2280,0.8187122321149621
2281,1.8985145731919264
2282,1.0438312033244763
2283,1.639087971898554
2284,-0.32149657091064016
2285,1.1987030944059298
2286,-0.013723388977782733
2287,0.36594298404225534
2288,1.3264994576936924
2289,0.6947149851551444
2290,1.7383788960929052
2291,1.1108516283233338
2292,0.9642527771670648
2293,-0.34607590720878584
2294,1.423277497871385
2295,1.0338231144280876
2296,1.1210313059080697
2297,1.5605446965111782
2298,1.7844900139153768
2299,0.0006951287196277356
2300,0.15444615976324144
2301,1.4869416479840032
2302,0.5988196204805513
2303,2.0167015682843044
2304,0.5326017222946113
2305,0.1572048398197752
2306,0.4652105934093483
2307,2.1239958403905113
2308,1.4097293218433458
2309,1.23273886808929
2310,0.838428367783604
2311,0.5247700731901559
2312,1.0715746937449844
2313,1.7064608392398548
2314,1.4972021403518576
2315,-0.1470676327405685
2316,0.5692118825805703
2317,0.7341774209927039
2318,0.15651774306267216
2319,1.401909334226277
2320,0.44290460328966486
2321,0.12190723155835376
2322,0.552258029682756
2323,0.5621659280435227
2324,2.5531393369498634
2325,1.4705296453616996
2326,0.7382614416674053
2327,1.134351040397424
2328,1.3373356940248167
2329,0.8787338766021826
2330,0.5071926669001561
2331,0.2172908143700933
2332,0.2938635596049655
2333,0.5035144215882441
2334,0.4862799866979449
2335,0.6437375129881067
2336,0.47835327983026116
2337,0.5194046701583633
2338,2.0368627139345823
2339,0.6483513984431203
2340,0.6049667809865139
2341,1.0227905783084827
2342,1.0526256644168162
2343,1.9746188535493299
2344,0.8440323996184043
2345,1.3897477477595388
2346,0.38738234507802705
2347,0.5044860350514121
2348,1.081434161042067
2349,0.13144198773576668
2350,0.9815339572027295
2351,0.28066614478878993
2352,0.1308490397918815
2353,1.0780152567273784
2354,-0.1117862602190392
2355,0.3754948623298299
2356,1.8628405705346889
2357,0.8141136518281994
2358,1.4607222401685622
2359,0.36597929208328384
2360,0.23587851332322937
2361,1.1427748677980059
2362,0.5168856809918007
2363,0.9302111131927735
2364,-0.5702839998206322
2365,0.8415269683812349
2366,1.8479105978490649
2367,1.0519211092590124
2368,0.8515181836325493
2369,0.516761855424325
2370,1.7662996580717842
2371,0.6846579586402961
2372,0.5814631763540468
2373,1.9744944357635283
2374,0.6767319314572025
2375,0.23647204112859432
2376,1.5165575111899263
2377,1.109181136866698
2378,1.1244699562877993
2379,1.9061525513442532
2380,-0.08315794907704274
2381,1.0757907817114767
2382,1.9148202822740406
2383,0.7048031106888282
2384,-0.022895943596362003
2385,0.8743526608121143
2386,0.6086000582313336
2387,0.5004206327363843
2388,0.3942484661193103
2389,0.7056989738884283
2390,0.6112968973296946
2391,0.5941401189857196
2392,0.44639069780746243
2393,1.0987127688537603
2394,0.07674344295779265
2395,1.3479413333334311
2396,1.5731424637239955
2397,0.8619413191148131
2398,0.8525506819158462
2399,0.4474058819269082
2400,1.9444832204438403
2401,0.8651036873572842
2402,0.819794508891837
2403,0.39266400002529145
2404,1.4910454394268404
2405,0.02425121995134516
2406,0.34199358830737814
2407,-0.08461395257350568
2408,0.012842359341009121
2409,-0.12314508240331984
2410,0.7254255823478762
2411,0.04081183587475856
2412,1.1655290807995102
2413,0.7311599806149713
2414,1.137895514004149
2415,0.4814247302164863
2416,0.7799552463246817
2417,0.04945854028226304
2418,0.12423476918668888
2419,1.3339598593373059
2420,2.0043485441451048
2421,1.2119010424042074
2422,1.8557051064626235
2423,0.2512536842714937
2424,1.081418434338693
2425,2.226546041225034
2426,0.4472330561594998
2427,1.298041007611733
2428,1.93092931084521
2429,1.2161892938071814
2430,1.4979628389132846
2431,1.0039481194190771
2432,1.0407917666801723
2433,0.8972446231155401
2434,0.6672839760473267
2435,1.4825252963871023
2436,0.9578049227305647
2437,0.9689600535630171
2438,1.1596714369253838
2439,0.035139719149129445
2440,1.1153952719305011
2441,0.06723823045072672
2442,0.3159179088771547
2443,0.2000349096147709
2444,1.3071248990088553
2445,1.7236228090567582
2446,2.1076732717104862
2447,0.22268432028221735
2448,1.9645886984910457
2449,1.0621642464497252
2450,1.6391325264677707
2451,-0.10383554552652438
2452,1.5276462962642579
2453,0.02639149025534536
2454,2.6765426868391073
2455,1.236117881448228
2456,1.1012100310126245
2457,1.401066450019999
2458,2.884093003356812
2459,1.5287032038269484
2460,0.7326581054014076
2461,1.2804200565968586
2462,1.5168525131307768
2463,0.41562987931769235
2464,0.824705256188912
2465,2.1159291943439182
2466,0.18443052223954182
2467,0.5573442470995089
2468,1.4271898508156484
2469,0.06328353349004864
2470,0.3924405796655197
2471,0.23719236605401808
2472,1.0418495200472466
2473,0.9885948615704422
2474,-0.0086900569856488
2475,1.761022729359268
2476,1.033596086660929
2477,0.3758413894850624
2478,1.1291548955293562
2479,0.7561502939836704
2480,1.9465568241108118
2481,0.9966946268619961
2482,2.1481359204636137
2483,0.4965174328180265
2484,0.11606090041086806
2485,-0.3297884952352755
2486,1.528126783666358
2487,1.1283256905471155
2488,-0.17880243397480802
2489,1.3898765922881402
2490,1.6023090369542736
2491,1.1090172682380672
2492,1.380828515221666
2493,0.13337921486286208
2494,1.446346919183855
2495,0.4581436940703921
2496,1.0136491022087037
2497,0.5350424588778449
2498,1.005888259473343
2499,1.2072789307966065
2500,1.6848314547861358
2501,1.4667807530287797
2502,1.2035139714012388
2503,0.7052074595760133
2504,0.002923313353024065
2505,1.18866947487783
2506,1.9930351947960152
2507,0.10844576261984831
2508,2.4575774677058333
2509,0.09676386377270657
2510,0.7592478202822399
2511,1.6001926110767797
2512,0.22351866138819482
2513,1.9715476454276233
2514,1.194403453727354
2515,1.7910137145189702
2516,1.236691678148789
2517,1.6086675677303783
2518,0.11085221882386753
2519,1.1845888988543711
2520,1.8753172423394975
2521,1.653327175269148
2522,0.21263202648451898
2523,0.5226968753865708
2524,0.6890984518484125
2525,0.33262906807562787
2526,1.7369062449744086
2527,0.24488352163073138
2528,0.28044342307172226
2529,1.7116214039262974
2530,1.8607036361491724
2531,0.8993653111156935
2532,0.1935400461629097
2533,0.6661357642247385
2534,0.5877323141590695
2535,2.0559120670422155
2536,1.1643168102630999
2537,1.6496391646069815
2538,0.6045034447211873
2539,1.18993299947437
2540,1.309059487322909
2541,1.0045726825451369
2542,1.2202764946323639
2543,0.4065747868928151
2544,1.0067991501240545
2545,0.24507472616431977
2546,0.11952241163045088
2547,1.1665954872549096
2548,1.9610968439988128
2549,0.9019215093589379
2550,1.3495008672146345
2551,1.0363368746859651
2552,2.1221097091856738
2553,0.7082996983114986
2554,1.776842380645984
2555,1.3071605711091068
2556,1.3326012590706948
2557,0.6025928226267314
2558,0.7628880931384607
2559,1.1272876442849724
2560,0.35723954495412874
2561,-0.3460708304529703
2562,0.6698809104558332
2563,1.8070427450917985
2564,0.28077223291638476
2565,1.0540823210724781
2566,0.6629424114698179
2567,1.3712540060970162
2568,1.0057563070698754
2569,0.48786923392340853
2570,2.5250685470571828
2571,1.1327550466725713
2572,1.6284537468191238
2573,0.3813851861409096
2574,1.3840769269065611
2575,-0.28952561731215604
2576,1.7525295579544922
2577,1.0279322576735543
2578,2.3006789624610344
2579,0.9711769391696379
2580,0.6467617405679711
2581,1.3040464037833417
2582,-0.14588148829577183
2583,0.22519646693541784
2584,1.294985836072068
2585,0.6528471278596804
2586,0.903947031880582
2587,0.31528647438174223
2588,0.9087420953060492
2589,0.32765385567390404
2590,0.5569769824280725
2591,0.43293037569925885
2592,0.7641780823434197
2593,0.0065414158821185675
2594,-0.11632537200304088
2595,0.009601875074445682
2596,-0.18446707976495283
2597,0.6182320347622234
2598,0.8300847759637724
2599,1.276246410851609
2600,1.2055831950648552
2601,1.2516592568168088
2602,0.43518002723668897
2603,1.0036917076412912
2604,0.837718191225588
2605,1.0862825282959132
2606,0.8072933716891173
2607,-0.2531611485788044
2608,0.9876724958807949
2609,1.4977662477011473
2610,0.5045904205351726
2611,1.0189155253505218
2612,1.391483413372661
2613,0.49409610051404546
2614,0.5100882188467785
2615,0.09535358909991705
2616,0.452360893345893
2617,0.595591635822732
2618,0.7439370842552808
2619,1.5681229160311279
2620,2.120814233512709
2621,0.2500657102462627
2622,0.8355820717629387
2623,2.0642154562608384
2624,1.0752645769453983
2625,2.4140986779865674
2626,0.09225317760385873
2627,0.49474115863454726
2628,1.4393786888878846
2629,0.6575512626034054
2630,1.5739222228159893
2631,0.02111759579175798
2632,0.5412301761713502
2633,0.47620432030645515
2634,0.0057172078352807215
2635,0.6341922188122804
2636,1.0698099925489033
2637,0.8062497661587726
2638,1.1738472772664168
2639,1.8649883768539797
2640,1.2307308469384701
2641,1.2571288901671853
2642,3.0942576502919183
2643,0.6424376863936645
2644,1.8893792400746787
2645,1.4729361033195685
2646,1.5180592919233689
2647,1.0903300252306742
2648,1.6010424340421399
2649,1.081471716145359
2650,1.3000111154703125
2651,1.2290280769417175
2652,1.6885623145409259
2653,1.246525385543697
2654,0.7454399182865225
2655,2.4646396985952164
2656,1.4833485774258572
2657,1.6630494836527914
2658,0.6644424236667341
2659,1.7935460999766863
2660,2.0868992446258168
2661,1.0347451425932261
2662,1.3560849343040888
2663,0.7700007737297924
2664,0.9375983984855369
2665,0.49902101622900863
2666,0.8871923867426508
2667,2.076372364844992
2668,0.8985113296233777
2669,0.682955323949409
2670,1.6302409511345677
2671,0.7719233322821362
2672,1.555186325589783
2673,0.789292020139491
2674,0.8401791794454222
2675,-0.13546396917686315
2676,0.9573748009361716
2677,0.8543820947021402
2678,1.530591960498311
2679,0.5957698964724516
2680,1.47800948356456
2681,0.19757403262558487
2682,0.7169022955388119
2683,1.1011779061879063
2684,1.3239241658236067
2685,0.5231984179263525
2686,-0.09104715664894977
2687,0.5342820819844036
2688,0.4775253149475649
2689,1.4262970582607202
2690,1.4917774117907092
2691,0.214428893696466
2692,0.6719970224986092
2693,0.7401357615041418
2694,0.48796038072941306
2695,0.986012869118363
2696,0.7790748975553176
2697,0.7445533234587094
2698,1.8773122586201985
2699,0.2937168320660033
2700,-0.2735467135615516
2701,0.6158628233948238
2702,0.7319318051632178
2703,1.5455998588794337
2704,0.3357667105756611
2705,-0.14901906659889122
2706,0.023898333595072485
2707,0.053959080760637046
2708,1.177245739500252
2709,1.1057279845515624
2710,0.12956629036720824
2711,-0.13114250976220054
2712,1.146909468381942
2713,2.928067498348172
2714,2.265004613734375
2715,0.28185039732145434
2716,0.5771158618145058
2717,0.23772188795657234
2718,1.4127893681489954
2719,-0.08194303601448288
2720,1.5799230879757418
2721,0.07065540621034552
2722,0.05889568350515288
2723,1.2820451607243302
2724,0.7687728196906476
2725,0.24398495521713065
2726,0.6933576085729914
2727,0.8955135157986085
2728,0.4822557260280834
2729,0.8651436863637952
2730,2.0809338720149846
2731,-0.15396014947652018
2732,3.325003390294551
2733,0.7777191978785896
2734,0.07993804016669495
2735,0.9889315276698624
2736,0.060760744452810315
2737,0.5168024342316887
2738,0.3296668559293192
2739,1.8581291261093749
2740,1.6493186404510058
2741,0.8372196492021752
2742,-0.2843098620526395
2743,1.080586490775925
2744,1.0100858701291173
2745,0.9587362491311419
2746,0.7260415289783881
2747,1.2989358855285698
2748,0.46886706932119493
2749,0.7200220985755494
2750,2.1183117826442253
2751,1.136167987841202
2752,0.5648986864751158
2753,1.974284639853641
2754,1.7837935692693314
2755,0.6570176026954586
2756,0.3302029320096247
2757,1.131008452842813
2758,0.28901240526828187
2759,0.8661815860739598
2760,0.6623698714556729
2761,2.0082268964900543
2762,1.0472984199596655
2763,0.052515233789556956
2764,1.3365785453847292
2765,1.568750559731853
2766,1.3831602661079834
2767,0.4983063912941986
2768,0.8781916759709228
2769,0.5380983050295112
2770,1.4565429146469948
2771,1.3817044481104384
2772,0.7406063303358899
2773,-0.13101204873132793
2774,0.8343947505025472
2775,0.021706616130592077
2776,1.4368807345199155
2777,1.0009374096702381
2778,1.1367710329767264
2779,0.44342580186915137
2780,1.4846937644756988
2781,2.6436493641565395
2782,-0.1131301268290224
2783,0.6136815692699957
2784,0.7828440820049054
2785,1.6000972298270082
2786,0.9973229448780939
2787,1.6628223273187723
2788,0.6993012809622952
2789,1.6295281143476257
2790,1.0265496383915025
2791,1.3221580923893055
2792,0.6917252673131642
2793,1.6858408348941913
2794,0.9547416694596187
2795,1.657125400619092
2796,1.1859606762372767
2797,-0.0418192880388199
2798,1.609460979069973
2799,1.644887687456356
2800,0.6098152770345819
2801,1.6364685717571872
2802,1.2006211496939534
2803,1.053920622915212
2804,0.0815027926532004
2805,1.0437948069128826
2806,0.36431225388991406
2807,0.49682250787042526
2808,0.48285381008004574
2809,1.8157673065939375
2810,0.3173676956175421
2811,1.6552874637464763
2812,1.5482425304258616
2813,0.8350735949122526
2814,0.6554740944859592
2815,1.769174350361262
2816,0.1269062405455197
2817,-0.0897400861886336
2818,1.6620902004216802
2819,1.5237446449153824
2820,0.2643580928282623
2821,0.3117738954164059
2822,0.3504268985804756
2823,1.1389329316298595
2824,0.7277814321664857
2825,0.4433938551534815
2826,0.9883916358929905
2827,0.2927110288404401
2828,0.8534008850129982
2829,0.774794245678238
2830,0.8197718438459529
2831,1.783388979329709
2832,0.26106214522072035
2833,1.8710385880048288
2834,1.0840612697136676
2835,1.7219226269334411
2836,1.6439855497767424
2837,-0.4037379747857316
2838,0.8309056554780138
2839,0.033496948204000704
2840,1.0211893715143452
2841,2.349014132999238
2842,0.17719603132223705
2843,0.9423854277452122
2844,1.9705414254304578
2845,0.3682593930064026
2846,-0.3597437164683251
2847,1.0171079067985669
2848,1.0140067834848596
2849,0.566551612018277
2850,1.4305396640699048
2851,0.3551693458800124
2852,0.4775360484366704
2853,0.3618740958333275
2854,0.108140144938424
2855,-0.03915721398382793
2856,2.0096369296408683
2857,1.2967172267587217
2858,0.29250891413490304
2859,0.5900063068906389
2860,0.9084862620357466
2861,2.012100455660346
2862,1.2515981918140615
2863,-0.16119789039535384
2864,0.9827825138093422
2865,0.20799113654186593
2866,2.2459822608978945
2867,-0.6963513791992073
2868,1.4697580376183361
2869,-0.020953532846378575
2870,0.9058931921421337
2871,-0.09763940773341953
2872,1.87697226852992
2873,0.6032484797912525
2874,0.3730254836521675
2875,1.9517907315844434
2876,0.85059008112739
2877,0.7304814074002834
2878,1.8881817331208233
2879,0.9594788639312305
2880,1.7048042880478487
2881,1.1207499467130237
2882,1.4315822272337029
2883,1.3587895778930064
2884,0.08194211854239028
2885,0.773856949322118
2886,0.5022453844702426
2887,0.5027875103126902
2888,0.3558089853252815
2889,0.6033047382126295
2890,0.13456163477819968
2891,1.18454295200242
2892,0.92354045601993
2893,1.1241979233582984
2894,0.6857228540061363
2895,1.2320492457666705
2896,0.25683485993446464
2897,1.29341547049887
2898,1.2366860142340992
2899,1.2286491152909944
2900,1.171420755419858
2901,0.4232773092460128
2902,-0.3805095794519349
2903,-0.2224873714144273
2904,0.3566047462029045
2905,0.9246223768680614
2906,-0.11562638708722167
2907,1.98245015444262
2908,0.8889095326673777
2909,1.0111225520681173
2910,0.965611267139729
2911,1.1914830051902079
2912,0.995880430904065
2913,1.8280113972135987
2914,0.982776826717439
2915,0.4011939887318291
2916,1.6968420149992431
2917,0.723114844922978
2918,1.2358927155236494
2919,1.8653935490101075
2920,1.827379456475637
2921,1.7014719899077475
2922,-0.16136343230254105
2923,1.3486554836626814
2924,0.45183345482730625
2925,2.1812726471138193
2926,0.5618025389075976
2927,1.0929491748754738
2928,0.6953965874470331
2929,1.467075807193522
2930,1.1950213458000334
2931,0.6794063653988063
2932,1.5719771018851572
2933,0.7648183499341347
2934,1.6715537977558224
2935,0.3526656393980102
2936,0.9102966144909841
2937,-0.04585164662971
2938,1.3494022498772842
2939,0.12261644732278353
2940,2.189940074643509
2941,0.9616888988394334
2942,-0.31327539573339747
2943,0.2910064776756084
2944,1.022764023550848
2945,1.2603267898136084
2946,1.0270506031611852
2947,2.229250547106133
2948,0.6788776305509499
2949,0.06151578004436242
2950,1.4250599534205348
2951,0.8389086553952079
2952,-0.15302176801009904
2953,0.37369457367547876
2954,0.9473375934152916
2955,0.35961731958191445
2956,-0.05456990272175832
2957,1.1398786657997813
2958,0.606126706430243
2959,-0.13705864487913955
2960,1.0489292093609985
2961,0.8427192856899481
2962,0.10002200977372983
2963,1.5282484316543103
2964,0.6295383040539361
2965,0.2291991330605541
2966,0.9652647258013605
2967,1.0351790202028264
2968,1.1822120429852943
2969,0.6385019398059605
2970,0.6882922811447927
2971,1.3695968391905302
2972,0.11856053572408708
2973,1.1886029435460057
2974,0.12187623511832368
2975,0.3209225215236241
2976,1.852421696077367
2977,1.236605452399766
2978,1.122389633412607
2979,1.3055407359994369
2980,0.9362396811971743
2981,0.605310698252193
2982,-0.1510896150717344
2983,1.028393261741927
2984,0.46036464504086916
2985,1.4623473971547998
2986,1.5817562367233013
2987,0.9660854702733987
2988,0.19906165190004768
2989,1.7429131049881272
2990,-0.07490074527439153
2991,0.2999773038239729
2992,1.915430335888108
2993,0.9542352418614293
2994,-0.01395114693229127
2995,1.3646320571260468
2996,0.293693605546046
2997,1.8657983981790855
2998,1.964297706747757
2999,0.2949422850048137
3000,1.5814170345741965
3001,1.67166233283776
3002,1.402475981339276
3003,1.3997082185273322
3004,1.5419129430709422
3005,1.278001303745795
3006,1.9894099059382246
3007,1.6958096795649618
3008,0.9851822242598449
3009,2.0532051438768133
3010,1.053939637989524
3011,1.2082884106555747
3012,1.446281134883134
3013,1.7676548930498315
3014,1.4238675318282303
3015,1.6361151524447135
3016,1.8025096716510929
3017,-0.2894826772548904
3018,1.73886659438477
3019,1.9204431372514272
3020,1.6837245560857699
3021,-0.16337666645101548
3022,0.032799482291742704
3023,1.054530463514518
3024,0.601888386301777
3025,1.3902586800952217
3026,2.0814296143201916
3027,1.1804393314413733
3028,1.7519855413109504
3029,1.0395393244281144
3030,0.6675697326978813
3031,1.8849021881781562
3032,0.4677575769629695
3033,0.4356249817917794
3034,1.751570578849822
3035,0.3242098918146159
3036,1.965252365965616
3037,1.534593867966529
3038,0.9198991168514831
3039,0.66290078777734
3040,1.7341437276094729
3041,1.1225343340676768
3042,0.26726462608728485
3043,1.0082441305360934
3044,1.4736280204242889
3045,0.3763899914202684
3046,1.7324043038439778
3047,1.6812538417302743
3048,1.947993274945937
3049,0.8545180470112352
3050,1.957155561517065
3051,1.1982934151842672
3052,1.0593349540016197
3053,0.026820713326578413
3054,1.1559732036265045
3055,0.6162904361588286
3056,1.7330219099314403
3057,-0.11931920615853722
3058,1.3513179849779433
3059,1.3335105121412123
3060,1.9984243038477545
3061,1.192762736534074
3062,0.7888604922171881
3063,1.0834894735359724
3064,1.6650000639809346
3065,1.5992111276128187
3066,1.2689923556645024
3067,1.3395990416618775
3068,0.6880629509318719
3069,1.0689242232886633
3070,0.782052322479569
3071,1.8291340439054553
3072,-0.02440778618332559
3073,2.075091428783898
3074,1.8578685914359192
3075,1.17003032705919
3076,0.6160687198752367
3077,0.5997621399354227
3078,1.3811009321126546
3079,1.9076486058032447
3080,1.082541940634855
3081,0.8671513391257066
3082,0.767238735994486
3083,0.7392758955262232
3084,0.3534155372740444
3085,1.1444936072516134
3086,1.9679191005888412
3087,0.9434054288431718
3088,1.3541490259645332
3089,1.5612174367994651
3090,0.07146969010307108
3091,1.6981768431906772
3092,1.657435770739569
3093,0.21983140967708353
3094,0.7615164882578002
3095,0.5729130121041645
3096,0.3808394792345534
3097,1.666006077861344
3098,0.27248201413025597
3099,1.9257764749976707
3100,1.7681123652305253
3101,0.2598362833882194
3102,1.0458550576398464
3103,1.4692628367413323
3104,0.543954923268053
3105,0.22796432645094025
3106,0.7074932172845454
3107,1.3087154582895995
3108,0.6045418031944197
3109,0.5584048339937525
3110,0.24768416732474907
3111,1.6052137486507572
3112,0.9195555610926134
3113,0.4227297124701337
3114,0.20545891034796232
3115,0.6308505694766686
3116,0.09839242093829056
3117,0.9868761355162807
3118,0.17509257519229982
3119,1.28658506385253
3120,1.6128490001550253
3121,0.508699462499101
3122,0.9631075279916252
3123,-0.027762702168937836
3124,0.5167070178692579
3125,0.9357544256658872
3126,0.9240113984707033
3127,0.6150715990009713
3128,1.1911173806395192
3129,0.7526754209494454
3130,1.19086387254003
3131,1.2738754724888106
3132,0.14574724872033953
3133,1.2319619135963125
3134,1.1424090748025304
3135,1.690766960029215
3136,1.4973060045370714
3137,0.9583570611100343
3138,0.4405139951757375
3139,1.7944780337898867
3140,0.8732450628547253
3141,0.7037842224136786
3142,0.939189246741589
3143,0.33201794269722706
3144,1.8075981352987354
3145,0.2380515456429469
3146,0.729293685204541
3147,0.33842967359797976
3148,0.7962253143934722
3149,1.3098482658748167
3150,0.9111835721913076
3151,1.6465562293976148
3152,0.77208987572419
3153,0.5625511269986907
3154,1.2572859627447799
3155,1.813567216950872
3156,2.7657312347935754
3157,0.5410389222043687
3158,1.8201473284967862
3159,1.0730326000795827
3160,0.9021522982618742
3161,0.8035435129503647
3162,0.9265174189865591
3163,0.3519302854742364
3164,1.5937076974866684
3165,0.4380823696398499
3166,0.9972930553904557
3167,1.865651643615067
3168,1.2396511489962871
3169,0.5345899459642054
3170,1.6968239893876396
3171,0.9529268048639932
3172,-0.11530852331136546
3173,1.0934970060248097
3174,0.3821037841957444
3175,0.6556756551128419
3176,1.6687315382781793
3177,0.5423080067239162
3178,1.020459123276971
3179,0.32990383455291894
3180,0.2618712096318306
3181,0.3170929995455312
3182,1.9599166429657022
3183,1.656458798921981
3184,0.18718076229336766
3185,0.0984553823664224
3186,1.0254117176161028
3187,1.566361944417176
3188,1.9005126494626838
3189,1.5879791796438945
3190,1.004758678800259
3191,-0.2305191620065168
3192,1.4759853663001483
3193,0.8757119501909876
3194,1.0303734824290611
3195,1.1644124306631245
3196,0.6244383688830846
3197,0.3678674942870669
3198,1.062217285706003
3199,0.027272648287015838
3200,0.6934072209173104
3201,0.18138212646931695
3202,0.6523293312757957
3203,0.566834086001422
3204,0.7315762770341163
3205,1.1502519763886436
3206,1.0695171749988577
3207,1.3720942638662876
3208,1.399048923367127
3209,0.9983722669281893
3210,0.8742784149699917
3211,0.6427226720207337
3212,0.26724656982367506
3213,1.7374871016554576
3214,1.0924978493066315
3215,1.433018628712434
3216,1.1196729668175154
3217,1.2180086883452452
3218,0.7363435506325806
3219,2.159265415484484
3220,1.7220779391005663
3221,1.9584480924480832
3222,0.1288274941574552
3223,1.114391263960259
3224,-0.001138534380392242
3225,1.8245444253817045
3226,0.09750191909119545
3227,1.2205690412361874
3228,1.3172492930657669
3229,1.7020542491111579
3230,1.1732044336369374
3231,1.5260262483188518
3232,1.2798396472759863
3233,1.7374388905481255
3234,0.2531140258204355
3235,0.5600505592434589
3236,1.4360130547326824
3237,2.0461809857018736
3238,0.6192471731851763
3239,0.33436549653022507
3240,0.6926103511187536
3241,1.8654310899456445
3242,0.6548432841737883
3243,1.3141921124306104
3244,0.1721810776955498
3245,2.2980335228792996
3246,1.6808988566327223
3247,0.39521725868838165
3248,-0.04008955163888481
3249,0.7770804566826318
3250,0.9604247250829202
3251,1.5888379644121926
3252,1.5610261745226075
3253,1.5265361464354084
3254,1.7704591657312414
3255,-0.09817325659603113
3256,1.0928556757801056
3257,0.4236882352829553
3258,1.6464437977775146
3259,1.3226710973686782
3260,0.17439599109066137
3261,2.196226438938228
3262,0.8072622561979154
3263,0.25189079186190877
3264,0.02411817473389416
3265,1.0418011268231824
3266,0.016267240441068878
3267,1.7654391309234978
3268,0.8872265404162801
3269,0.322648777066349
3270,1.3574589725089266
3271,0.36282647304447
3272,0.18829008904007932
3273,1.203409750904077
3274,1.2267067322289453
3275,1.0709807317905589
3276,0.9297851829831155
3277,0.06972643715202642
3278,0.4741671262365144
3279,0.946541988682869
3280,0.5587447918335496
3281,0.603445549088252
3282,0.6394723450014463
3283,-0.10380163540831341
3284,1.0938884124264592
3285,1.1139474642961702
3286,1.2867052745122862
3287,-0.0499787049456068
3288,1.067145191627957
3289,2.04707658222081
3290,-0.07357981310771042
3291,0.3976987358527645
3292,-0.0022354590848565614
3293,1.3446916626222618
3294,1.6820157383478591
3295,1.704555294042248
3296,0.19963278532388198
3297,0.3262664122625508
3298,1.8046194241122686
3299,1.5256364642127975
3300,1.48507038906667
3301,1.5762886484282863
3302,-0.1255628068328956
3303,1.284659342471658
3304,0.31737984888224824
3305,0.6262841998103708
3306,0.5936232144694102
3307,-0.03413919217067521
3308,0.30514170057374146
3309,2.2225955013407224
3310,1.1372389704036687
3311,0.3041520752955859
3312,1.7099889798339274
3313,0.9350084277833652
3314,0.05957162582219416
3315,1.8027336481450784
3316,1.6152267946629952
3317,1.600896242749962
3318,0.6086957040845025
3319,1.4273358027127776
3320,1.1840762790875825
3321,1.0183887262170752
3322,0.10850794198761488
3323,0.6447686300306419
3324,1.073978637293386
3325,1.2966244913355607
3326,0.3649696122614856
3327,0.7534899583263017
3328,0.048005482971545436
3329,0.7074887246508312
3330,0.8713470074604743
3331,1.23385862116975
3332,1.9545239479114924
3333,1.9869732108587908
3334,0.17996644794549138
3335,1.1572412245960852
3336,1.4102126455761566
3337,1.7413618016428707
3338,1.4435273385453409
3339,0.2216264241390996
3340,0.7660238818914578
3341,1.6163190586984382
3342,1.351800099970431
3343,0.515355775940633
3344,-0.07346397040769945
3345,1.8156860383597802
3346,0.10744922941165225
3347,0.8819101403054151
3348,0.9295692136548188
3349,0.4100880063221958
3350,-0.12241815898976025
3351,0.5638295221136269
3352,1.8835094614913312
3353,1.1797432031456074
3354,-0.08661329146127617
3355,1.5301211535482606
3356,0.9299283729322454
3357,0.6970910444048585
3358,0.22928615274567857
3359,-0.09016520151163346
3360,-0.010645805125842955
3361,0.12805442261424488
3362,1.3633345213066643
3363,1.1138779716954108
3364,-0.11290666112860401
3365,0.3134946178897378
3366,1.678678147681624
3367,1.316423432817281
3368,2.076873169200573
3369,1.3334272623730246
3370,0.3478868019389647
3371,0.006010704816556106
3372,0.13700081024044863
3373,0.0044360172407927195
3374,2.0767855733282286
3375,1.806259376682472
3376,1.3823488908068073
3377,1.0775781777270934
3378,0.4362634666552727
3379,-0.05408800178108697
3380,-0.19927247853513433
3381,0.9495034326379616
3382,1.8786891345911676
3383,0.5156524565483394
3384,0.3078297467983181
3385,1.3894145417451076
3386,0.2500009439217995
3387,1.1123516917437304
3388,0.16791057183222288
3389,0.0823873644201236
3390,1.8193205831566244
3391,0.34210993439177545
3392,1.3049115945315957
3393,0.8716361438820422
3394,0.1344114337850819
3395,1.6544440159781206
3396,0.28127434788738237
3397,0.46174619124207356
3398,1.923643880123301
3399,1.0866233356431312
3400,1.3050579880914481
3401,1.3105913630802681
3402,0.5772847056178115
3403,0.43228375306592026
3404,0.574012906583333
3405,0.3143444890708498
3406,1.0288241075060722
3407,1.2603569388998257
3408,1.805820293548952
3409,0.549665834912374
3410,1.9907776945128008
3411,1.8938074281906139
3412,0.9334447167633751
3413,1.6035874436333124
3414,1.5456890683304942
3415,1.008831024083562
3416,1.0987457467211865
3417,0.3861998854332882
3418,1.260327957884915
3419,0.7837473896617597
3420,1.807923767100322
3421,0.6899248874299055
3422,1.5598915998739153
3423,-0.055990701044274005
3424,1.4461202641169189
3425,1.5282832850424917
3426,-0.09794173045558491
3427,1.6735432232922083
3428,1.9167039511316621
3429,1.5791931189763926
3430,1.2390275786838025
3431,1.792836819714691
3432,2.1197979234510202
3433,1.2995968563687792
3434,0.4381000785352524
3435,0.458833832898766
3436,1.2332863020721618
3437,0.8445921316804138
3438,1.0552718513150499
3439,1.2327330183697551
3440,0.6106081413917777
3441,0.047373380200576555
3442,-0.1489369223837242
3443,1.2991811354609968
3444,1.8547609691551936
3445,1.5116062348330592
3446,1.389051499473246
3447,0.17573699758170921
3448,0.9720116147859508
3449,1.2704611760179718
3450,0.6122187077323767
3451,-0.01656618440658976
3452,1.5451377243156854
3453,1.9782996110918776
3454,1.929835978180656
3455,0.8377429898904823
3456,0.15375805845828466
3457,0.8027572337459135
3458,2.245649847342862
3459,1.8113840416728082
3460,0.8301962080584405
3461,1.6409297428388006
3462,0.6914468911021521
3463,1.4459598141306809
3464,0.7270455001609751
3465,0.03311282515720344
3466,0.9063366967213868
3467,0.5630877163978428
3468,0.6881174362693535
3469,0.8583826175393033
3470,0.508008098555432
3471,0.2920333155501714
3472,1.8298128391989255
3473,1.0443337810228552
3474,-0.11953228377414887
3475,1.2795082122729489
3476,1.55019014411396
3477,0.4527433795795956
3478,1.744116706034587
3479,0.5262916999423766
3480,0.1878255687303762
3481,-0.12861617351188856
3482,-0.4939125420192356
3483,1.5298497193580045
3484,1.6938205344685282
3485,0.09590508063772832
3486,1.7267780734512341
3487,2.3726115200847113
3488,0.33775930198821225
3489,0.25556054430015546
3490,1.1128932732031065
3491,0.7144739224980343
3492,1.3444286324328996
3493,0.8623700354572831
3494,1.2168863840646387
3495,0.04383480213639618
3496,1.034360004333422
3497,2.060919778887596
3498,-0.15712550738022799
3499,1.9270342081447094
3500,0.686065482847593
3501,1.3488621977040869
3502,2.017137997940985
3503,0.3186640011091204
3504,0.4052082738705608
3505,1.4238016558188764
3506,0.8423377283502371
3507,1.0398464560748952
3508,1.039465057420491
3509,-0.40077627479771866
3510,0.979041100422128
3511,1.088449720833005
3512,1.2602225243622942
3513,1.5977486069195446
3514,2.087029757589553
3515,2.132543754120587
3516,1.14537066539865
3517,0.9200668959408008
3518,0.22797763750321187
3519,0.97815831334556
3520,1.5854080446551395
3521,0.3191751174313054
3522,2.2055162509590396
3523,0.9761995449564517
3524,2.1109909388702532
3525,1.5370467475304685
3526,0.9778257510356069
3527,1.5668304148703966
3528,1.2013349190781857
3529,0.871233153041613
3530,1.9201705144431955
3531,2.2120583770227453
3532,1.3955973675859092
3533,0.601039317465504
3534,1.582045954808227
3535,2.7238560122252125
3536,0.1471921465607704
3537,0.44905448824942057
3538,0.5062805586825326
3539,0.9204430555894516
3540,0.4953854017162596
3541,1.8559504747629043
3542,1.8414610871832244
3543,0.37451222127063327
3544,1.2399012778860627
3545,0.6389000900626656
3546,0.659455571189362
3547,1.3010852424143415
3548,1.0206873893246398
3549,0.6343156916063946
3550,1.6832857283959817
3551,1.566794618592985
3552,0.15064946561822667
3553,1.1663366262701098
3554,1.168912499537537
3555,0.5952550078360008
3556,1.7916921325804398
3557,1.4274471839529814
3558,0.2865441316987481
3559,0.6486231271006195
3560,1.6668133673044276
3561,0.021275950085068634
3562,1.3917924834955449
3563,1.3026658400760673
3564,0.7001173634986133
3565,1.2408811387011525
3566,0.574768173874243
3567,2.20542293471573
3568,1.284038324318858
3569,2.1040676841912176
3570,2.3755740578825657
3571,0.7379437120682935
3572,1.6527697639880148
3573,0.22093051182536705
3574,0.52067670535512
3575,1.9161265376327759
3576,1.7872302817792323
3577,1.4309029302815144
3578,0.7067034035949715
3579,0.31288008611249507
3580,0.11793851008728545
3581,0.10846258605556272
3582,-0.12283983263051146
3583,0.06265511219535248
3584,0.40880665093555857
3585,1.8120683199527785
3586,0.9847950069299769
3587,0.8097063789099049
3588,0.6854454785335903
3589,1.4418813546653029
3590,1.516027322562853
3591,0.25057081253113717
3592,1.7506278150362131
3593,0.3432062076010517
3594,0.8945901551924378
3595,1.7437807093062139
3596,1.6333070339687414
3597,1.096256062634596
3598,0.9083042745526739
3599,0.07924872447329193
3600,0.7542509135965919
3601,0.29909071126318343
3602,0.7349525970894348
3603,0.9950792281475634
3604,1.8716881249653337
3605,1.7816080418206335
3606,2.0420490974867076
3607,2.0039959022060954
3608,0.33468959407621174
3609,0.4793538008103085
3610,1.0579060452320264
3611,1.2534300608501838
3612,1.0022795315761903
3613,1.0448443394650067
3614,1.472711080450861
3615,1.0836661294700398
3616,0.22114632297141137
3617,0.7349517696418693
3618,1.8151012371833029
3619,1.038665592693891
3620,0.1545531492769967
3621,0.8957101583601069
3622,0.07912121791531632
3623,1.6989567788667803
3624,1.0733777957695567
3625,0.3239231158541671
3626,1.2448052407063508
3627,1.1088048718382641
3628,0.6569369616118925
3629,-0.04203357667311891
3630,0.2521176990456036
3631,-0.30719977685037675
3632,0.7179705880125647
3633,1.1902415092190455
3634,1.6249165700767787
3635,0.8296695994203529
3636,1.0810258288226395
3637,1.5499695638524889
3638,0.7343017914471915
3639,2.2103312754157116
3640,1.2090603063240315
3641,1.2740682363022728
3642,0.4909310868042741
3643,0.8759043509886119
3644,1.8547017643362036
3645,1.8433188636956992
3646,1.5579066391320517
3647,1.7678451430438336
3648,1.2057773899669524
3649,-0.07609251877420778
3650,0.264105284493774
3651,0.9436235682407924
3652,0.7996759418282937
3653,1.6447537811734088
3654,1.2628687814435244
3655,0.2600330571558779
3656,1.9614676362371493
3657,0.8828919821121372
3658,1.933593335085153
3659,0.2375822577686381
3660,0.21945215992348016
3661,-0.08350153180721337
3662,1.89639289683871
3663,1.2996961345314826
3664,1.5724524493037717
3665,2.090193319658478
3666,0.7112480007863959
3667,0.32961583421979923
3668,0.5481474082004673
3669,0.7260125880834246
3670,0.3563073652147664
3671,0.06495074998972736
3672,1.1002448920180465
3673,1.9245379088535044
3674,0.9357073203620694
3675,2.1593585555642663
3676,1.0153840638164144
3677,0.390848581365441
3678,1.0525616732867065
3679,1.1523786211060603
3680,2.009670896451208
3681,1.3286314553641978
3682,0.33424410822867906
3683,1.460438700744493
3684,1.4800045214807334
3685,1.5615857897099221
3686,0.9577777481683587
3687,0.986021024418061
3688,1.0450159480530958
3689,-0.05419866876485936
3690,0.13232771395002932
3691,1.6894454188431847
3692,1.0617369304439883
3693,2.104666572974544
3694,1.3222884189603796
3695,-0.08532001477140161
3696,1.59064523704259
3697,1.1072468035229257
3698,1.4409319201135071
3699,0.574731473033508
3700,2.084102453093983
3701,0.025868866927743518
3702,0.8569697071997902
3703,0.28486656348681105
3704,0.1923348046176717
3705,0.5207157187430029
3706,1.1511753095005703
3707,1.334599230463235
3708,1.235721092242407
3709,1.501084437063202
3710,1.91565118297803
3711,1.2523190397379873
3712,1.4520971217887435
3713,0.05126421744168896
3714,1.4970154437487526
3715,1.4952569972503467
3716,1.4020866214349992
3717,2.2306040562870195
3718,1.4700469057799475
3719,1.8040585482857288
3720,0.70088955264468
3721,1.3685986836653636
3722,1.6213681577147705
3723,0.7128080698404121
3724,-0.02999460402354942
3725,1.7975705997302769
3726,0.533278188546336
3727,0.8760848813291747
3728,0.5230966522746429
3729,0.49304405461898165
3730,1.710250290396704
3731,0.26880661125657296
3732,0.09627128081667928
3733,1.1483102763668953
3734,1.4110571646327332
3735,-0.05150786732493201
3736,0.4643563456908964
3737,1.0049518751263289
3738,0.026246430075571925
3739,1.6292845627245953
3740,0.8946673727425531
3741,1.2201856347731213
3742,1.507111280430274
3743,0.4251010335318033
3744,0.8719334480244749
3745,0.8120549935515853
3746,1.679503471570708
3747,0.3092514536915822
3748,0.6943704626525868
3749,1.3235342405938302
3750,1.1327840733924248
3751,1.5952315780849031
3752,0.46947331431731976
3753,1.3584127185787613
3754,0.08197582558554128
3755,0.7311524738792953
3756,0.05416955849831696
3757,0.2609208274337838
3758,1.5276941467313876
3759,0.4315775277190457
3760,-0.05335976499486417
3761,0.8898879918992149
3762,1.1787704088772395
3763,1.1088150681360658
3764,0.7125193234518457
3765,0.8802266953869655
3766,1.0569891575259371
3767,1.9109286105318712
3768,0.0155605061090716
3769,0.5740347266792031
3770,0.1487860396151012
3771,0.865983704630368
3772,0.8156820700112423
3773,0.28343384592186927
3774,1.0166439716486888
3775,1.071457292435013
3776,-0.21815483554707304
3777,1.3177229303335247
3778,1.0275813063895802
3779,-0.21849786000084354
3780,0.4032317454504346
3781,-0.5924974661201279
3782,1.748440050951714
3783,1.2930606008188084
3784,0.8959077087101063
3785,1.1300919471624182
3786,1.8134775244987007
3787,0.8081711890571212
3788,0.9434125095863976
3789,1.4722895409638717
3790,0.6836725893372996
3791,0.3124897034172976
3792,1.2423307188990789
3793,0.33614604414408866
3794,0.9368616906202883
3795,1.4328400404144082
3796,0.8113678834811637
3797,1.2305857184888391
3798,1.5322903729471555
3799,1.308552193157115
3800,0.6179888371872996
3801,0.35964026110197767
3802,0.31091934906232255
3803,1.5197370296753796
3804,0.2515713977726129
3805,1.0827777669327925
3806,1.3288228535564484
3807,1.3339881019389122
3808,-0.04970324547299024
3809,1.3206332366034756
3810,1.6401075670439376
3811,0.8260980048099562
3812,0.9400575014121211
3813,1.5095136124481443
3814,0.9409887044477383
3815,0.445984477459085
3816,1.0411956180065807
3817,1.566038684128307
3818,0.9207966358099425
3819,0.6733590397313965
3820,0.06642965045335791
3821,2.2300195450532265
3822,1.0581389905793899
3823,1.2264171867884466
3824,0.12293593648417543
3825,0.8814819883593693
3826,0.4160340966626004
3827,1.803294701446198
3828,0.9979793483689431
3829,0.3982280485133787
3830,1.43339124277066
3831,2.4944276683982656
3832,0.7955189954086475
3833,1.4633475575061434
3834,1.1165280805478053
3835,0.9447931636139071
3836,1.1439407623213333
3837,2.0036191177646154
3838,0.9167262494191812
3839,1.8768253704120863
3840,1.0311104168929581
3841,1.5830482943294226
3842,0.543181662408729
3843,1.2079048875652996
3844,0.8928860640484094
3845,1.2511736223345242
3846,0.9715418674714376
3847,1.7901409793708178
3848,1.9680306675355443
3849,0.7407850433061012
3850,1.2621789031181
3851,1.6021231776647902
3852,0.7338848916511451
3853,0.9998961722837963
3854,1.4552388610374707
3855,1.3104148513332479
3856,1.656630134121129
3857,0.5738304585416483
3858,1.2194126120908617
3859,1.841884115777704
3860,1.552427038345519
3861,-0.09556536586603592
3862,0.580672362784772
3863,0.197839730100156
3864,1.4757510295912757
3865,0.23476381930172058
3866,0.9871692089626769
3867,1.3557448497254576
3868,1.9717152026176539
3869,0.06781541046580936
3870,0.5506140360571042
3871,0.24989441186854455
3872,0.3817756660567081
3873,-0.20808750819302632
3874,-0.1212871192966872
3875,1.6675909096114214
3876,0.8458793241479484
3877,0.15014008720826616
3878,1.0567053022353252
3879,0.22265694649574122
3880,1.3783879305988536
3881,0.25682257872441816
3882,1.2894061895277809
3883,1.2571835379338614
3884,1.2539732361178466
3885,1.4791534819912049
3886,0.7243911281904712
3887,0.9989918828480393
3888,0.7526135491405161
3889,1.821273074167152
3890,1.3958445740692542
3891,-0.2562465957367895
3892,1.4734315715774762
3893,0.7958534460190813
3894,0.3181866598008167
3895,-0.00609278524630856
3896,1.0993391716557632
3897,0.33131919520716185
3898,0.3301712682445196
3899,1.421964597451432
3900,0.0874245606093279
3901,0.5434318396086716
3902,1.603468217230707
3903,-0.07328737096881577
3904,1.8939711283711897
3905,1.0543424612048746
3906,1.8785484422222591
3907,1.920223544633864
3908,1.987379806473235
3909,1.3904557823490096
3910,0.35384711161040977
3911,1.6332331422831499
3912,1.82749924291759
3913,1.2946464752687625
3914,0.8236676548205221
3915,1.8577243754067094
3916,1.0901969054010017
3917,0.9098463327445343
3918,1.460300748406273
3919,0.18179306928920363
3920,0.9649945741248764
3921,-0.23624298633920962
3922,0.31273950736326306
3923,1.2132978561557297
3924,0.45152087497290383
3925,0.29095595800350665
3926,-0.34174695041774966
3927,2.0073561717108426
3928,0.45186075465393816
3929,0.7746650062689491
3930,0.584105608812964
3931,1.6745613992163157
3932,1.0237039825113212
3933,1.80586038368168
3934,0.552983417388928
3935,1.6409898569930395
3936,0.5320188013448316
3937,0.7917713621901732
3938,0.815281944983708
3939,1.5021065619478942
3940,1.6686190594427313
3941,1.4226043669707258
3942,0.7354596102413485
3943,0.9172014478077437
3944,1.1399426039102931
3945,1.496547276927473
3946,1.0204570123631544
3947,0.1744356740659056
3948,1.0859447851678348
3949,0.11855497643169696
3950,1.18385700787846
3951,-0.07291125280242264
3952,0.18678985273888546
3953,1.1335963642676214
3954,2.0709356606362412
3955,0.3936349346725111
3956,0.3000630819337435
3957,1.5031070331619847
3958,0.10853271440816936
3959,-0.16908378063275775
3960,0.8090073339039637
3961,0.7227059701362929
3962,1.3281456023474114
3963,0.045036116976072085
3964,0.9393690490453954
3965,0.5888153748722647
3966,0.9342385607324688
3967,1.609605243744936
3968,0.6472794658212724
3969,2.238588750639616
3970,2.3503796841076223
3971,1.9947355663420225
3972,1.472510447506987
3973,0.5371430072226614
3974,2.040710548475595
3975,0.5994646901507032
3976,1.053465468573155
3977,1.2284412958275666
3978,1.9651016183534293
3979,1.3318771222394448
3980,0.9295041353961944
3981,1.0576817292646998
3982,1.8192493083260541
3983,1.003920387191222
3984,0.3394990460211357
3985,1.919399494981805
3986,0.2883476776471713
3987,-0.059046988686885626
3988,1.5339053965191707
3989,0.5118390379443766
3990,1.3144561991770838
3991,0.9586557003506047
3992,1.2200323476333392
3993,0.9344192096214056
3994,-0.032497583126320784
3995,1.3960932367076275
3996,0.9833473757800029
3997,-0.02742544074137568
3998,0.8208981000687144
3999,0.25692979178299014
4000,-0.07710485352399249
4001,0.08128669852511439
4002,0.3360804439646973
4003,1.6129737724229265
4004,0.6937926872612415
4005,1.2773449737994547
4006,1.9012457087858858
4007,1.3675384533535262
4008,1.0330416574992478
4009,1.6277014698677714
4010,0.15375478494969058
4011,0.7013641522210197
4012,0.9362030676938352
4013,0.06297903645083416
4014,1.4306827224511391
4015,1.0696138941009734
4016,-0.15554507706434767
4017,1.6638638558053036
4018,1.0027369139072113
4019,0.40593282181499274
4020,1.8139676206990252
4021,1.0642569076196506
4022,1.4621642338480336
4023,1.8517043793113084
4024,0.07701853383779247
4025,1.7738659330674518
4026,0.951644442332519
4027,0.31673328962838876
4028,1.729347824097586
4029,0.5471667155954684
4030,0.39043924622995263
4031,0.244812009833845
4032,0.5043650372035916
4033,-0.021186324403502002
4034,-0.007307166051759545
4035,1.4858582091252002
4036,0.42502204360265516
4037,1.3156969942742907
4038,1.3234119553837718
4039,1.6778264103212193
4040,-0.14524770860213998
4041,2.0074648579032472
4042,0.2907738540652812
4043,1.8548306008606337
4044,0.01067258317956879
4045,2.288565472336628
4046,0.6013169740242799
4047,-0.01346570410467321
4048,0.306082935199205
4049,0.5757803120651573
4050,1.6385091041517659
4051,0.14002484827771586
4052,0.22503469750347857
4053,1.6663438367323082
4054,1.1184888468312377
4055,1.594887380122055
4056,0.06022377318025113
4057,1.6850278666773164
4058,1.4627269338051034
4059,0.2129092502383467
4060,0.5180919358721582
4061,0.6981501045935853
4062,1.301623337182174
4063,0.6321006294820837
4064,1.4543496060486494
4065,1.3647112905091534
4066,0.2320667917095538
4067,1.2031465578314866
4068,-0.222649072149778
4069,-0.027003754504894645
4070,0.6212818760304255
4071,0.9583124377484327
4072,0.12394694070397465
4073,0.3837521224409658
4074,0.271680505821904
4075,0.4150278047790166
4076,0.9944261549364803
4077,0.9072590621870225
4078,1.0090101033594814
4079,0.7347701097822441
4080,1.1778960735022075
4081,1.5338966016221989
4082,-0.06856750147769616
4083,0.3650641897210789
4084,0.17418235635112583
4085,1.704892057280317
4086,1.190327082454374
4087,0.4595915411552318
4088,0.40890798229285197
4089,1.1078296987351475
4090,0.09983195450433768
4091,1.42721059714222
4092,-0.00034067973858128986
4093,1.6074571186499074
4094,0.6191645888571344
4095,0.37469867205120316
4096,-0.13576501990751683
4097,1.8327644645209678
4098,0.6970076055228625
4099,1.2132717841726763
4100,1.2643787047667818
4101,0.18258933929533153
4102,1.0413362352935993
4103,0.017063306199372963
4104,0.7497314210410049
4105,1.4862821094583496
4106,0.9901136012468668
4107,0.8381270336046908
4108,1.0106089372602947
4109,0.23718892602652267
4110,1.5295421213588956
4111,1.0249205803209132
4112,0.5308950606313774
4113,0.8752460088513512
4114,2.1897867090597605
4115,1.8707382560350319
4116,0.30966494553330315
4117,1.1562534094394228
4118,0.6104740473611492
4119,0.20634557869136336
4120,1.13130880570869
4121,1.1891939336707402
4122,1.1868850643426578
4123,-0.1199342961629509
4124,0.02847519409066923
4125,0.4468560507302974
4126,0.5744667972755114
4127,0.3278665682147495
4128,0.4839223100165596
4129,1.0076652446408851
4130,2.1307831313866314
4131,0.08979460913855081
4132,0.6421583491687486
4133,0.052870354703565686
4134,0.0276349964192536
4135,0.26517544090697054
4136,0.8850069031237344
4137,1.2052826813784416
4138,0.9969037412680601
4139,0.33059985636665634
4140,-0.03567419290948641
4141,1.5029136704765411
4142,0.4144233818409061
4143,0.21667698011952874
4144,0.8973413117214399
4145,-0.16555366783306505
4146,0.3386490862810513
4147,1.064453235020395
4148,2.1184020107834303
4149,0.2540549424975881
4150,0.6187076318080654
4151,1.1760573236387752
4152,0.6504150684020399
4153,0.16284190427751655
4154,0.009277652496342235
4155,0.4264395749568229
4156,2.0292159266400653
4157,0.9948871914810369
4158,1.2846768019972894
4159,0.3490578221609713
4160,1.687710026637284
4161,2.1057055107074905
4162,1.0371850832661194
4163,1.2934455708778398
4164,1.6634962669779014
4165,-0.08655199395782825
4166,1.3604195273405315
4167,1.9273339961487759
4168,1.5799548137017556
4169,1.7705743354043206
4170,0.7735586447789099
4171,1.4871759904280788
4172,0.9975543706229043
4173,1.657999628202668
4174,1.2096441315602853
4175,0.3606887584676846
4176,0.06047678031142256
4177,0.20279773779067234
4178,1.2620878558625521
4179,1.8526056184746649
4180,1.9254443634012235
4181,1.3629413384709113
4182,-0.10131173452167186
4183,2.038699684691428
4184,1.5676774013582413
4185,0.8292451598964327
4186,1.0241601747224274
4187,0.24569147188581786
4188,0.0005078442974784797
4189,2.006974236952703
4190,0.714051388178546
4191,1.0864771543798935
4192,1.5856986893720066
4193,1.896569993557388
4194,1.8335538336586916
4195,0.7453744184002589
4196,0.5749328022487749
4197,0.14657641506116997
4198,-0.15621443023737927
4199,1.2899439166469895
4200,1.6304125178881654
4201,0.3552070704057909
4202,-0.2641891557187335
4203,1.3153830086424976
4204,-0.14964756023202497
4205,1.1693810456814042
4206,1.6027920328725012
4207,1.0179735583894596
4208,1.108986456597491
4209,0.8408881164270466
4210,0.9314767945349971
4211,1.1657679477548222
4212,0.932819108005248
4213,1.3681200186198479
4214,-0.08468206640802287
4215,1.0083004221331218
4216,0.19069710667012313
4217,0.3883037948782638
4218,1.3080905214802434
4219,-0.023501776941042163
4220,1.047144605122786
4221,0.006268600482652167
4222,0.8734612686688004
4223,1.4229484483485073
4224,0.37866958472821033
4225,0.502075735267496
4226,0.1697498994102745
4227,1.7154172472645346
4228,1.5372622302008792
4229,0.8982663090267178
4230,0.18523698057016608
4231,1.1665124323879583
4232,0.11809320357383393
4233,0.6312979976575365
4234,1.0080179163106298
4235,0.029000675226599437
4236,1.9787649133996614
4237,1.7861787949292158
4238,1.0066813622552933
4239,0.5595870973393671
4240,1.8135362341675674
4241,0.20357021706484402
4242,0.16036174510737522
4243,1.7083494355009308
4244,0.2557676277511334
4245,0.533877436538635
4246,0.2695071284730096
4247,0.9883718598241632
4248,0.6738314514998769
4249,1.152867370512778
4250,0.8792939596035562
4251,1.6372312662396926
4252,1.5503224413709011
4253,0.09733383328584082
4254,2.32219060101125
4255,1.440198289250649
4256,0.9077891875631358
4257,0.9044240493830404
4258,1.2658488262449012
4259,0.0241909640364528
4260,-1.0452372712655813
4261,0.21573191925790527
4262,1.186093486317154
4263,0.5308044843480161
4264,-0.01950231355105328
4265,0.9644876906664615
4266,-0.32890956139548994
4267,0.052661480489351764
4268,0.6357581846673116
4269,0.400239551665864
4270,0.5151090026247385
4271,1.486306112899431
4272,2.543392085318355
4273,1.2845253970055104
4274,1.5485914928326108
4275,1.5643269186799047
4276,1.0967508876767815
4277,1.84573078526498
4278,1.4862250188850132
4279,0.18266453075689737
4280,0.9943099398192367
4281,0.6223612564576866
4282,1.6212573574543563
4283,0.7312748533154891
4284,0.5371249774408762
4285,2.1492048829545713
4286,2.1196139163225682
4287,0.5162398627487829
4288,0.8033282478667051
4289,0.8375290905900272
4290,0.4789900312990833
4291,0.31398616776457067
4292,1.2224393547388437
4293,0.7727064402721129
4294,-0.041398706527092
4295,0.5083003099206523
4296,1.1692683230757568
4297,0.7499666620338286
4298,1.8341055441657677
4299,1.1767329309687486
4300,-0.026237597707396476
4301,2.1803569080700234
4302,0.6201197136617441
4303,1.5448298978206672
4304,0.7142737630138547
4305,1.029016047449036
4306,1.4034887892357801
4307,1.2332266226077153
4308,2.4331373445235824
4309,0.42350227810888813
4310,2.0586465723627456
4311,0.895904795998514
4312,1.25697894998958
4313,1.3132888380251733
4314,2.004394522653535
4315,0.8211871647766467
4316,1.0208296295763617
4317,0.7619643195823683
4318,1.216486112014298
4319,1.1475234528971119
4320,0.6427350293531666
4321,0.21900348091449415
4322,0.07958946291481568
4323,1.909920607440929
4324,1.3137253620979505
4325,0.45205744566456807
4326,0.3506031028622685
4327,0.8678597320703066
4328,0.8621334395784674
4329,1.1921978859114584
4330,1.0006338257352099
4331,0.6140465670671633
4332,1.0179554738190677
4333,0.5052660015117069
4334,0.4321148237259859
4335,0.2778110902736095
4336,0.6078847505296668
4337,0.7665002829486397
4338,0.8655582180176342
4339,1.3701873957257467
4340,0.6742908502837055
4341,-0.12079861528585434
4342,0.05231488207448923
4343,-0.11114194820235232
4344,0.5231123721346638
4345,-0.1289297462774853
4346,1.9256391434260525
4347,0.5427904863033878
4348,0.8141397167609739
4349,0.7583521913257837
4350,0.5942525819324532
4351,1.3575703027649504
4352,1.6949645008053122
4353,0.9107994048195924
4354,0.45827990779171274
4355,2.1823183797570977
4356,0.2842547619664686
4357,1.410076742925711
4358,1.7980883509657395
4359,0.9101026504450417
4360,1.989220471339426
4361,0.7041032496434093
4362,1.8042985004635828
4363,0.6373354623062195
4364,0.7246713058543065
4365,0.8869480592638291
4366,0.8796429275452426
4367,-0.5211026823357356
4368,0.24215572170814473
4369,1.4788291507023497
4370,0.29672068450399436
4371,1.6357848419731373
4372,0.7622816120012655
4373,1.4713613305536393
4374,0.8839517412957287
4375,1.065379514997242
4376,1.7357581214591984
4377,1.1583509731755135
4378,2.0545547992002158
4379,-0.10241289009291171
4380,0.8711857028874019
4381,1.670144525196759
4382,0.9999534727114103
4383,1.0329890872655207
4384,0.5738861218669165
4385,1.7824618210698633
4386,2.1778633491340367
4387,1.3504364895844314
4388,0.526658421708389
4389,1.6444099000937873
4390,1.2754952671035176
4391,1.0467629717900202
4392,-0.002166521342039679
4393,1.8686336101967576
4394,1.0432294579648103
4395,0.9359095243695914
4396,1.9603868498148935
4397,0.4113301321978359
4398,0.6896878401465208
4399,1.1709816074820738
4400,0.15615577268472136
4401,0.7399570505383656
4402,2.068211006304024
4403,1.0263309142773045
4404,0.0038839210504247185
4405,0.39521419424951987
4406,1.9054908084957694
4407,0.8583104130081383
4408,2.0187234741110576
4409,0.24505158911224953
4410,0.27084079993525895
4411,1.097976559463394
4412,2.571095765898466
4413,0.9417254429240044
4414,-0.007949361872563038
4415,1.7197454565816541
4416,1.0494052952886288
4417,2.0528730249011016
4418,1.294950069872157
4419,0.8740363586291725
4420,1.6256762395597721
4421,1.7286197984191851
4422,0.7381929557158227
4423,0.9652910415907633
4424,1.1494612454955495
4425,0.30446657315587344
4426,0.5029286776953998
4427,-0.2566250893152327
4428,0.27821321969787033
4429,1.2550076745424914
4430,1.1807618422207617
4431,0.4758902914410016
4432,2.1645719283775193
4433,0.0913231483814487
4434,0.6603320603602854
4435,1.380126308524857
4436,0.8081030385460918
4437,1.5460742795708338
4438,0.9300197563280547
4439,1.2762013054501866
4440,0.19471184310586526
4441,1.1047233536001173
4442,-0.052849867136902734
4443,1.7877129021881577
4444,1.9615801387992595
4445,0.1780376824766897
4446,0.37427808280229385
4447,1.1919730998908546
4448,0.038371657110598006
4449,-0.08290808990056506
4450,1.093303927002504
4451,0.46026765690075133
4452,1.1261883915738438
4453,1.2177817426784876
4454,0.7689650644670747
4455,0.1439812658956457
4456,0.3816040640148356
4457,1.992144279937301
4458,0.9985398039259431
4459,1.88482075108747
4460,0.1775163752878941
4461,-0.4489450509568167
4462,0.7887948869943359
4463,1.1550450791889313
4464,0.43666668439720346
4465,0.4976587133982411
4466,0.35779271400231827
4467,1.444129427270481
4468,1.3747875296146064
4469,2.466972102719701
4470,1.7395493636374946
4471,0.6330873361327121
4472,0.9886893828648532
4473,0.2937904168507932
4474,0.5613111687317216
4475,1.3232425755396646
4476,0.13950193213740417
4477,1.2712171686861395
4478,1.105401019715733
4479,0.6280398218915566
4480,1.425434917134407
4481,0.3114130384602399
4482,2.0560568292748553
4483,1.0454329534274316
4484,0.4575242903853365
4485,1.8592611629129763
4486,0.2819899075653425
4487,1.2436564244817165
4488,0.9615161034087611
4489,1.4440556579785073
4490,0.996379375026633
4491,0.7467384822428843
4492,-0.18131713530981217
4493,0.8730975839854982
4494,1.0317872870692433
4495,0.3038243354284437
4496,2.030014843548547
4497,-0.09757963359800281
4498,1.5946730543458902
4499,3.093019335614696
4500,0.2056031665438145
4501,1.1014926302683363
4502,0.8400492143254344
4503,1.3972357697314535
4504,2.1816072662957042
4505,0.25600636791992615
4506,0.41786745554542476
4507,0.712873665253503
4508,-0.021347909699286127
4509,0.9000999819329623
4510,1.273888778810153
4511,0.5648409611139927
4512,1.3767251797077273
4513,1.23929713586322
4514,0.42578792052994546
4515,0.15959220114206465
4516,1.0336583159067896
4517,0.8025175876258961
4518,0.4292067495044541
4519,1.0957788930951011
4520,0.9305543508975823
4521,3.374851817342546
4522,0.8920964870054535
4523,0.7551036238527109
4524,-0.07303357758761791
4525,0.1051021455984568
4526,1.1915151100829287
4527,0.44213443279758713
4528,3.1428630624693343
4529,0.6699991793798834
4530,1.4974737307359007
4531,0.320837643954764
4532,0.17256748835953417
4533,0.807037492344252
4534,0.3034365438546022
4535,1.637276390269155
4536,1.3788990608173126
4537,1.157029487529079
4538,0.9788104867029145
4539,0.27890831992954856
4540,0.14991688737974593
4541,1.1555670089752836
4542,1.3562150669082267
4543,2.5220468432760423
4544,1.8874014139205266
4545,0.062406344401659444
4546,0.658280653605378
4547,1.1833842650598716
4548,-0.18355237655897833
4549,-0.1944552217479529
4550,0.9392002793191603
4551,0.033032787751125114
4552,0.5014575797521075
4553,1.234475548841213
4554,1.4707320720097958
4555,1.3492623190046205
4556,0.6689577134518641
4557,0.6103650681164696
4558,1.8373650006372921
4559,0.3507059081499386
4560,0.9764856683569989
4561,1.1040608174993016
4562,0.2716660155298759
4563,0.9152428867197373
4564,0.5783695822810224
4565,1.147527974839201
4566,1.086480413141436
4567,1.6213297446905126
4568,3.044893385028986
4569,1.177651111397033
4570,0.39548314909816773
4571,0.14006415002643008
4572,0.3055304163945397
4573,0.8365953136593726
4574,0.6892458652107005
4575,1.4182352415449841
4576,0.8915499981810353
4577,0.12022437056412996
4578,0.7794486787726249
4579,-0.23443089965753988
4580,1.661177788098685
4581,1.1095358334669432
4582,1.1158865544716343
4583,0.999501863196434
4584,1.0557241721247252
4585,0.8168663961206185
4586,1.6367073621351815
4587,0.8810588021054283
4588,1.0067214362218966
4589,0.5892271800759705
4590,0.07963621865053369
4591,0.47336661886795806
4592,0.7124834393358019
4593,0.3562426918948759
4594,1.043004805051012
4595,0.642191256013658
4596,1.4660016261734188
4597,1.2032814228595443
4598,1.229932992019891
4599,0.6231956076529304
4600,0.9036979058940204
4601,0.3345097002686377
4602,1.2839386369672303
4603,0.9368641846328679
4604,0.6511908281850973
4605,0.20131380081651368
4606,1.3125389809776267
4607,0.7481888149605336
4608,0.6865321838145282
4609,0.7618578186551682
4610,1.5384734763386123
4611,1.7670241271634153
4612,0.6761982954363728
4613,0.0035676494244455126
4614,0.44445526980989475
4615,1.098150812391635
4616,0.5315639207164339
4617,1.7580727631029798
4618,1.3368695549251601
4619,1.245343730727193
4620,0.9873821427824891
4621,0.14044399467411495
4622,1.787311864819037
4623,0.7131343186595646
4624,1.5035411661327942
4625,0.6842526842560812
4626,0.3398209603146802
4627,-0.06352975618042778
4628,1.7650834490553202
4629,1.40332916489182
4630,1.8740072480650896
4631,1.5937474577477082
4632,0.6569683452519206
4633,0.34744548530599395
4634,1.1934106183344484
4635,0.684451441453235
4636,0.08765597031772113
4637,2.1143376100233984
4638,1.76258606921103
4639,1.4812918215760582
4640,2.249839621310399
4641,0.9500970880986109
4642,1.6180993273917441
4643,0.3456298222102896
4644,1.5953653068585214
4645,0.2715660525041519
4646,0.524333886943871
4647,1.5407798795160526
4648,1.7178348884091232
4649,0.9978385162700835
4650,0.8895312410256851
4651,1.6795979519526418
4652,1.1182086671016616
4653,1.7106275135704672
4654,1.0711828327461559
4655,0.2085033778496524
4656,2.0493559879578243
4657,1.372912424327025
4658,1.6158170144408346
4659,0.4852587192354646
4660,1.6035817098199618
4661,0.7709101147997344
4662,-0.04384739120890063
4663,1.3552446906052036
4664,0.0767591982161616
4665,0.7980710903796508
4666,1.9142339111672584
4667,1.7008225546727433
4668,1.5407176749697897
4669,1.5892686391659618
4670,1.5392203739105714
4671,0.7678832462688265
4672,2.4779325821176905
4673,1.667251724000211
4674,2.0849207819225404
4675,0.07235740229920679
4676,0.37154160041494955
4677,1.6842715294793602
4678,0.3672466829006974
4679,1.7299255263317967
4680,1.7985459872238665
4681,0.7593828982802767
4682,1.1480119706439218
4683,0.21366223578069882
4684,1.7297912961393438
4685,1.827003009839276
4686,1.636687961138807
4687,0.14720171933833665
4688,-0.07517501085759384
4689,1.1590565921361569
4690,1.5824521179543023
4691,0.4703090640207736
4692,0.7167689306451247
4693,0.5922873572346014
4694,0.44999472623510084
4695,1.8026474961981203
4696,1.3090383452439465
4697,1.9068451317021877
4698,1.8894806236212578
4699,1.8106058201628084
4700,1.3365084583235145
4701,1.1338651380496203
4702,-0.02432540869583369
4703,0.7328569313639364
4704,1.1699036762108412
4705,1.4642411481424946
4706,0.6684609421276042
4707,0.4264779427017865
4708,1.2390418512169294
4709,-0.13244527329292585
4710,1.1129654267313625
4711,0.10919172020576433
4712,0.8867665476296283
4713,1.1461437577411318
4714,2.678996987333682
4715,0.6301394390550548
4716,2.030801124978191
4717,2.1480442384298817
4718,1.6666163704260009
4719,1.1457378126254376
4720,0.2556429803631006
4721,1.0773806656199458
4722,1.3694152942319975
4723,0.9204890401217938
4724,1.978536573287431
4725,0.7734410800639039
4726,1.193649487310157
4727,0.22194196624719248
4728,0.8729655813382629
4729,0.4311986386831332
4730,1.6636290113397025
4731,-0.06946248618417145
4732,1.6726195196788218
4733,1.9254171693507216
4734,1.6687728882839956
4735,-0.13571276148191952
4736,2.4825782130314367
4737,1.8185476438052417
4738,1.6101338078990641
4739,0.7695260631580844
4740,0.5808950594861644
4741,1.0545411868884986
4742,0.2934496125161603
4743,0.3212563334377472
4744,1.1284985556059504
4745,1.4246004565302983
4746,1.1094016253503256
4747,0.18813524018694883
4748,0.7216440751665794
4749,0.8444914871485668
4750,1.0738856871310543
4751,1.8718038344457621
4752,-0.05442100315822082
4753,-0.11243861070293693
4754,0.7466750316112342
4755,0.08545251475823937
4756,0.7013105416494381
4757,1.4697399653502645
4758,1.0095801682089256
4759,0.9956721320250685
4760,1.9434003577008945
4761,1.040983152224928
4762,0.8144989391883847
4763,-0.2735820685054977
4764,-0.4285112883347014
4765,0.8649788502534226
4766,1.7942571918734844
4767,2.117592126761148
4768,0.09928312700797376
4769,1.1831428885301687
4770,-0.014581509420702798
4771,1.7389926998600513
4772,2.0865566602187506
4773,1.4613263528857439
4774,1.5933106756065276
4775,0.7382942900339299
4776,1.2280573536566048
4777,1.206410744874822
4778,0.6995567903298496
4779,0.8824097682689487
4780,2.034879697703409
4781,0.012088306092721018
4782,0.6506471658136823
4783,2.015150652157294
4784,0.4788395232682172
4785,1.4110791224584271
4786,0.19311694413431432
4787,2.316348200264478
4788,0.8522837043372546
4789,1.3708699152046973
4790,0.650004248360808
4791,1.5226700544795684
4792,0.2848295748988586
4793,1.8210682720579805
4794,0.6218106652218415
4795,1.2376856298501142
4796,1.5547795763871854
4797,2.1294176257329047
4798,-0.606408687535184
4799,0.6485530423969477
4800,2.1410584729645734
4801,1.2418462674563449
4802,2.464953756262442
4803,0.5570012083657323
4804,1.3896315419963021
4805,0.6099700080939929
4806,0.3553327681717601
4807,1.2913416044576256
4808,0.7141863174641805
4809,-0.07962361622400946
4810,0.41830830746635944
4811,1.0395483595805524
4812,1.5960548361040794
4813,1.0291728945971552
4814,1.331999657981315
4815,1.17262820810933
4816,0.1616253473520789
4817,1.7227380489560693
4818,0.48988067075597197
4819,1.3501313779078798
4820,0.3517445281497137
4821,1.6472391862324551
4822,1.8320673396113312
4823,1.4546210717775323
4824,-0.22588961541870153
4825,0.7202335885826179
4826,-0.09926462206172057
4827,-0.006680624304130661
4828,1.6970225842548172
4829,0.7476373828390402
4830,1.9706971030380738
4831,2.00255071391094
4832,1.1421011213459509
4833,0.6425847102691324
4834,0.36360885355730954
4835,1.6134401046925626
4836,0.6034864469754555
4837,-0.07677674311256591
4838,-0.5706085516193138
4839,0.9046835188049571
4840,-0.106383212245732
4841,-0.006407025688730486
4842,1.5202485703734907
4843,0.2716281726096908
4844,0.9098588263546525
4845,0.9312088664734514
4846,0.8472341450037372
4847,0.11578370683654653
4848,0.086927963121018
4849,0.4448891861690635
4850,0.9064196625071959
4851,1.5013113842592591
4852,1.308287679552268
4853,1.379613153643116
4854,0.8257644392069815
4855,0.5415699105421645
4856,-0.6890916780354761
4857,1.5396102348056588
4858,1.1425572021584478
4859,0.2533854111606224
4860,0.30527862534735806
4861,0.12663045434165426
4862,-0.10050707562795555
4863,1.1877294532581564
4864,0.782782952386974
4865,0.16635173248116203
4866,0.8687550215250703
4867,1.3429114133442765
4868,1.3284709889848387
4869,0.873924875403012
4870,0.9673346905433484
4871,1.6959366009741983
4872,1.0721593750723626
4873,1.7769450964197102
4874,-0.1256128583970565
4875,0.8009960448534758
4876,1.7883801960054233
4877,1.3947829891333636
4878,1.6826379931508921
4879,-0.02866925381351615
4880,0.7616275802700209
4881,1.1655854368135519
4882,0.05826687212008649
4883,1.6710269759760716
4884,0.67479054083037
4885,1.3496716445928405
4886,2.1112878604063634
4887,0.1831919609535724
4888,1.0764575654374977
4889,0.435573315073058
4890,0.41864910105448594
4891,1.2280623056658935
4892,0.9203410753900928
4893,-0.068246338379706
4894,0.07161852227979697
4895,1.328265972216995
4896,0.26394339793269084
4897,1.3723650355010668
4898,0.39552930537409176
4899,0.37525173730387607
4900,0.31256123580292755
4901,0.5519138263094234
4902,0.17640317652981968
4903,0.7627825288791112
4904,1.2740530615776762
4905,0.09133819338969905
4906,2.050702311032963
4907,1.5070929431769289
4908,-0.03273268503674104
4909,0.5712900425331056
4910,1.361001321674674
4911,0.0607754071427788
4912,1.4896795908378098
4913,1.7941214147168982
4914,0.9888745797457276
4915,1.5647468771578745
4916,0.7074891387400897
4917,1.201175266804229
4918,1.1629680411351246
4919,1.3457035239456667
4920,1.7499155230082697
4921,1.1253484797260955
4922,1.8011985450088377
4923,1.3834506249697232
4924,0.8897429947708121
4925,0.5137236078966078
4926,2.100700338349813
4927,1.2033868432466834
4928,1.306841608622861
4929,0.9903920549919051
4930,1.8064171833182283
4931,0.0528306019714012
4932,0.28026848797217074
4933,0.16288996600417968
4934,1.666325363858902
4935,0.17760007224414537
4936,0.07561883003265957
4937,-0.11356871091545953
4938,0.3928109292521645
4939,-0.0011997205190445587
4940,1.2223795972374885
4941,0.5480487033904299
4942,1.4480063007939985
4943,1.5693085075907791
4944,1.1553183846964337
4945,2.2059141033830496
4946,0.6447889465819732
4947,0.07743303761399944
4948,1.1363164979756617
4949,0.7954934005056213
4950,2.0485339632813195
4951,1.6892250487114724
4952,-0.002479290779298239
4953,1.1278285445274192
4954,0.49353263812863574
4955,0.6679586995627234
4956,1.1118701690906252
4957,0.3130879065144072
4958,0.980091607606834
4959,0.7656109274693629
4960,1.261676185465255
4961,0.7197200810524484
4962,1.8875375575073503
4963,0.34149568899067606
4964,0.5810603105277681
4965,-0.06977806362406025
4966,-0.3139036191560688
4967,-0.0012808111095077637
4968,0.7634260878929009
4969,2.541133336186954
4970,0.9023760609470991
4971,0.9826288570848102
4972,0.8491971445824634
4973,0.31811862445217765
4974,1.3872768662451274
4975,-0.07889268753317649
4976,0.8194426752733038
4977,0.6202750444445799
4978,0.009252943472539202
4979,0.7543269520025278
4980,0.8994612628332459
4981,1.3231570873716776
4982,0.852208350041776
4983,-0.1374888233765805
4984,1.2032805797353485
4985,1.4650524863641756
4986,1.7460152348787923
4987,0.204986670204064
4988,0.31972196797380215
4989,1.6536670030337492
4990,0.979910332719379
4991,1.9051709436743094
4992,0.1818472411158337
4993,0.31106547303484433
4994,1.3001343360161264
4995,-0.03025238514841669
4996,-0.015377524744848409
4997,0.32010369208149225
4998,0.11941810817392015
4999,-0.28125101681233977
5000,1.5072442128132963
5001,1.6012402163213035
5002,2.212161768759581
5003,0.00183664099535584
5004,1.2481429840241274
5005,1.3978425284096363
5006,1.6003850367504333
5007,2.2731315053490695
5008,1.283104125572528
5009,1.865108512811621
5010,1.5754640511053801
5011,1.041050249117444
5012,0.8477069106762473
5013,-0.12673802730308067
5014,1.2309266599372164
5015,0.24220790171547135
5016,1.9315960567575936
5017,1.3164947514205392
5018,0.807920514741279
5019,0.4705038674222096
5020,1.8457390090991048
5021,0.7980811037237098
5022,0.8536408648470555
5023,2.025389303878874
5024,-0.048285220751478564
5025,0.3847773231745547
5026,0.6091671707712921
5027,0.8908877202235738
5028,0.9945283809677339
5029,1.5097695064571233
5030,0.37909321215175884
5031,1.361778392516809
5032,0.07501272494288508
5033,0.8773855059290551
5034,1.4260869861568644
5035,0.27506510845050336
5036,0.8736076048579293
5037,1.4515647336157975
5038,1.5747830116928327
5039,0.9388446079009927
5040,1.6991540960410625
5041,-0.06304692213084288
5042,0.23367172000284153
5043,0.1357732571266238
5044,2.2952726183718495
5045,0.26451387237894525
5046,1.2565288520622473
5047,1.8084986430527876
5048,1.8063972092836666
5049,1.4240919189306365
5050,1.393656802738122
5051,0.9351814611325711
5052,0.7886110335727379
5053,1.867539364685103
5054,0.63114947814432
5055,-0.0688338952607224
5056,0.7728963745463175
5057,1.9489963940252677
5058,0.5605652993910099
5059,0.6463997452257372
5060,1.9740002317014895
5061,0.6492365083244145
5062,0.7667032563256935
5063,1.6435663372611262
5064,1.172895163751666
5065,0.734400341544694
5066,1.2034425347051994
5067,1.697073038695102
5068,1.330945141039851
5069,1.0430398242739525
5070,0.6318137409208624
5071,0.8811484824260684
5072,1.3023584236494592
5073,-0.09173364119874808
5074,1.4135317174002484
5075,0.4254931529986725
5076,0.004192264385744715
5077,0.2709149848037593
5078,1.8562601412023414
5079,1.7985650146298353
5080,1.341082669475473
5081,0.975679149735479
5082,0.15685066104880452
5083,0.8025740131924488
5084,1.7949637909824587
5085,1.2713300327483996
5086,0.49342845031772165
5087,1.4378580545553132
5088,0.214909630785142
5089,-0.02594736870485953
5090,1.3741712217803816
5091,0.09444456652513929
5092,-0.07299267432992401
5093,1.9169416239166228
5094,0.5733236080462102
5095,1.3353270262743775
5096,1.061918955943246
5097,1.7436646115087153
5098,0.5631715188505965
5099,0.5520856315977475
5100,0.9883698248385537
5101,1.3335915915409893
5102,1.4657941718302068
5103,0.860683309883429
5104,1.5671834903609236
5105,1.0845049005736898
5106,1.2093810290183198
5107,0.17537863167005696
5108,0.22769901881233112
5109,1.181312967627228
5110,1.5097565838930789
5111,1.3515759544990762
5112,0.2843107793800682
5113,1.0233499758353595
5114,1.5107551153143377
5115,0.3752464648595478
5116,0.20180726896552734
5117,1.4322489485782326
5118,-0.41461683722635284
5119,0.4562346535148174
5120,0.21861105077942983
5121,2.650317651778245
5122,1.1294261470312956
5123,1.946557242953316
5124,0.9117685860064538
5125,1.660339509218536
5126,2.1645055668519935
5127,0.7020202396154727
5128,0.6996543664997834
5129,1.552093504440929
5130,0.16576074903309432
5131,0.8317998057406707
5132,1.2754631382791084
5133,1.2264554241493022
5134,1.776831510651038
5135,0.9187636107719491
5136,0.18240356316585032
5137,1.326699034887505
5138,1.3270884053422816
5139,0.49938742239378503
5140,1.5746122798849118
5141,1.350395743207045
5142,1.8607390774428851
5143,0.5210196615638217
5144,0.41372117550059806
5145,0.4955951371042283
5146,1.1491800288023866
5147,2.210530651898685
5148,-0.10470146742916384
5149,-0.23854408215339484
5150,0.5355908676831265
5151,1.44456946803289
5152,1.6647533221918565
5153,-0.18975228720106146
5154,0.4076163585134435
5155,0.9852940096055767
5156,2.2685328067877384
5157,0.1358983785203895
5158,1.6959702833539732
5159,0.9719898759841996
5160,1.1421865499383257
5161,1.3297934221346575
5162,1.170508244622008
5163,1.1801906510878162
5164,1.513230101260728
5165,1.2138012833940537
5166,1.273337625458936
5167,1.1222585066131543
5168,0.47539633553911087
5169,0.29840989908185434
5170,0.642882968835538
5171,1.590572375764633
5172,1.3480321091902707
5173,0.905187032754398
5174,0.6179533308126092
5175,1.3658554033005008
5176,1.458491959739253
5177,0.1781087985879054
5178,0.9077478443535929
5179,0.9160828156820925
5180,1.9459451022894205
5181,1.256671775006602
5182,0.35479877614180444
5183,0.1375359951688388
5184,-0.20194908169089648
5185,0.545448467921847
5186,1.2550496018399868
5187,1.237859486897973
5188,1.1520356411130566
5189,1.9950591583350583
5190,0.22729083145593112
5191,0.013578044445515414
5192,0.9730962270487689
5193,1.2418025835508308
5194,0.9657141439672071
5195,1.595496585584673
5196,0.7934801841553337
5197,1.4201213012532428
5198,0.43996816011284445
5199,0.9389256008505913
5200,0.11816107271685497
5201,1.2585476874124337
5202,0.45611787108488067
5203,1.1320655809890117
5204,-0.09601005089647985
5205,1.5430094532440388
5206,0.26991284801388127
5207,2.083489149678592
5208,0.14392136025656993
5209,-0.03303050749700513
5210,0.6906340449245494
5211,0.964405152480861
5212,1.830941279270101
5213,1.438753149944963
5214,1.1423405169641425
5215,2.069249504291529
5216,0.925973678992762
5217,0.17417032552049833
5218,0.9995340265990029
5219,0.7614450687074071
5220,0.4267714681151322
5221,2.708753654406074
5222,0.39068821057574693
5223,0.8380191898848729
5224,1.8121795159695981
5225,0.12034899338888448
5226,0.32293641132088463
5227,0.5043916575169011
5228,0.43743858731080904
5229,0.7137884285556425
5230,1.1329924877313284
5231,1.2294592706321794
5232,0.5584248217244822
5233,0.7895495073032985
5234,2.2220846309924003
5235,0.16811293555947118
5236,1.9797691199705907
5237,1.801651224787873
5238,1.0559127729848752
5239,1.5037762488671946
5240,1.0063143091185656
5241,1.9171066332515208
5242,1.9590661887823912
5243,0.2162398174951891
5244,0.0846503353142152
5245,1.8862806207958338
5246,2.1775098110470843
5247,1.359273388339493
5248,0.8608625576116883
5249,-0.14573325549009944
5250,2.213163535188655
5251,1.518788154963776
5252,0.14783657160785385
5253,1.754166347396749
5254,-0.054686117547934315
5255,0.45893675500229647
5256,1.0245429223961002
5257,1.132684495051993
5258,0.006958050589483955
5259,1.3548802294081619
5260,0.32083496998469857
5261,0.2629191894844941
5262,0.8335137913542199
5263,-0.12683144445089706
5264,1.2073611654325442
5265,0.37623899483503964
5266,0.8343633578700301
5267,1.4229221320494363
5268,1.3426730145326877
5269,0.8076216844146271
5270,0.781475541615785
5271,0.20652000900995754
5272,0.6951340674484388
5273,1.4626685842603162
5274,0.8335030839724408
5275,0.4551355236547726
5276,1.3006656255344289
5277,0.40856748880861987
5278,1.387490619742121
5279,0.21344137977061642
5280,1.332196399379179
5281,0.015917027742450088
5282,2.0136703527261424
5283,0.2954767351543424
5284,1.0367334440091542
5285,0.9847566253529015
5286,0.9313573030461899
5287,-0.05083742047680928
5288,1.6144376157604143
5289,0.5223749550894935
5290,0.0774315798400056
5291,-0.07363590027803141
5292,0.2857882447314497
5293,1.112486760860796
5294,1.9051567098584985
5295,1.2443481774242438
5296,0.28740943808615843
5297,2.4191648415054408
5298,1.2581676874266523
5299,0.12705156889304087
5300,1.020134413155874
5301,0.9851994425688706
5302,-0.3925851794011308
5303,0.0060678318332232015
5304,1.4710647280684734
5305,1.9096280998065862
5306,2.038799293168998
5307,1.561763617909404
5308,1.696118002114683
5309,1.9715970737521045
5310,1.2805559588057733
5311,1.6827054202405234
5312,0.03160356817277375
5313,0.07088154144743831
5314,1.5736048822100996
5315,1.5529012110867937
5316,2.1787379856774454
5317,2.099581441786628
5318,0.5113062437140659
5319,0.5465328113698573
5320,0.546122230272473
5321,0.26132031011252843
5322,1.961422289183207
5323,0.35224848273216547
5324,2.081343400242832
5325,1.2266464091815266
5326,0.07311113832689525
5327,-0.035073470024273024
5328,0.07978791462082796
5329,0.9656580865144173
5330,0.9891630480860891
5331,0.3098609383201601
5332,0.1899671332220928
5333,-0.15281077557611
5334,2.203288365363774
5335,0.12483325654859465
5336,1.6754133628159043
5337,1.366621593549295
5338,0.8807563479660163
5339,1.3811335507618272
5340,2.227887909526579
5341,1.2123498693635348
5342,0.7456601712946074
5343,1.5725310530398342
5344,1.3015380705416062
5345,1.1457668548671935
5346,1.7652064637076335
5347,1.0189528544971655
5348,1.3470676337721275
5349,-0.02971627842548208
5350,0.7280209798925021
5351,1.3227116760812296
5352,-0.13989503282456464
5353,1.0956871907086423
5354,0.10967097732277097
5355,2.011159499000566
5356,1.0773755020854596
5357,1.097955468874506
5358,0.5903224066402142
5359,1.2065034545085798
5360,0.6028574582524144
5361,1.1266325110165718
5362,0.7314529701907062
5363,0.08032579206280072
5364,1.0200754316037566
5365,0.31037050589858817
5366,0.5501218563575931
5367,0.3404253267073625
5368,0.3975686448114397
5369,0.33077401986789107
5370,1.3191882381420628
5371,1.839976103470872
5372,1.1778535240578951
5373,1.8598610558755886
5374,1.4326346441663516
5375,0.7400634653590242
5376,0.34882542359726476
5377,0.9454427152113564
5378,0.21705019979201373
5379,1.314844230331691
5380,-0.048609661639442886
5381,1.9187322873378712
5382,0.9608083269084231
5383,0.9236350903115191
5384,0.7507869411217478
5385,1.3563944083837132
5386,0.19824625117140682
5387,1.0570883543548761
5388,0.16817217974997775
5389,0.9584171637840349
5390,0.2360340794046133
5391,0.3070177912744515
5392,1.830623717750513
5393,1.4849543030229269
5394,0.1700775234347318
5395,1.1277494978270324
5396,2.156387515115652
5397,0.9419668497110962
5398,0.6073193715816079
5399,1.4506958091201334
5400,2.4793116596399187
5401,0.7133502626173319
5402,0.27898526967548326
5403,1.139652546634444
5404,1.1375999908835983
5405,1.0822991167118583
5406,-0.05151870389499552
5407,1.1754105095746092
5408,-0.04264809382512086
5409,0.6627686353438413
5410,1.2883352050312467
5411,0.5672401580257711
5412,0.7042902339605619
5413,1.0653101535390928
5414,-0.44043323260340544
5415,0.7114465223724001
5416,1.002177914904892
5417,0.06705900069890544
5418,0.8972315540494249
5419,1.254880700354367
5420,1.153043301653578
5421,0.9655884445676208
5422,0.7650433351802228
5423,0.5907398838732163
5424,0.47088415845750287
5425,0.2942005860824869
5426,1.1460332895084553
5427,1.7921086416777456
5428,1.8265187508436436
5429,1.5303385759886459
5430,0.6209794588603
5431,1.4197156901853787
5432,0.5544099285679575
5433,0.2157380502631402
5434,0.13723953861750848
5435,0.062203221017011034
5436,1.7154800462743334
5437,2.808861768355019
5438,0.04250512722117024
5439,-0.10936831911964104
5440,-0.6894953387524474
5441,0.6079027928392451
5442,1.3904181020797397
5443,0.15907651599712985
5444,0.5347678644234765
5445,0.36887030289641043
5446,1.3009116062675194
5447,2.2027999288952453
5448,0.879265287991132
5449,0.3666272378764428
5450,1.8166866880574264
5451,0.22563558206883932
5452,1.1801009729872194
5453,1.4014309085732977
5454,-0.16952724053301124
5455,0.04753289032956616
5456,1.2892335992861947
5457,0.9471652679473075
5458,0.5738513919610436
5459,1.6919580211657912
5460,0.5054679665874298
5461,0.5992035979634859
5462,1.2550444402659795
5463,1.376233705549827
5464,1.9833038125909463
5465,0.5822904226255694
5466,1.4229288785063994
5467,2.0029971502925306
5468,-0.06448143162540265
5469,0.18355026029699828
5470,0.33510975265837684
5471,-0.10756257792334262
5472,0.6684741348313725
5473,0.9501925522130448
5474,1.3750217228249904
5475,1.9831949187752864
5476,0.6168500539589955
5477,0.6547435571274417
5478,0.9922743922100612
5479,0.8134162248168424
5480,0.946424945521716
5481,0.27658374993322166
5482,1.026139621807963
5483,0.1965299543762524
5484,0.6900230674103873
5485,1.0971493076673957
5486,1.0807136781805506
5487,1.0266084302114165
5488,0.10720776504748608
5489,1.2536915399445367
5490,2.1431198575405244
5491,1.0793203381962968
5492,0.11560374905218593
5493,0.6257047281363872
5494,1.6804138063998524
5495,0.26589353183297065
5496,1.9091659281012254
5497,0.26515556607502494
5498,0.6326454044804712
5499,1.12893964116719
5500,1.5854073882267135
5501,0.6431868134591595
5502,0.841789704871616
5503,1.8517414038985558
5504,0.9389081437142701
5505,1.4070555806270413
5506,1.5836019735329352
5507,1.1214240442802903
5508,1.4952574557458804
5509,0.34500136695337186
5510,0.828415049689203
5511,-0.0063331510523648715
5512,0.30768619709645495
5513,1.4564896080524599
5514,1.2219689232227984
5515,0.2232405380686788
5516,0.4733559508968118
5517,-0.0611577338274604
5518,0.1341590825335724
5519,1.0753689762245648
5520,0.7306290633151948
5521,1.0798835158127382
5522,1.1242842789450735
5523,0.37407345087139615
5524,1.1982774934895595
5525,1.8205665197375016
5526,1.3176351804045052
5527,2.047150761039056
5528,0.5137858970647832
5529,2.0224814292302664
5530,0.7874450214892424
5531,1.7160883307677772
5532,-0.010300850860354246
5533,0.66466807525452
5534,1.6702036752197038
5535,0.5839987152648688
5536,1.1972361767964104
5537,0.560388129711468
5538,0.6863705670069682
5539,0.6846423630960714
5540,1.5717747367889738
5541,0.8400994188710524
5542,0.9873598795746066
5543,1.5779707413888506
5544,0.5860322941944461
5545,1.8289378224323503
5546,1.2291910310319993
5547,0.8840137898956433
5548,0.5343640819950188
5549,1.669662136517863
5550,0.07038410515506024
5551,0.32264003988167134
5552,-0.08352409359813953
5553,2.141571886539411
5554,1.2951076432613349
5555,0.9024040057307495
5556,1.3402482167151284
5557,0.5115167725520531
5558,1.5406946999406486
5559,1.9777786069635057
5560,0.511648769669653
5561,1.980339193989782
5562,1.081378067864322
5563,1.202706761882044
5564,0.2453560916928347
5565,1.8826244657234719
5566,1.9464107359475606
5567,0.09410361317752808
5568,0.9384531798292146
5569,1.0076906948661986
5570,0.08122171961495249
5571,-0.09565316115425113
5572,1.6909461633749068
5573,0.4611440169172708
5574,-0.06245573793675145
5575,0.24762163418256405
5576,0.8655369754040096
5577,1.34279418153627
5578,0.29347583868434357
5579,0.8282711338197238
5580,-0.389983526739581
5581,1.1756074780042711
5582,1.546711877560948
5583,1.5850815165637955
5584,0.7434830111547935
5585,1.335175891271223
5586,0.8257629312476749
5587,0.8410577002285239
5588,1.8413529495088892
5589,0.7604937180255043
5590,0.22846660166951788
5591,1.3160319370815745
5592,0.19960942399794712
5593,1.8832108961260192
5594,0.877214224849264
5595,1.588044652475539
5596,1.2845877938753942
5597,0.8457863341644163
5598,0.2662945749015034
5599,1.4174583535419247
5600,0.7503957087399228
5601,0.5310860262435148
5602,0.9662705330363067
5603,1.128010779232052
5604,0.7531208836265323
5605,1.1863775088059871
5606,-0.013853936580094733
5607,1.875435143046436
5608,0.7636812504735899
5609,0.8866458272676949
5610,2.0229735683730334
5611,0.750716604127128
5612,0.5308900138048935
5613,1.2783720554706655
5614,1.1982548936735136
5615,1.588278312659686
5616,1.2154917812159045
5617,-0.09990461439083695
5618,0.7176526742002637
5619,1.0211784767742609
5620,0.8279110358646886
5621,1.5905297813330035
5622,1.409908330411119
5623,0.5982148678992754
5624,0.6368230383040218
5625,1.343778229560396
5626,0.7618451759818611
5627,1.13371139846112
5628,-0.019647698155043636
5629,0.5153915236955124
5630,1.6295106728349804
5631,0.46524842800389926
5632,0.6605543100255915
5633,0.22574355910919225
5634,0.8738935657799347
5635,1.4624356320590581
5636,0.49131558825792
5637,0.6689933427946966
5638,0.7715239498318358
5639,0.739264123577298
5640,1.4550018321423588
5641,1.3873950004797801
5642,1.8354826833773201
5643,-0.05423732229556208
5644,1.4138801797377145
5645,1.8641678429313588
5646,1.3611437864799105
5647,1.2137773244712684
5648,0.6337725685898317
5649,1.0617858476251745
5650,1.4871376877868925
5651,1.1780696970811884
5652,0.08463577198144676
5653,1.2906622687401392
5654,1.4418624379371086
5655,0.13145977781814705
5656,1.6105111656664368
5657,2.0446825243642794
5658,0.8974145826358655
5659,0.8244082210764316
5660,1.7948768847367527
5661,1.0602785708237743
5662,0.9704319607754042
5663,1.1605391452880989
5664,0.19100571660825513
5665,1.8427101774485026
5666,0.5839628404774152
5667,0.6189390568578428
5668,0.6600727452998081
5669,1.006808078635421
5670,1.0613101390759028
5671,-0.05023539777576992
5672,1.588167640343551
5673,1.1271353995595872
5674,0.41233035406638785
5675,1.794255393602918
5676,0.8096240365118917
5677,1.372003047709062
5678,0.7378030610254184
5679,1.8701962339091036
5680,0.3815039897907495
5681,0.5994201308378432
5682,1.2121808369843836
5683,0.2973115057573063
5684,1.137438766927056
5685,1.8800931904004083
5686,1.0253871909289236
5687,-0.05953942630292809
5688,1.8073352586270117
5689,2.369225960501812
5690,1.4886718531544785
5691,0.30763430576173045
5692,0.4753377033420844
5693,1.1639020003779232
5694,1.5916443613191786
5695,0.2156191345144468
5696,0.6052725004227392
5697,1.044845199116573
5698,0.8107822744405703
5699,1.3663724900004317
5700,-0.16386768805523183
5701,2.34835022536361
5702,0.6683146432453304
5703,0.9799395149575704
5704,0.788420562012236
5705,1.4019703618978996
5706,1.989462762311213
5707,1.4673211430386317
5708,0.42528054268026727
5709,1.8155795400051953
5710,1.4404343214374116
5711,0.3765074100989623
5712,1.0225953179204614
5713,1.670566169558567
5714,0.4075688784343078
5715,2.1501573805724203
5716,2.41024175671254
5717,1.1375596667588377
5718,1.3489320005177308
5719,-0.14686356823649857
5720,0.8957522694632385
5721,1.2374873831875812
5722,0.26968514923121345
5723,1.5994556737871384
5724,1.1060518890667255
5725,2.354940505008713
5726,0.14447420070141562
5727,0.20784543828695773
5728,1.977807199500932
5729,1.3884370284155685
5730,0.3290303610863951
5731,0.9347100997447175
5732,2.0228230140586585
5733,1.415808768031345
5734,0.6996345639152519
5735,2.437028154895271
5736,1.309494411024434
5737,1.0239380569108387
5738,1.947165237869073
5739,1.5452196438849977
5740,0.16053291156746408
5741,0.5775039707348788
5742,0.9119685239203469
5743,1.0461483654120967
5744,1.604296495176419
5745,1.8696274347654005
5746,0.05814789907427168
5747,0.42982905957536
5748,1.3441437287662916
5749,1.0115439935792618
5750,0.5734522533775575
5751,0.6166320134999124
5752,0.6756158196026452
5753,1.8758219530609477
5754,1.941276017442092
5755,0.3336158723135551
5756,0.19113933569429195
5757,0.907024232784606
5758,1.0326806177747476
5759,0.6175466441562114
5760,2.0194016852183303
5761,0.1330208751091284
5762,1.6763129464952295
5763,0.801188886610671
5764,1.1203812510473086
5765,1.1846030970325199
5766,2.2001130115850556
5767,0.4493720052996412
5768,1.6575970166841398
5769,1.4779249787462634
5770,1.2308070177137438
5771,0.8515118139926198
5772,0.21955028971382945
5773,1.4880508152505616
5774,0.5737176719889299
5775,0.15648771873364553
5776,0.27049927808169233
5777,1.4524537615796393
5778,0.8111799870529758
5779,0.59270880243171
5780,1.0530202183365225
5781,1.5518252920616944
5782,1.833943867582549
5783,1.4307387286856745
5784,1.1069301709053854
5785,0.9513188692949902
5786,1.2592687340220705
5787,0.8017139171730869
5788,0.7528043939427835
5789,1.2170661183986449
5790,0.6588751109839532
5791,0.41957597238170863
5792,1.5292709456436608
5793,2.2324918750990177
5794,1.4642342999543554
5795,1.0299574616648053
5796,-0.39721047458788045
5797,0.38126379956108747
5798,1.9337116591464736
5799,0.5531011438559227
5800,0.9423060601777531
5801,1.2905455978944023
5802,1.1500865985601454
5803,0.9335750868996373
5804,1.221484480353709
5805,0.44337518217937055
5806,1.1399053232182075
5807,1.5595621576171417
5808,-0.010693637831996006
5809,1.7623824705606024
5810,0.6213782024328767
5811,2.1488031859839043
5812,0.6431494561257922
5813,0.6773157892009425
5814,0.5298339163040449
5815,1.1197656436114036
5816,1.863000712751649
5817,0.24489834781118186
5818,1.347280444104518
5819,0.9168985846090427
5820,1.1233712783746386
5821,1.7187876408570824
5822,0.7346171627025541
5823,0.2858189219206564
5824,0.5761304799651716
5825,0.41158006462401875
5826,1.08549535964482
5827,1.222363244818986
5828,0.4108516929972629
5829,2.182430427688963
5830,0.6030585224825458
5831,1.3251466547886945
5832,1.789125940199769
5833,0.5163228233056046
5834,1.3449151596830342
5835,0.9279181375708057
5836,1.1431015959069193
5837,1.7154771326238571
5838,1.3772351429468015
5839,0.9336939126130441
5840,1.7604531407670958
5841,0.5219225092076252
5842,1.5229242579982754
5843,2.264006825111681
5844,0.18336797398308033
5845,1.3968106259036654
5846,1.1315149414718635
5847,2.0655934804380474
5848,1.450657257577551
5849,0.831208049238154
5850,1.6155791263046269
5851,2.0052966476176297
5852,1.0218604414415442
5853,0.2721059825345549
5854,0.34653789286529346
5855,0.5506799056445568
5856,0.41526308543294
5857,1.7683391839223834
5858,0.44656287040743037
5859,1.017180370816113
5860,1.6201820910581501
5861,1.3805676277296741
5862,1.293285724610946
5863,-0.06132453767351104
5864,0.028818100819518883
5865,1.0716371953916601
5866,1.2702294657844657
5867,2.189999640565386
5868,2.3283666711978124
5869,0.4576907145491548
5870,0.24015957481516273
5871,0.9167798738598807
5872,0.939365032798236
5873,1.5127681332280267
5874,1.0853025895905821
5875,2.2968569042242906
5876,1.0350073188106446
5877,1.409628712428325
5878,0.5560664519835468
5879,0.7049090525797868
5880,0.8075115870209537
5881,0.38504570495206414
5882,1.38544694089453
5883,1.8861830831740312
5884,1.3996608471753165
5885,0.8145804894278653
5886,1.3200027398673737
5887,1.3514648265529359
5888,0.019326494250082232
5889,1.6377117289682177
5890,0.7768847099182932
5891,-0.24044909194141986
5892,1.4718038728843126
5893,-0.15233800810458056
5894,0.19907047283956586
5895,1.1046360084563214
5896,-0.07845779042668241
5897,0.5400822172972986
5898,0.7589540780594584
5899,0.46238808845345286
5900,0.07628370008486209
5901,0.6946962473486855
5902,0.4970338406841428
5903,0.3204164081827664
5904,1.0198254039131855
5905,1.3603226750470658
5906,1.7884608905781727
5907,-0.30383087917283397
5908,1.8979340826584945
5909,1.5402332293623373
5910,1.677148394281053
5911,1.804887674147062
5912,0.13194804390764497
5913,1.5009653142785824
5914,1.82514830590431
5915,1.5558321138788234
5916,0.7213897142125943
5917,0.6987279695814008
5918,0.35136993920879434
5919,0.8491050018262413
5920,0.9039696774831852
5921,0.19409111286679384
5922,1.8195697959706636
5923,1.480376734610421
5924,1.2365945177056474
5925,1.5641579361010098
5926,1.0369625026631484
5927,0.8562505122021338
5928,0.046018543363202394
5929,0.5201645754700503
5930,1.5857762419679193
5931,0.568819201949711
5932,1.1273009590213767
5933,0.3223682557988748
5934,2.5130883677403197
5935,0.6378213423372936
5936,0.44599180507026537
5937,1.8933123733821888
5938,0.4827045091790868
5939,0.6678114976037599
5940,1.3624826500683953
5941,1.3090786654182898
5942,1.7936257289041009
5943,0.6422593028911197
5944,1.7623735928668727
5945,1.9607679843298742
5946,0.2323119205256696
5947,0.2898059387961549
5948,0.7952091846570388
5949,1.1295812705882604
5950,1.3044347446383762
5951,0.3636094593784459
5952,0.9673668094209286
5953,0.0028979127745577676
5954,1.3871235314457115
5955,1.6770353726387666
5956,2.253210481241616
5957,0.6166044437179925
5958,0.617604016167133
5959,0.5121725774332603
5960,0.4182125028632888
5961,-0.10246632444153098
5962,1.0697267121599987
5963,0.5216550270345551
5964,1.2041211713714552
5965,1.3761420172579326
5966,1.2692176217230604
5967,2.0968321539343973
5968,-0.5250244520766265
5969,0.8506898234460784
5970,0.940260133837393
5971,0.197443449062106
5972,0.4462482599227734
5973,1.34087793642165
5974,1.5211761021024612
5975,0.6048820398417403
5976,1.8002202562631453
5977,1.504353437221474
5978,1.5585745397317852
5979,0.002302097817924967
5980,1.2371625055084505
5981,1.192110822776825
5982,1.6841236344819672
5983,0.983400732712019
5984,2.0609893863573836
5985,1.4392762533858805
5986,1.2692869358768029
5987,1.143919384198858
5988,0.3783527103800395
5989,-0.5340532082432488
5990,1.789549544663524
5991,1.6300350929359133
5992,1.0500514567752923
5993,1.5316512378950415
5994,1.6652257774369423
5995,0.5473131591514675
5996,1.2781455199934262
5997,1.3754577766460279
5998,2.081289082911241
5999,0.6411672182007042
6000,0.4242525948621944
6001,1.0042201589679225
6002,1.3327179884082556
6003,1.5755601621985185
6004,1.0006986666750186
6005,1.0732801082484889
6006,1.2704465152531317
6007,0.18139682180028602
6008,1.5055626498163692
6009,1.0349524500098042
6010,1.0361160938846885
6011,0.7577318039528865
6012,0.14108896060865264
6013,0.11667202481808625
6014,0.5647119997593026
6015,0.06772046353534927
6016,-0.28320774889286826
6017,0.5882671258957174
6018,0.3644765392440429
6019,1.857426141837623
6020,0.315142169705792
6021,0.672044982197099
6022,1.6407419965427779
6023,1.1349578902418986
6024,-0.21607692777635087
6025,0.838177598950031
6026,0.2547932883235128
6027,1.3760888580988333
6028,1.64300660221808
6029,-0.0036219499465701688
6030,0.46909031542314106
6031,1.489947382562443
6032,1.1290669213516054
6033,0.9054587393120874
6034,2.047324073908665
6035,2.158450591450782
6036,1.194506575328619
6037,1.2608715710644458
6038,0.532494094001354
6039,0.47047382168511154
6040,1.8336770750827276
6041,1.0047460402436896
6042,1.763536315298228
6043,1.75183490976069
6044,1.6913086910132769
6045,1.1085154775026596
6046,1.786308484023943
6047,2.191837595778451
6048,0.5047780613741218
6049,0.8791425992441586
6050,1.8852556593261522
6051,0.7832715988032951
6052,1.6599823739677921
6053,0.38903047383836586
6054,1.5675211956534998
6055,0.09854620720074544
6056,-0.09094354870128538
6057,1.5545386356145623
6058,1.0633115204634522
6059,1.8605844025479672
6060,1.1355797310719977
6061,0.6993946705567887
6062,0.9099599662396394
6063,1.8585141386108153
6064,1.1184706819463945
6065,1.87999565968823
6066,1.4488681378113744
6067,1.4373411620423573
6068,1.8631498815599965
6069,1.417300231778735
6070,0.9776306876149059
6071,1.9641200093450477
6072,0.959635060550591
6073,-0.11078313628405664
6074,0.2351961630606769
6075,0.6438533066651988
6076,2.019457114627182
6077,0.777334258974639
6078,0.2843150910820236
6079,1.2987388511601399
6080,1.9623000173498604
6081,0.8097692118797364
6082,1.2446105629139037
6083,1.7515805540171323
6084,0.9296342704647104
6085,1.0138739750850094
6086,1.1298249423790476
6087,1.5999618187586664
6088,0.9098367948810815
6089,1.4717838745649894
6090,2.0862575201219427
6091,0.9622773874814415
6092,1.0864504260059105
6093,0.23388727003260767
6094,1.9256140377385669
6095,0.0037678674921313576
6096,-0.17809611042039336
6097,1.1743028046565815
6098,2.095912760504034
6099,0.6734909432841665
6100,1.8887432750370172
6101,2.1071864674961027
6102,2.0541666540766723
6103,0.47334373456040835
6104,0.26848909348720806
6105,0.6329191179587796
6106,-0.011962268838241918
6107,1.1642076194223325
6108,1.4683314111592893
6109,0.834861004718022
6110,2.695109795196866
6111,0.23405785146713032
6112,1.5997692175243905
6113,0.7057646418640182
6114,0.3316771823615826
6115,0.20257020737825993
6116,1.9753555385804713
6117,0.9727110147369673
6118,0.6641576935379959
6119,1.7337475346047575
6120,0.8216043244495987
6121,0.76186036978135
6122,2.0512314540513605
6123,0.5826238768520575
6124,1.1265988674772154
6125,0.10494892077257864
6126,0.0824974493252108
6127,0.30718768082380615
6128,1.6356047475678561
6129,0.05855235567154768
6130,1.4082631455842949
6131,1.2709045031272868
6132,0.394997977756652
6133,1.330431013739666
6134,0.8080537524969926
6135,-0.1167851957830719
6136,1.0982915480029642
6137,0.25586365971442737
6138,0.12214544690851209
6139,-0.25683763296280604
6140,2.0171488641078383
6141,0.046250333217644116
6142,1.2253563753383532
6143,0.3735648954795566
6144,1.0811572809117473
6145,0.6731802814180929
6146,1.1282695012135704
6147,0.6066651476615451
6148,1.6971967018756247
6149,0.5237787950066939
6150,0.8728775108851312
6151,0.5020850721657734
6152,0.23653806686887233
6153,0.5505704350300231
6154,-0.06386464409255944
6155,1.948976520140757
6156,0.043655594522703206
6157,1.0534868743439494
6158,0.772230310053037
6159,1.372639247073985
6160,0.3198634064431639
6161,2.0356225339139082
6162,1.8731817445560264
6163,0.013299338741159912
6164,1.2620673060237442
6165,1.7960835054912718
6166,1.6144620315055758
6167,0.7143401131575896
6168,1.3526189908077824
6169,0.0013547131913316801
6170,0.5754399653208653
6171,1.2603849545993757
6172,0.12245124747653441
6173,0.17840447999288306
6174,1.330819962102506
6175,-0.010354472040847842
6176,0.26284485037533023
6177,0.31251454124150824
6178,1.0692600793675653
6179,2.1128543515948546
6180,0.21063573050031537
6181,1.0325963038469945
6182,1.8494744030664565
6183,0.5240881578206018
6184,1.3363094940279785
6185,1.3255561682845256
6186,1.0510747981093744
6187,1.32091157558806
6188,1.5421676453484063
6189,0.7440632565561578
6190,-0.49128829747084807
6191,0.2130136830743045
6192,0.11591948983237618
6193,0.48890118369245456
6194,0.9636391638570195
6195,1.205809224248666
6196,2.5697010336588377
6197,1.417602061331913
6198,0.34300577164798335
6199,0.8833683563372969
6200,0.9098308464292494
6201,2.3780884422537274
6202,-0.05893542424834072
6203,0.49754326856506526
6204,0.8027072034109596
6205,0.7036798434722222
6206,1.1136367801041647
6207,0.6410272459681294
6208,0.7076981676832111
6209,-0.4138484166167865
6210,0.5415962998948705
6211,0.5260926887429263
6212,-0.23439135205747963
6213,1.1588570211459406
6214,0.6109674762427444
6215,0.6377014256611115
6216,0.8849162346090201
6217,0.6000988627598207
6218,1.547352045807073
6219,2.002911368740067
6220,1.934021873708145
6221,1.5121479046080242
6222,0.8441590123347046
6223,1.2698361714779052
6224,0.21914366089637194
6225,-0.12616552872281336
6226,1.6024242598771954
6227,1.4137790767313616
6228,0.5768784954031488
6229,0.5227347139957792
6230,1.6108823603750304
6231,0.417192169682176
6232,1.8340753284001248
6233,2.2199441724593316
6234,1.7839766977405183
6235,0.14896913788938396
6236,0.2691711449011145
6237,1.4155885677110969
6238,0.5606466775244802
6239,0.5390227854625216
6240,0.9375193431195248
6241,0.8554485826575164
6242,1.4506237791202268
6243,0.9402255354479669
6244,1.3739077802797164
6245,1.1151539066755707
6246,1.2435207398436543
6247,1.6274696372032291
6248,0.15194281859714792
6249,0.438370003241034
6250,0.23370631829944577
6251,0.020058711261533912
6252,0.42968823591049266
6253,0.1864144234130792
6254,1.5849345788485398
6255,0.1535559135932753
6256,0.1202565640829516
6257,0.7882437931602493
6258,1.7872146292528637
6259,1.2677709815873075
6260,1.599416296963834
6261,0.11259659882695008
6262,0.16118673929348565
6263,0.8805107905485616
6264,1.374182273803011
6265,0.19315710590679527
6266,0.4913804295028578
6267,1.3128697193294963
6268,0.1706558044972935
6269,-0.1127712027521593
6270,1.2378334542261125
6271,1.8664953854559398
6272,0.6321748886848153
6273,1.6991656108852606
6274,1.2194762263324268
6275,1.3614923536769885
6276,0.8757696283040988
6277,0.19669032642224937
6278,1.2422724158114407
6279,1.8829104388674287
6280,0.36377215538401375
6281,0.20440050207984498
6282,0.052967977051128795
6283,0.7512544806076056
6284,1.2622857146060258
6285,0.002821536973972555
6286,0.4370197915321936
6287,0.700527944513696
6288,0.8498161403432546
6289,0.8509180596399801
6290,1.6045271382482555
6291,-0.0663164878550685
6292,0.8796327379663812
6293,0.4030289375005286
6294,1.249372373376031
6295,1.3858422559889172
6296,1.6566444536038065
6297,0.816385887131185
6298,0.1920795528466696
6299,0.6566323021596243
6300,0.3446697327852344
6301,1.2518975597604627
6302,1.0454353474520646
6303,0.6377502168453167
6304,2.052124422823399
6305,0.9556908020550389
6306,0.7559251169758197
6307,1.0517340774113217
6308,2.129738822161508
6309,0.04310140122299977
6310,0.44546459185638854
6311,0.9734990928347332
6312,0.2004289064548904
6313,1.065923929481577
6314,0.996753016447534
6315,3.8452100224493844
6316,0.056432569552402966
6317,0.5033063301672627
6318,1.777323659832709
6319,0.7473646928573738
6320,1.151840085595536
6321,0.12060254120063592
6322,2.1710629329335007
6323,-0.2662523089783019
6324,0.24591003865076738
6325,1.1786473029739126
6326,0.8694278964781936
6327,1.4186139995805436
6328,1.9123122613100672
6329,1.6913747068401501
6330,1.7104635701222317
6331,1.407484541273948
6332,1.3020730047417934
6333,0.08895049734628536
6334,1.1094447616763192
6335,1.0973999950720608
6336,0.0033875820386802397
6337,0.9688500558779523
6338,0.29782607796470173
6339,0.6916090287070762
6340,1.4990035606818437
6341,0.8787735119054093
6342,1.2583948710309831
6343,1.8413373869898684
6344,1.7686271644955456
6345,0.6175205351014569
6346,1.3639426626589684
6347,1.096413402779237
6348,0.9248940891867313
6349,1.186804886958837
6350,0.5267966648745088
6351,0.3928809959569308
6352,2.0108419648973164
6353,1.6571919898865848
6354,1.8905601431637808
6355,1.818311272724215
6356,-0.0749760921017256
6357,1.132384439240226
6358,2.1070339932861843
6359,0.8682451165193357
6360,0.8622350759594742
6361,1.7102865687889406
6362,0.37219820012082994
6363,0.5943096594014237
6364,2.3378059361626025
6365,-0.04409958460031474
6366,1.846682770339006
6367,1.299120315860863
6368,1.1880411576483931
6369,1.1082554590273628
6370,1.1833323804239935
6371,0.9936999264673549
6372,1.2284406824119973
6373,1.7156858702551765
6374,0.9187126101025577
6375,1.3893707450709032
6376,1.9955294431221016
6377,1.2454690065463483
6378,2.0483709448451326
6379,-0.3025823668252323
6380,1.4375021399287153
6381,0.4277355991153643
6382,0.534537507146282
6383,1.5980361993304324
6384,0.9826184588973653
6385,1.0570741691507568
6386,-0.1410477729339428
6387,0.948243022372423
6388,1.3170176456755287
6389,0.3956033090260355
6390,0.047374274307173204
6391,0.14569980014883016
6392,0.9472486297596939
6393,0.6235165228912687
6394,0.07690607497142951
6395,0.14338625020117024
6396,1.7052167499906028
6397,1.1973170992601783
6398,0.5348703529198179
6399,0.49856876415350404
6400,1.8365560510926005
6401,1.17863802963713
6402,0.07551750765414411
6403,0.6285133092740536
6404,1.551403896423884
6405,1.7735662863697674
6406,0.6679885566140803
6407,0.8681455359518411
6408,1.8919343629877292
6409,0.40689111793104604
6410,1.5750695519683269
6411,0.2936606864160578
6412,0.7750772602326251
6413,-0.24242993411665673
6414,1.1211087747185757
6415,1.2555339907783365
6416,0.9197031930743506
6417,-0.3153540360548259
6418,1.7233745338465618
6419,0.8859784381638723
6420,0.20012663068586256
6421,0.9767889144624602
6422,1.0139845770526976
6423,0.24603219079751848
6424,1.5273523028064167
6425,0.3956284546404517
6426,1.459460420723603
6427,0.3318945187628417
6428,1.4056273806710589
6429,0.8903544693054132
6430,1.4465315935702554
6431,0.46849316242407557
6432,0.7069811733531572
6433,1.2759377665170615
6434,0.08112477155007672
6435,0.9305403729395104
6436,0.7224779813296535
6437,0.9854823560114978
6438,0.06698658366184296
6439,0.3682005557981713
6440,-0.6619969915283641
6441,0.7951297043280361
6442,1.269929498855202
6443,1.9338633291587382
6444,1.1395137544320624
6445,1.0412957353885772
6446,0.7221113187326503
6447,0.6210539548050724
6448,0.530542950091151
6449,1.142491066224902
6450,0.3137063316204356
6451,0.8997127720902258
6452,1.2970970642382185
6453,1.273923432442106
6454,-0.09219667239739907
6455,1.5771432160517977
6456,-0.3119746794934915
6457,0.867280657870191
6458,1.477466206181992
6459,1.4500235894489906
6460,1.6883866445084104
6461,1.1151829332131835
6462,0.4432206562086235
6463,1.4900769871812394
6464,1.1677382836325407
6465,1.2073309772646332
6466,1.3765646738766415
6467,1.090925729352903
6468,0.07033174996642737
6469,0.8157933800195509
6470,1.0507535084104853
6471,1.7380458573634687
6472,1.2549165005317295
6473,0.4186442848479963
6474,1.708084072997079
6475,1.0752609608545745
6476,0.024414436338726864
6477,0.46450396098533964
6478,0.7335004542255218
6479,0.5045246220881421
6480,1.1125358944185852
6481,1.6640509824294427
6482,0.44626283208597406
6483,-0.02357373921431681
6484,1.2531837436134787
6485,1.1929294625909037
6486,0.4658967916790073
6487,0.7019286361596164
6488,1.0526087455688131
6489,1.289001915549714
6490,-0.07445172915309337
6491,1.0540513211794464
6492,1.45342105704265
6493,1.8731198847561257
6494,1.4621045904368517
6495,-0.2435252637175149
6496,0.9472645599620937
6497,0.01430452072962192
6498,0.7573134684864693
6499,0.0829797778926632
6500,1.4498922613927865
6501,1.6084202141374826
6502,0.9293617927311121
6503,0.19243153413363595
6504,0.377103107159421
6505,0.3195904665958955
6506,1.273016185905861
6507,0.12297390130371785
6508,1.0483889848863712
6509,1.3216672484387986
6510,0.9970785206722887
6511,0.47548006486898187
6512,0.5392351547366521
6513,1.0634537473155126
6514,0.19022094112359064
6515,0.5638715496055213
6516,-0.1285180593312965
6517,-0.03804263151854241
6518,1.6063325569655043
6519,-0.67981774008428
6520,0.4369976075445873
6521,0.017338787728101684
6522,0.6394286130346292
6523,-0.3521490314485227
6524,1.6156094637951752
6525,1.9091110970696064
6526,0.14064243938303408
6527,0.2962804486865639
6528,1.8149696220962852
6529,1.2868282967081326
6530,0.8550775871758489
6531,1.6834940756318257
6532,1.3597438946279372
6533,1.5639747828124042
6534,1.9458500251398934
6535,0.9336061600213765
6536,0.9343148257167739
6537,-0.15990203222038984
6538,-0.04326399533683313
6539,1.1504449530942789
6540,0.7237044057569607
6541,0.693918253976975
6542,1.3394105980223177
6543,0.34977361435459053
6544,1.571802098348613
6545,0.47648346831418886
6546,0.9807285899565142
6547,1.682063593248998
6548,1.6886114656663176
6549,1.6685606313522663
6550,0.3479729601431969
6551,0.5113902738478705
6552,0.9662719083497431
6553,1.1215669966986221
6554,0.5112319803375177
6555,0.6430680887712024
6556,1.0532818594638589
6557,0.11904388501872193
6558,1.5083530456521175
6559,0.134157158414274
6560,0.6129720083733683
6561,0.31395732610265364
6562,1.0866891991686924
6563,0.05073352819204133
6564,1.5640942529609474
6565,1.2578179534647032
6566,1.9688551961789802
6567,1.4888301202002245
6568,0.6540645454063229
6569,1.7543151310040386
6570,1.7718422570176164
6571,0.886695897172908
6572,0.9868720370056924
6573,0.49446354033349155
6574,0.36653092909918195
6575,0.6666019476044209
6576,0.5212897093694182
6577,0.8266691823076773
6578,0.045636781848610246
6579,1.0206449042994148
6580,1.1772286165561834
6581,2.281011755541351
6582,1.7955639058605726
6583,0.5923284423596256
6584,1.146861699496858
6585,0.9103119032602984
6586,2.4749116220415477
6587,0.880854847718401
6588,0.7557672265778631
6589,1.6099469384438023
6590,1.9339358043425834
6591,0.6283488740172116
6592,0.5638442395455816
6593,1.990257551381144
6594,0.35162076177016754
6595,1.123565787993563
6596,0.3805340321930629
6597,1.2249982211162274
6598,1.6669023271826993
6599,0.873687897515278
6600,0.9935208932324365
6601,1.808857130573621
6602,0.9923762795992255
6603,0.7770620030692594
6604,2.3801645448408233
6605,1.0373497312414306
6606,1.8018018783801568
6607,0.8666731329142351
6608,1.3589232907250652
6609,0.2831495573082712
6610,0.43969522649102477
6611,1.212940083395356
6612,1.2462146880641378
6613,0.7762883463597254
6614,-0.1242099865004512
6615,-0.021195519343870317
6616,1.0582913004424683
6617,0.9756519190246937
6618,0.019135830912800633
6619,0.4086337516594967
6620,0.6212882033183623
6621,1.646313923295074
6622,0.4887563312401515
6623,0.09728836887773201
6624,1.1499628461966613
6625,0.5862713460866955
6626,-0.22172781736981903
6627,0.9626494399968841
6628,-0.014670606261431934
6629,1.851866950900729
6630,1.3844220488328811
6631,0.5641729355734697
6632,0.5184105849667164
6633,1.860158233889167
6634,1.706312727511135
6635,-0.1775349479189474
6636,1.7856618939620659
6637,0.13628569522525216
6638,0.6360533368439942
6639,0.4143807466092126
6640,0.4374244308969438
6641,0.29900564967615956
6642,1.5307025594328554
6643,1.0617283410897602
6644,1.464555494349462
6645,0.6598697869553984
6646,-0.10510301766311778
6647,1.6394430852487196
6648,-0.0923341654717717
6649,-0.11177980258539644
6650,0.46157258088451464
6651,0.7038026841773262
6652,1.2753373818935796
6653,0.3048536270177661
6654,0.33610490532695375
6655,1.3316412832269449
6656,0.43319060383317665
6657,0.2316760087143844
6658,1.7759158141727758
6659,0.02470176745560579
6660,1.7716739124903214
6661,1.3863187690750702
6662,1.9509131588759532
6663,1.7885185629629237
6664,0.29390063496078367
6665,1.0107275159284894
6666,1.3048489148689963
6667,0.5885177584851502
6668,1.2573904774584055
6669,0.3230293981781347
6670,1.1328963611460028
6671,-0.08717050465629744
6672,1.507033378407428
6673,0.6689671628409674
6674,1.4801215787761282
6675,0.02453607209303224
6676,1.9804883182119943
6677,0.42835585951085453
6678,1.4324482362956115
6679,0.3848918301297887
6680,0.9653171477667833
6681,0.15988357344643883
6682,-0.02596283533927464
6683,0.9212694639780263
6684,0.982543361080223
6685,0.534684442944693
6686,1.8096355642003836
6687,0.47612739146247784
6688,-0.09881839797557851
6689,2.0155015046905516
6690,1.3066780497206323
6691,1.884945791449819
6692,0.8880259771828509
6693,1.3075542411352896
6694,1.1293403057143774
6695,0.22365999838126097
6696,1.8456885874821192
6697,1.043965897889589
6698,0.14643957325417822
6699,1.4060638420696647
6700,0.19963246472165114
6701,0.8972809945452586
6702,1.3553203878933107
6703,1.4475115503722407
6704,1.1382370791259064
6705,1.3325858397765356
6706,2.620393776072113
6707,1.7772074657491226
6708,0.33192107274655425
6709,0.1259625586977931
6710,1.5082177075877747
6711,1.0187856432358091
6712,0.23690752611995894
6713,1.79336467304324
6714,0.5168505767451704
6715,0.8286986075312957
6716,1.2087133176358398
6717,0.39266694174343647
6718,0.024117874646001992
6719,0.7050656158481295
6720,1.9453715454598766
6721,0.6764738839314716
6722,0.8064493793306271
6723,0.6117647013307406
6724,-0.008209286545173833
6725,-0.09259158517579225
6726,0.6618262380998539
6727,2.7080272072171017
6728,1.5885478715669519
6729,1.0871637354879362
6730,2.1936551257825974
6731,-0.05086528980376448
6732,0.5933125467771365
6733,0.7061529918460607
6734,1.059636414611469
6735,0.6881587152656746
6736,1.0096615758751533
6737,0.9217760990385605
6738,0.3459741003898684
6739,1.4997581722210966
6740,1.1893163899710413
6741,1.2196306947517668
6742,1.6527691567635874
6743,1.7220812968094257
6744,1.1645363552292745
6745,1.7611325071304558
6746,1.8041553926949871
6747,1.0173187436296922
6748,0.3853378598979002
6749,1.8784262328912913
6750,1.6253692641825555
6751,1.7600079515754552
6752,-0.06888207633841009
6753,1.436091272816014
6754,0.7788592123247192
6755,-0.3641567324681406
6756,1.886389590624952
6757,1.1723058889219322
6758,1.512455970708761
6759,2.3386828716558807
6760,0.6354381692118478
6761,0.2873285594235549
6762,-0.09655980318877697
6763,1.6018559869071367
6764,1.9591749319633562
6765,1.3378162716490287
6766,0.558609154981358
6767,1.8057288592545697
6768,0.622825070526335
6769,1.7617950169740721
6770,1.7986186119076362
6771,0.602936213601125
6772,1.6902479210983459
6773,1.707763048761268
6774,1.3265905903424593
6775,1.9921026332199838
6776,-0.2158785065893667
6777,0.36669895815220854
6778,1.5092057806127217
6779,0.5208182788871637
6780,1.7743003970044247
6781,1.1774293855370843
6782,0.9543759126590772
6783,0.5896845899790488
6784,0.8965751655390188
6785,0.694520852857069
6786,0.2652991977259902
6787,0.832837933832398
6788,1.75727846561906
6789,0.04190515684571358
6790,1.1825562648767616
6791,0.6256014358011648
6792,1.0173109309006345
6793,0.7897367424182606
6794,0.5653463145452227
6795,1.6309488444067726
6796,0.9136290540967326
6797,0.9740547790795938
6798,1.7858840159326306
6799,0.06341270472948793
6800,0.4176442312297031
6801,0.058335918785568396
6802,0.05646416100010032
6803,1.6238091517452533
6804,0.5216515104898176
6805,1.6738118879859607
6806,0.7493237375125263
6807,0.27534132406483147
6808,0.1250124565029561
6809,0.2550245592721471
6810,1.366609406719478
6811,0.497108653450109
6812,0.2708035610902426
6813,1.4404102261700436
6814,0.6492840651450149
6815,1.9867811030771372
6816,0.5810328560829284
6817,1.2894154030345777
6818,0.7428684723597836
6819,-0.00493076758157425
6820,1.0672360813788586
6821,-0.060908106348871685
6822,1.858429799125123
6823,0.45169698257037627
6824,1.465741802375712
6825,2.0647370396717255
6826,0.7804449841485781
6827,0.34249610916836887
6828,0.9054811294745789
6829,2.366474518745991
6830,1.139692717116044
6831,0.1463255381283356
6832,2.7244899580153357
6833,1.4728378890455884
6834,0.9123273128442897
6835,1.6768247613010652
6836,1.6833158928749887
6837,1.2775294482537745
6838,0.6746262201689454
6839,0.17877039197565833
6840,0.7259377017014099
6841,0.6477449250452008
6842,0.13643456266792905
6843,1.4294426170180092
6844,0.7327807858883636
6845,0.6316919656569668
6846,1.0263196323751047
6847,0.8304561420779659
6848,1.0865300453705036
6849,2.2259555520129846
6850,1.478113221669767
6851,1.2576201081886325
6852,0.892731175522688
6853,2.2193716085740927
6854,0.9922610886677822
6855,0.6878090628044775
6856,1.7820257986657104
6857,1.5285430592725302
6858,1.3872862103052765
6859,2.2431492872659096
6860,1.2364875446000234
6861,2.0318886693357734
6862,0.12866085337770808
6863,1.1458448659300107
6864,1.4109668154482577
6865,0.9864355385534198
6866,1.4611621393677514
6867,0.07861336271774527
6868,-0.1650975287852469
6869,1.0133094024937424
6870,1.655884631573578
6871,1.2880763079440278
6872,0.9390005553936375
6873,0.7829305856331558
6874,1.9645580964334353
6875,0.520800863972422
6876,0.332089813662687
6877,0.3837375002748936
6878,0.8879466030010515
6879,1.9464133021020995
6880,1.2179283851309572
6881,1.62174636391081
6882,1.602235108445869
6883,0.2958481558694725
6884,0.9104710587769658
6885,1.2191695081140737
6886,0.3781217558963753
6887,0.18667947735314055
6888,0.5432250683072117
6889,0.1429493015037736
6890,1.5532584252932062
6891,1.5049238090337893
6892,-0.27344710915313786
6893,0.1531289309109864
6894,0.28642544810483533
6895,1.1992650074868585
6896,1.0044777901596962
6897,0.6836725536300958
6898,1.54614360759204
6899,1.9385748115761197
6900,1.4267619939012315
6901,0.4140792919792813
6902,0.8815548274805161
6903,1.0393519136308869
6904,0.2519772789724283
6905,1.5599995023015256
6906,0.16323491415920385
6907,1.176542654360851
6908,1.2181124879977925
6909,2.1753762148879563
6910,1.2903152395569113
6911,2.1415919599321627
6912,0.26781020785727017
6913,0.12642788553291306
6914,1.739679382886209
6915,1.136028590580385
6916,1.5177254907526327
6917,1.2367023051005903
6918,0.7915875230528775
6919,1.864668981308992
6920,1.4767882232479375
6921,1.4904724417239303
6922,1.2317640462933976
6923,0.9646556999712433
6924,-0.6651741307797425
6925,0.7007616845942203
6926,1.3985456939847425
6927,0.45540814803460855
6928,0.5432496758009868
6929,-0.46676086457067406
6930,1.3865395173272714
6931,2.0664467754473175
6932,1.217573850773895
6933,1.176779312923515
6934,1.3888877979045227
6935,1.4689739186657174
6936,1.230723681986176
6937,1.2551313291238801
6938,1.8146653275555322
6939,-0.15854665380201358
6940,0.038489652799061205
6941,1.1830783631442456
6942,1.4748673775694656
6943,0.29869938583941313
6944,0.3363767624050805
6945,1.0653710049402185
6946,0.34106319289423076
6947,1.3280218772978718
6948,0.6550118576642127
6949,0.384426136736729
6950,1.0808336372424026
6951,1.7299495662939741
6952,1.617462202173662
6953,-0.11779493465009888
6954,0.3592187560132881
6955,1.5451117195161217
6956,1.2488235363961304
6957,1.1065852245288696
6958,1.6829459967532692
6959,0.7394388278296674
6960,0.10690325364422569
6961,2.1147193858032427
6962,1.462999609737817
6963,1.3966149451411054
6964,0.4196143140017851
6965,0.11769443925171497
6966,1.311020243887878
6967,0.7902211333064495
6968,-0.044716953294831274
6969,2.1836885733764317
6970,0.23043485157584281
6971,1.0536029499628856
6972,0.42855019041404985
6973,1.1143042100832052
6974,1.690311204204611
6975,0.625874305791323
6976,0.17697798871165682
6977,-0.12323998235219952
6978,0.719144848494337
6979,1.5048687900962052
6980,1.0415705189177644
6981,0.36389402017188777
6982,2.1475750603072963
6983,0.5988892213599936
6984,0.5168372426018298
6985,1.1500858694716878
6986,2.0704762147753613
6987,1.0788376319554949
6988,1.5533092115159248
6989,0.3682025192620096
6990,-0.13214906237514443
6991,-0.30469335541101916
6992,1.26446834965516
6993,0.34725584923115316
6994,0.32922395354519984
6995,0.9972036397088518
6996,0.08030845873884113
6997,0.9003945599092512
6998,-0.03740516896412609
6999,0.9089542331107178
7000,2.090151264213097
7001,1.0160457930349374
7002,1.8215002793179076
7003,1.3690760793492744
7004,1.1592976349489577
7005,0.9004782566856817
7006,2.308513547477154
7007,0.025144814672247842
7008,1.8640437457893804
7009,0.9117659266473416
7010,-0.01946997148215074
7011,0.05152825212543091
7012,0.024060222721491442
7013,1.1622217635215066
7014,1.2510265783862309
7015,1.7621271809301091
7016,-0.020364409500958483
7017,1.1370926051069243
7018,0.35893570724272605
7019,1.5297147216609948
7020,1.3853630293796544
7021,1.1906393608296046
7022,0.8587430151006334
7023,1.74627090852363
7024,0.10401817008548679
7025,0.6835963868062099
7026,2.316513080612815
7027,0.7212970395111828
7028,2.1124739924099396
7029,1.1389438511474699
7030,0.6183787117695004
7031,1.5015852729748465
7032,1.4389446560509656
7033,0.46637651368382904
7034,1.515993066707194
7035,0.3217442542212441
7036,0.5596190707610555
7037,0.4156519269483129
7038,0.16022910973085586
7039,0.7759253856723329
7040,0.5777614119828334
7041,2.1580909908964303
7042,1.0567017710082525
7043,1.4304515487324265
7044,-0.10988428409489265
7045,0.057232096208606795
7046,0.9221045257891469
7047,0.2366342695474096
7048,1.3113937718889328
7049,1.1286396118137745
7050,1.6639704369971124
7051,1.117908203152826
7052,0.9267753704593824
7053,1.1779159579913872
7054,2.1971785061480675
7055,2.141291937239937
7056,0.44805678457885134
7057,1.2367927956571052
7058,1.0571097129450362
7059,1.5701279148027794
7060,1.5616868714587258
7061,1.7550258283477618
7062,0.06649394232637801
7063,1.2033998942287527
7064,0.9418155888766453
7065,1.3958825508545905
7066,0.7320247942786883
7067,-0.1681204257738402
7068,1.839758812273943
7069,0.2670761416490256
7070,2.2739617852428444
7071,1.513075620161787
7072,2.1221665777745784
7073,2.0314230538281706
7074,1.755252175434595
7075,1.8677121016001124
7076,2.0869719350324885
7077,1.1153280265030536
7078,0.5058152456387011
7079,1.1428861561718948
7080,0.8593490088602321
7081,0.6076872989607127
7082,0.09357171106198073
7083,0.7595237192793407
7084,1.2456454215295667
7085,-0.14271322756417512
7086,0.6284347359127345
7087,1.215841720936427
7088,0.6555278380730607
7089,1.90918392386686
7090,0.9940514777172053
7091,1.3963203868364156
7092,0.24500122926267695
7093,0.4969027399775636
7094,0.06385021961119648
7095,1.4055904807859538
7096,0.49814282400704873
7097,1.3328151848088026
7098,0.33037264802251964
7099,0.5036937948724601
7100,1.8660861016622934
7101,1.3087494899536574
7102,1.0994124052905838
7103,0.4388216724776433
7104,0.208694590832336
7105,2.021512845247086
7106,0.1356485505139035
7107,1.729743617712388
7108,-0.3146602790221163
7109,0.6275383297806504
7110,0.43095849582627077
7111,1.9184666914559552
7112,1.4860664819316656
7113,-0.2277131513031625
7114,-0.03014576256124274
7115,2.5149569239611194
7116,0.49793238337595136
7117,1.327301760615402
7118,1.4592528926230652
7119,1.9560760666906738
7120,2.206232785626678
7121,1.35082299811523
7122,1.4723881244367694
7123,1.816583266926394
7124,1.0370740097533142
7125,1.9458381576141885
7126,2.2770821091502373
7127,1.491336974959563
7128,1.1319088049035038
7129,0.6952872676769244
7130,1.9182954554397535
7131,0.21300160767067042
7132,1.7601727822982456
7133,1.2060148366280112
7134,1.1409801797491315
7135,1.0920339096270786
7136,1.9557713519713111
7137,-0.06739273172229907
7138,1.6307692001020975
7139,1.5089607214380236
7140,2.057674811381511
7141,0.6685924665817141
7142,1.1818507111768695
7143,-0.13719657709421626
7144,1.5866148253487817
7145,-0.3073976208590002
7146,0.015578796077818563
7147,0.3788514511022367
7148,1.588157072647608
7149,1.729142125095383
7150,0.13772038522565608
7151,1.550223484351695
7152,-0.17932959017411262
7153,0.5316822268861505
7154,-0.13586067208569408
7155,1.117178441801322
7156,1.5813620508576278
7157,0.2566293599751192
7158,0.8730949356604532
7159,1.7550953990720444
7160,0.12734464261845602
7161,1.6737602444025792
7162,0.6245677037259858
7163,1.3463293901532993
7164,0.0874063299838594
7165,1.1941305475372843
7166,-0.04243373074768825
7167,1.1930752417262775
7168,1.1825142784898337
7169,-0.03102330225962263
7170,-0.15446135163382035
7171,0.554823169682227
7172,1.219391683633764
7173,0.3819079915408926
7174,0.9019334782403154
7175,1.7906501737283134
7176,1.9811351474358296
7177,0.17788791173173446
7178,0.8228047742352854
7179,1.6916819286663065
7180,1.839005153678128
7181,0.3949060305276427
7182,-0.083324434292528
7183,0.8044898892345982
7184,1.5180876804835826
7185,1.0660865565337108
7186,0.2924164395019304
7187,1.0787336833872336
7188,0.22445970427624976
7189,1.3237801409373133
7190,0.7294763680767979
7191,0.4618321263409171
7192,0.8448231377052006
7193,1.6000688194327193
7194,0.06676704105886849
7195,0.0737944992714008
7196,0.8758366225784544
7197,0.9875129330373924
7198,0.902881389525998
7199,2.1688958160848117
7200,1.3705363782531599
7201,1.9543764946036595
7202,0.22608697824215096
7203,1.7341234007954869
7204,1.2374494938427136
7205,1.7373064465509052
7206,0.8065628216616861
7207,1.7713628298724482
7208,-0.20332637865150577
7209,0.6584103651671752
7210,1.3959253057771033
7211,-0.022850894065317526
7212,0.535723484765566
7213,0.7341997790479338
7214,1.9337934547631983
7215,0.14685505357682316
7216,0.5943331421236754
7217,1.49477833972177
7218,0.14666694426928978
7219,1.9031532173858834
7220,1.151589476097616
7221,1.649827050170234
7222,0.8893788539029448
7223,-0.12123158477189194
7224,1.7790693437667866
7225,0.8221106654251731
7226,2.114412482238853
7227,0.2229335355084825
7228,-0.2324221151149738
7229,0.794137997528043
7230,1.675838102164293
7231,1.2122061021845707
7232,1.501947383108207
7233,1.5517248521372529
7234,0.7927633597177476
7235,1.8267913877922255
7236,0.9224687277061309
7237,1.5319329194073095
7238,2.164714782831701
7239,0.7158199413723658
7240,0.27103324263477985
7241,1.4179132630181455
7242,2.2985806746994917
7243,1.2201125744192811
7244,1.3670788644506882
7245,1.4145473632275634
7246,0.5562173147298758
7247,1.8161913428615946
7248,1.3415919855598304
7249,1.0016331257378557
7250,0.8813753627723125
7251,-0.042038276246024575
7252,1.3393654966095538
7253,1.8123567756660792
7254,-0.14899335511620465
7255,0.5378101732156279
7256,0.7098578046381059
7257,0.18243826791424933
7258,1.723182883412852
7259,0.8177927680481489
7260,1.604873967657203
7261,1.568213102136248
7262,1.0194071283146997
7263,1.2158532484295836
7264,0.42709651124825915
7265,0.8164059989622328
7266,0.9503686020953916
7267,-0.012505742989754556
7268,1.7681168231677475
7269,0.06747826340096784
7270,1.0323130853851876
7271,0.732543270191107
7272,1.1718651518897307
7273,1.5211600826001361
7274,1.0918706719724431
7275,0.08593862415321696
7276,0.12050791081707513
7277,1.7487299443494613
7278,0.15080850600132711
7279,0.3810035870893296
7280,0.6100371840133118
7281,2.1596743683462587
7282,0.3137257125375702
7283,1.1249340868762199
7284,2.499733828868199
7285,0.9909578262582468
7286,1.9041498795702525
7287,0.6859842787485098
7288,1.8894850875782179
7289,-0.12064515213560942
7290,1.2333622446762422
7291,1.7988586856578277
7292,-0.4302595865851549
7293,1.5718620058785446
7294,0.9495289243900862
7295,0.1600447169586839
7296,-0.0230756266490076
7297,0.36124885751517066
7298,1.165477999026024
7299,0.9958750841726378
7300,1.0680111541018937
7301,1.3243189230175831
7302,1.8477834802226107
7303,0.6456837591009184
7304,1.5486008420812376
7305,0.8591085080108876
7306,1.3669683935818644
7307,0.8952781054614367
7308,-0.5966482350762414
7309,0.15372893245941824
7310,1.8566490507585218
7311,0.9909092181445432
7312,1.1896304477899105
7313,0.6781876528138977
7314,2.206504444379153
7315,1.0331583347054847
7316,1.8288213794413894
7317,0.5872335319319694
7318,1.064563163429938
7319,1.3506096840682322
7320,0.338101067750868
7321,1.472737926844847
7322,-0.27333668841580444
7323,1.4532038715378426
7324,1.8754243094063108
7325,1.5747877193506752
7326,-0.36620047342615575
7327,0.8355547060948236
7328,1.2707866441350564
7329,-0.13363958359272257
7330,0.8090616880993465
7331,0.6970092811637856
7332,0.2629732048622297
7333,1.9273084641595362
7334,0.11347084506590613
7335,0.16458525335133056
7336,1.8691281463994214
7337,0.10261465684290595
7338,0.7248228745120302
7339,0.6831673717177601
7340,2.2181634022665104
7341,0.3458269363646108
7342,1.057620817430549
7343,1.1983007985406973
7344,1.1695968474753964
7345,1.15360311009051
7346,0.9249952019383589
7347,0.04689781213245192
7348,1.3650567554825999
7349,1.1650664111042177
7350,0.4387443840305486
7351,0.2395840612377485
7352,0.047715869552698326
7353,1.200204991290619
7354,1.1659622626880513
7355,0.2580087564125217
7356,-0.09802631286686511
7357,0.07387602295254841
7358,0.8686196682938007
7359,0.35473908364165807
7360,2.4458268273376262
7361,1.1103270362978956
7362,1.1441054176002468
7363,1.8471543668350339
7364,0.799680517436196
7365,1.303185882746814
7366,0.27341816840719
7367,0.056931029526984006
7368,1.7267001651133203
7369,0.14257276288238552
7370,0.08464003641422137
7371,1.6060813667220488
7372,0.8632563437151284
7373,1.2322173575181967
7374,1.567456960467217
7375,-0.3268473442069027
7376,0.44808185824009034
7377,1.3961844411720956
7378,1.1911745780834038
7379,2.223848930914256
7380,0.993732325171318
7381,0.4628406467085364
7382,1.5817499345727803
7383,1.9861821585531567
7384,1.6269851756052867
7385,2.2356172518912563
7386,0.6102106413027253
7387,1.9043867019470622
7388,0.051627927758464004
7389,1.0068372094837956
7390,-0.19879377138528834
7391,1.1847055869000513
7392,1.2351102803428073
7393,1.9133246433060458
7394,1.8514944250750307
7395,0.477941655521219
7396,2.002676416941826
7397,-0.33114356891335894
7398,1.2301394139577755
7399,1.2919390101910857
7400,1.376823528111246
7401,1.0112147097185047
7402,1.3043061189703031
7403,-0.20064361202525668
7404,1.4015966957233936
7405,2.217880248236008
7406,0.7002365649502436
7407,1.997981579974972
7408,-0.1832865721741032
7409,0.33730801025834256
7410,0.4859011128811935
7411,2.0498992480163905
7412,0.40403889257254166
7413,1.6355840224732565
7414,0.6823834474271517
7415,1.068354284956826
7416,0.01996818587867752
7417,1.254692719247908
7418,-0.030741319295237962
7419,1.130984982062209
7420,1.356417117194241
7421,1.2808128850501161
7422,0.8930562616789085
7423,1.8500713970010256
7424,1.2164155688670677
7425,0.900702657473575
7426,0.5563218729247036
7427,2.1856318346569594
7428,0.46545729015979587
7429,0.48722047934878565
7430,-0.08054728742776943
7431,1.0421977057788512
7432,1.789526720263952
7433,1.7847923802625767
7434,0.9201421865388183
7435,0.10394262175849062
7436,0.5804170162640887
7437,1.5700956537444506
7438,0.9358644533145929
7439,-0.22303156620790834
7440,1.5029193851308926
7441,1.008355231644599
7442,0.44830747823429595
7443,1.4767247655120264
7444,0.062132914842736156
7445,0.5908775017046874
7446,0.1091965475086992
7447,2.2255175338985125
7448,1.6500197065230142
7449,0.673335183207145
7450,0.12869508320974354
7451,0.2042686849219465
7452,0.49675315242400775
7453,1.4784826370976403
7454,0.4190813922472477
7455,1.8462619655764487
7456,1.1934970566175793
7457,-0.09416257970853545
7458,0.15045976666167404
7459,0.29180649907788986
7460,0.29139057199271406
7461,0.042994215446829125
7462,1.8355666324675088
7463,0.8695886605294727
7464,0.3929138970251147
7465,0.8337840266947594
7466,1.306952864374624
7467,0.7561250145308719
7468,0.6932244317228116
7469,1.1459383558056297
7470,1.3037966366960796
7471,2.2628643095287435
7472,1.1846874221289285
7473,2.0937052013380457
7474,0.6052285458667244
7475,1.0264735120077997
7476,-0.17971253933576284
7477,0.5735004460118915
7478,0.44570593164780886
7479,1.2207860855535513
7480,0.6647911869781502
7481,1.1974053541504817
7482,0.728340127706875
7483,0.5693299274636253
7484,0.2913704835023296
7485,0.6776057042652623
7486,0.6380887168270959
7487,1.4771688154100289
7488,0.5850149944972378
7489,0.09142016561747632
7490,-0.052223379705903294
7491,0.9319674707576943
7492,0.05175497021323472
7493,1.367605494078386
7494,1.7627839823833045
7495,1.8303932835494676
7496,2.12670741715437
7497,0.6461809573950863
7498,0.40477063900400595
7499,0.7905861689990762
7500,1.1317430820540513
7501,-0.12589587343484945
7502,1.1411995267011195
7503,0.5132937511705037
7504,1.1953401626955966
7505,1.541785221871533
7506,0.48661854251872644
7507,0.28507218523991884
7508,0.07434955142555921
7509,-0.3947747320158951
7510,1.6128746946199581
7511,0.29804560018063697
7512,0.4548502075599984
7513,1.6443878353713552
7514,1.333212266283136
7515,0.1549637290759111
7516,1.2936026663458193
7517,1.1077121322490553
7518,-0.08394803150278007
7519,-0.05750749862959152
7520,0.3908699204689532
7521,1.6938354930541157
7522,0.14746832397389562
7523,0.2042089817161288
7524,0.7478389389880247
7525,1.1279594368527956
7526,0.49875888654699385
7527,0.694000143171372
7528,1.1422023520939906
7529,0.368022277583716
7530,1.0185438950727557
7531,1.3386015607095734
7532,0.12146407242264065
7533,0.19504874607918352
7534,0.5064846649765189
7535,-0.031116238576067906
7536,0.3450052767515065
7537,1.3996877393097586
7538,1.8161438972167487
7539,1.7793432425722586
7540,0.7159536031322351
7541,-0.06871782131639009
7542,0.25131925164505975
7543,0.02383149543497301
7544,0.41594605240653054
7545,0.8463649421980973
7546,1.5658893028800736
7547,0.4512280496263913
7548,0.024105201417963518
7549,-0.15397570781124928
7550,1.170089892098251
7551,0.6444095763157291
7552,1.3396698696295257
7553,0.17801254650281648
7554,0.7381860182656362
7555,1.4921508111335196
7556,1.520448301825723
7557,1.9655260317270193
7558,0.5438543145744013
7559,0.39499751821499657
7560,0.48951608654714807
7561,0.2321397149490536
7562,1.2329537326752646
7563,1.6006273129848907
7564,0.5609138081141404
7565,0.397847152972073
7566,0.7584921695624329
7567,1.2653306636100001
7568,-0.2750364056983042
7569,1.4082615735336002
7570,0.4761460332651083
7571,0.11963831531054045
7572,1.2681177139747986
7573,0.7880255832871366
7574,0.938825686423223
7575,0.9506972860358678
7576,0.6029215996915077
7577,0.9351439299169831
7578,0.7706770180514532
7579,1.9899533077544103
7580,1.106848419912986
7581,0.6387494378921195
7582,-0.39592765624437065
7583,0.7836729829399788
7584,1.5741550329361955
7585,0.26118014523222105
7586,1.0826235266420596
7587,0.8650133385404697
7588,1.8685117570074297
7589,0.23239712120335154
7590,0.11857552776821306
7591,0.6800739137073529
7592,2.2125527471156623
7593,1.029759597106002
7594,0.2952076136219256
7595,0.36890107948196904
7596,0.16066610713154564
7597,1.3586934253094292
7598,0.5188786069178056
7599,2.0529923084323065
7600,1.1497928939346067
7601,1.1249932079684344
7602,0.9733015023426844
7603,2.1262612880342155
7604,0.7536090134858104
7605,0.4190755790104105
7606,-0.15013680890099854
7607,1.7654145137236132
7608,1.8010920606468692
7609,0.9451161827838886
7610,1.038257552741608
7611,0.827017744360599
7612,0.9057227952756421
7613,0.13323534440939128
7614,0.8198783595063505
7615,0.8686639688178406
7616,1.4056548795815336
7617,2.0062552913882974
7618,0.15437485932704728
7619,0.42818065035401676
7620,1.4915888636027286
7621,0.4007897879788558
7622,1.1209654955975732
7623,1.0323097646172426
7624,0.23290495316800386
7625,0.2839907646227964
7626,0.8657423012262736
7627,0.023315102217085187
7628,-0.14275477210060447
7629,-0.0324553277406959
7630,1.7159013641283087
7631,1.8105411371721585
7632,-0.059189367959672806
7633,0.36143808271212974
7634,1.5772390843178319
7635,-0.007427560951691212
7636,1.3874769983830697
7637,0.2436831145405865
7638,2.01022348315044
7639,1.7968692395441306
7640,1.7362540190888436
7641,0.7566346788530206
7642,-0.038628237135039684
7643,1.2152436641204134
7644,0.7246173438868473
7645,0.3816139380358432
7646,0.8445807196168788
7647,1.6344598067991445
7648,1.245718065824394
7649,1.7569227609300715
7650,0.7336905926498396
7651,0.28544845670947055
7652,1.2724113339246745
7653,2.145883076289156
7654,1.1309069199856148
7655,1.7356843599634786
7656,0.2793433640609408
7657,2.2196403974986465
7658,-0.0435140798958836
7659,0.21795648559296987
7660,0.25934503994426167
7661,0.2861177347752796
7662,0.8572852958855746
7663,0.31261980619197305
7664,1.7340278404923462
7665,1.2796618463237726
7666,0.19480772413275863
7667,0.2397724804696524
7668,0.010509746942834491
7669,0.7013691882815943
7670,1.1851219394548347
7671,0.3111240890053344
7672,2.208193455448159
7673,1.3216506764197513
7674,0.5595061198873167
7675,1.4281810368528138
7676,0.06240121682124129
7677,0.32773383400859785
7678,1.8629964257263836
7679,0.7234826389167833
7680,0.543748727768371
7681,1.1373336238780627
7682,0.9716807084579246
7683,1.2482183221670784
7684,0.5408214165839207
7685,0.16293651546893784
7686,1.2162909046302712
7687,1.0253652817437064
7688,0.5155966966426284
7689,0.3949803704269316
7690,0.7312062759093751
7691,0.43268960625051456
7692,1.078759027651474
7693,2.006518044829884
7694,1.009888099200813
7695,1.2010485233265014
7696,1.3015262155787906
7697,1.7641074031620145
7698,1.474640515977064
7699,1.6811900719057944
7700,1.4260355139291938
7701,0.682079612336436
7702,1.0257319287696753
7703,0.6986891151512931
7704,1.6979968633894984
7705,1.3551222415693114
7706,0.44004666074530596
7707,1.2874554830769414
7708,2.0531698153787192
7709,2.1623311384286508
7710,0.9806280445891881
7711,1.5662431913888297
7712,-0.10156123019080648
7713,1.7576638046423425
7714,0.5194782773929707
7715,0.6208338322407677
7716,0.4300878762831255
7717,0.9143614743824158
7718,0.9695413300311531
7719,1.4219999259714426
7720,-0.2419268658667026
7721,1.0605326041404357
7722,1.5428789249834645
7723,0.5543156610781022
7724,0.22306562846169
7725,0.9557347199440053
7726,0.6450429110162403
7727,0.6349800927661309
7728,0.7425212722171437
7729,1.1673630925728433
7730,0.5808822257388073
7731,-0.15817040162187432
7732,0.9647079601937769
7733,0.9398534852257706
7734,1.8017138319392887
7735,0.6017748323355022
7736,0.1671237019240181
7737,0.8041781822340126
7738,1.0978184009474685
7739,0.7791474730414854
7740,1.652106836487661
7741,0.05231047187001048
7742,1.5018669773943216
7743,2.1147145991074616
7744,-0.541891646196669
7745,0.16652225457250458
7746,0.33511521194372995
7747,0.08209229460527369
7748,1.9233363661457585
7749,0.2731833665975108
7750,0.42780195882371036
7751,1.0083911439016333
7752,0.18993293248129486
7753,1.5744614964941153
7754,1.1695149269842653
7755,2.1015384390289302
7756,-0.23424793558475687
7757,1.1359933193653855
7758,0.07076598886218538
7759,1.7581243423342103
7760,1.0031101044630442
7761,1.868349072052837
7762,2.0011110171517466
7763,0.9452392213474019
7764,1.6452185852615082
7765,0.16906937394452115
7766,1.34246185006289
7767,0.7188451641483453
7768,0.4463783121861241
7769,0.7628121209508941
7770,0.33189284142393605
7771,2.174972255793195
7772,1.1844169080013434
7773,1.6714243402863784
7774,0.8235495154976994
7775,1.874293154165687
7776,1.0976331523430676
7777,0.41062572256423513
7778,1.1310430012405173
7779,0.2069091068232225
7780,2.852765494640567
7781,1.1024144657287673
7782,2.664243618036025
7783,0.7022934030573061
7784,0.8140689312831321
7785,1.272971264059505
7786,1.2312908355512067
7787,1.0047208274727186
7788,1.5150610425238278
7789,1.7230157776143948
7790,1.4701055332586668
7791,1.1229316751020175
7792,-0.577306188881701
7793,1.8819296112919492
7794,1.250769935662307
7795,0.5529160971815879
7796,0.6068800256854963
7797,0.10044659667375401
7798,0.6393486847825414
7799,0.9728266098512709
7800,1.564533171783923
7801,-0.17994033366872378
7802,1.491540460987481
7803,-0.11602338617247754
7804,1.8702063420288302
7805,0.43362845698002794
7806,0.7643938269334446
7807,1.2007113667411042
7808,1.2591947724990744
7809,0.7243872883174794
7810,0.5565538806220808
7811,1.4890896984976307
7812,1.743731391761109
7813,0.8757674419670005
7814,1.097332062843851
7815,1.1175846906669622
7816,1.33155323669663
7817,1.3862587169954428
7818,0.97584921606507
7819,1.0927819047448142
7820,1.233500773323766
7821,0.5769297074033246
7822,0.7096312482856566
7823,0.7801580208876365
7824,1.7176401019814256
7825,0.9583872531229307
7826,1.2558421954377532
7827,0.26686196849712596
7828,0.25605356071893925
7829,1.1671532899170638
7830,2.102435222480035
7831,1.3652205621604698
7832,0.27048301337334585
7833,0.8924706195786958
7834,1.8758642553505736
7835,1.3184232758694956
7836,2.2922914094030675
7837,-0.11523711166971193
7838,0.8845773534020577
7839,1.7443840136641844
7840,-0.007357644405285121
7841,1.9378009727000816
7842,0.13217221541146848
7843,0.07724850983814048
7844,1.6128951111328058
7845,1.8641738347286478
7846,0.7704647269909224
7847,1.3610790885131123
7848,1.247216451121238
7849,0.6773019539302354
7850,1.040357919076254
7851,1.1900616947685199
7852,0.867162140057482
7853,0.02981995397756254
7854,0.6975099024716027
7855,0.13823380042808242
7856,1.1848662591532602
7857,0.7148048592937353
7858,0.49579049170475764
7859,1.3780935658707982
7860,0.4473864516498434
7861,0.6962287977257218
7862,0.2607177259801352
7863,1.0124057015311534
7864,1.4091679337266187
7865,0.8982938301403145
7866,0.2382575585126632
7867,0.00013173044612380114
7868,0.22287141616086434
7869,0.39528692629253803
7870,0.4743071020552078
7871,1.2668975816395178
7872,1.4290909568872852
7873,0.9648401294717223
7874,1.1022976453054212
7875,0.23714821482125673
7876,0.19277336721792
7877,1.1387839427639375
7878,0.5416141901451008
7879,2.304957866703909
7880,0.5791125252135858
7881,0.9513540242788963
7882,0.6701432323819455
7883,0.5728251238551483
7884,1.0275963749102965
7885,0.20836502195355097
7886,0.8517113063020045
7887,0.7280063639364656
7888,-0.27913793968702094
7889,1.5385514424333397
7890,0.9593767603999269
7891,0.5622116711196816
7892,0.4627745831764245
7893,0.8768548832044907
7894,0.6057146129475823
7895,1.3969633952079865
7896,1.178091625354388
7897,-0.11225961094823753
7898,0.607764833619348
7899,0.2067600768308306
7900,0.6134087029120672
7901,0.1821619861525272
7902,0.5561210472153797
7903,0.3522768887635701
7904,1.0226365881966744
7905,1.9013316216361877
7906,1.8024167241020081
7907,0.6955307651694658
7908,0.18000063099556785
7909,0.878183040816009
7910,1.9460226550055517
7911,0.9339315321702982
7912,1.0462874560137612
7913,-0.06404097205224552
7914,0.6098548400947166
7915,1.0332182277058153
7916,2.0592554721621403
7917,0.3423670905015792
7918,1.1330981959665538
7919,1.676056303087511
7920,0.4178313346409488
7921,0.5016535844017185
7922,1.8064983786012498
7923,0.3953119628149676
7924,1.177888159357225
7925,0.6901314175224147
7926,0.7128162666200081
7927,0.6843606930433994
7928,0.6349277146681536
7929,1.156012406132959
7930,0.740157097108466
7931,0.3496395855257374
7932,1.0482829283864048
7933,0.7234596322920541
7934,1.6651178688485373
7935,0.8621395923081844
7936,1.2341015009017726
7937,0.735122189287017
7938,1.267610955384298
7939,1.6294207467197421
7940,1.2354959360576667
7941,0.6364457810094838
7942,-0.02312255253760831
7943,1.4611211877069592
7944,1.5425319738080718
7945,1.5929567407753358
7946,1.493593717281145
7947,1.512569655669688
7948,0.3297239735454439
7949,1.8845079548014532
7950,1.782410126605479
7951,0.4267526222418746
7952,0.34697866861401805
7953,0.9023781780465542
7954,1.2238448812997311
7955,0.9397888922093104
7956,0.5518626671455404
7957,0.6273075506050743
7958,1.0721679501593548
7959,0.5226963546773216
7960,1.899616993936487
7961,1.8954576458948216
7962,0.743422471735258
7963,1.8156129828797687
7964,0.5621595857955962
7965,1.5443344344423178
7966,1.5422908912763784
7967,0.43706438315183715
7968,1.456137072043632
7969,1.909743128170877
7970,-0.19428458186929234
7971,0.3370542189777128
7972,0.34628074059750014
7973,-0.45691578814127903
7974,1.0506954400995066
7975,0.8266304523115788
7976,1.6130185895435647
7977,0.6808310319967129
7978,0.10163266132228392
7979,0.36502288264178306
7980,1.319525840224157
7981,0.15475595751818993
7982,1.1936204857676922
7983,0.27234993002431096
7984,-0.35750578217157025
7985,2.0076835092433867
7986,1.7372813099126765
7987,0.9266317733250384
7988,-0.09723885919055897
7989,0.33725165396707113
7990,1.595130316343785
7991,0.36230170945483164
7992,1.0251688412063433
7993,1.7471335249752853
7994,1.176256133741094
7995,0.32464800381581116
7996,1.1010568093397002
7997,1.223472747982897
7998,1.1314701338904787
7999,1.1429450977527083
8000,1.368458490661836
8001,0.834941318209982
8002,1.0034375605455592
8003,0.049337389773613044
8004,1.8592185490619735
8005,-0.0486253402783296
8006,1.5588299187969663
8007,0.909650457859976
8008,1.0766623151095356
8009,1.3119805357924141
8010,0.6083625703982234
8011,-0.16930299433468418
8012,2.029059983833856
8013,2.3975953226680637
8014,0.572420183482533
8015,-0.16902130450812008
8016,1.3324959742597393
8017,0.6097562754951997
8018,1.334700745792993
8019,2.2199048324882162
8020,2.31430291397713
8021,1.9641269872833043
8022,1.1833208130621966
8023,1.2567496786261847
8024,1.5477886102642255
8025,0.4917860274590781
8026,0.2703354109495022
8027,0.7715111501089373
8028,2.1030676567663336
8029,0.017984159660931358
8030,2.04456825420493
8031,1.7696607825597221
8032,2.7064023232030467
8033,1.5552270383529072
8034,1.0290350371898134
8035,0.43602134818499827
8036,1.952385009817609
8037,0.8749602992650675
8038,1.1714309171679382
8039,2.316654861491483
8040,-0.06632972268767992
8041,0.4366155642075914
8042,0.8673569003235784
8043,0.5927734552279834
8044,-0.06353196659489743
8045,0.5604854175549497
8046,1.4758139981794345
8047,0.044575995234327356
8048,1.6457923949556073
8049,0.1353750528010108
8050,1.4934970612394456
8051,0.14531333346167866
8052,-0.09157027063979142
8053,0.20791540510505058
8054,0.0028213140585239133
8055,1.1725593649897657
8056,1.688286813108648
8057,1.2481921340647448
8058,1.3217642237255283
8059,1.8730285447665147
8060,1.056798230295384
8061,0.9559422096585044
8062,0.3421155465555129
8063,1.1681619939106418
8064,0.632238809679017
8065,0.7719233171684252
8066,0.9636381320762482
8067,1.246727296189158
8068,0.8503721229567295
8069,1.476477113021065
8070,2.249345192999968
8071,1.3092092663174708
8072,0.3952684975820523
8073,0.6197367923495198
8074,0.4891959484456973
8075,1.811309491861658
8076,0.8749620586460062
8077,-0.34513035814934157
8078,1.2700911637279233
8079,1.5619344075286137
8080,0.14098794277520882
8081,1.5676427486477735
8082,0.9736713704041
8083,2.355006277388819
8084,0.05950893495273621
8085,0.6576678518639378
8086,0.6250974786472131
8087,2.0273950853755642
8088,0.30143983075641534
8089,0.6072464752586686
8090,1.2037363667406837
8091,2.12306971511359
8092,1.6371666326026644
8093,0.8827829963474404
8094,0.3388112262079219
8095,0.4991785783812378
8096,2.1879793830077556
8097,0.053327070622829736
8098,1.7960994454427586
8099,2.220118765845329
8100,1.2682793648562252
8101,0.3852329746915243
8102,0.0022119810197190337
8103,0.07799454955987033
8104,1.3478654062492583
8105,0.5824384232686699
8106,1.9388987467051704
8107,0.5926996523221206
8108,1.8916776510687405
8109,1.15960195936693
8110,1.8588361064145944
8111,0.19908125837864513
8112,1.5811447083592745
8113,1.8614531474780782
8114,1.510815155154348
8115,1.5550463683073625
8116,0.17178485349468647
8117,1.4588099064316649
8118,0.6724479026931132
8119,0.43544223435879587
8120,1.9151534005064277
8121,1.639721387012602
8122,2.1441231770188356
8123,1.5198924730691281
8124,1.9100473842106342
8125,1.9154614903784724
8126,0.3181019743810911
8127,0.002534606046010718
8128,0.9717559350819082
8129,1.0013488483535387
8130,2.077825655146603
8131,0.36828130452314367
8132,-0.05600865661275928
8133,1.4197452115098637
8134,0.010675238966134315
8135,0.6121556444957525
8136,0.3884325268160421
8137,0.4097834985232428
8138,0.6927197984305065
8139,0.1592254502435469
8140,0.3853611716103461
8141,1.0746631865075398
8142,1.1661326290671867
8143,-0.0748186886744891
8144,1.5395713180668986
8145,1.0152556780641477
8146,1.048272317641104
8147,-0.013165690829055207
8148,0.8217948300510771
8149,1.3616523654884767
8150,1.5998510388192841
8151,0.9635325534593202
8152,1.4980663586416143
8153,2.4606583196991467
8154,1.0400383968505638
8155,0.36632595174100124
8156,0.39470336695796315
8157,1.2433388625254116
8158,1.3386002105980048
8159,0.6958947565468419
8160,1.3216766196985783
8161,1.4114553479801786
8162,0.009834072234684077
8163,0.6161504684641097
8164,0.663621107171892
8165,0.6953314708636047
8166,1.5965998602493812
8167,0.8865248114174544
8168,0.8888415739085131
8169,1.0624218029705237
8170,0.5760424120703709
8171,0.9153060505692716
8172,0.30918326574534555
8173,1.4566709511644331
8174,0.2243196834820753
8175,0.4760540012062321
8176,-0.09529021588479489
8177,1.7574744600650887
8178,0.7190274794117804
8179,0.5447265301763005
8180,0.5580830920055296
8181,0.8373563639797159
8182,0.029070059878047838
8183,0.2726259600296138
8184,1.4712198008083792
8185,0.8185612315828048
8186,0.5955959640102028
8187,0.3262452456599909
8188,0.3269100682628169
8189,1.7843111791947703
8190,-0.1610062206877822
8191,0.5286712690419777
8192,1.317745326157312
8193,0.43226745643172826
8194,0.05965018892877648
8195,0.9263330313426371
8196,1.7068360831613796
8197,1.7046774903601432
8198,1.2584410141951472
8199,0.035341191900721367
8200,0.22029743566917367
8201,1.060250661891225
8202,-0.030250063770365376
8203,0.8436135574259892
8204,0.9698468691949836
8205,1.1704563554051464
8206,1.3366069089073567
8207,0.9928248950955197
8208,1.1226375734533478
8209,0.4282218170166379
8210,0.8331295423594778
8211,2.152059585207038
8212,0.6070196500157446
8213,1.7499847724629698
8214,0.6103534345797605
8215,1.145384246777884
8216,1.7819669317333158
8217,1.5880479869160695
8218,0.9622688929990478
8219,1.3999724433620542
8220,1.688581341276129
8221,0.5605184077138996
8222,0.5192601798705471
8223,0.31366245594142883
8224,0.4385967538861813
8225,2.116349186841584
8226,1.6049974861532725
8227,1.1141935114382013
8228,1.1482702963762428
8229,1.6117805738497826
8230,0.11779813523891464
8231,0.8964515493652775
8232,0.8635753570844553
8233,1.849071565031047
8234,1.4415297862809262
8235,1.8342155536149596
8236,0.9934608804176825
8237,-0.17719058482462266
8238,0.5662604879704521
8239,0.3040953510282988
8240,1.322963819507008
8241,-0.0584527875558529
8242,0.1970554539171489
8243,-0.20461949905083787
8244,0.4750216946560701
8245,1.8172483222009115
8246,0.6861282366496497
8247,0.7437913944456098
8248,0.9139186422458281
8249,0.43437852085179707
8250,0.10591211845067174
8251,1.7451154765229813
8252,-0.07942568625418744
8253,1.8729124052762705
8254,0.5140027429384304
8255,1.6713801484578088
8256,1.083303685989895
8257,0.8241570629833168
8258,1.6182011538077645
8259,1.1504067916220613
8260,0.3550697565120011
8261,1.7136824986981751
8262,0.344814373844518
8263,0.6705106522194277
8264,0.8306820951030621
8265,1.8505663730673707
8266,2.2404677021805344
8267,0.7689178150213045
8268,0.03393655350685143
8269,1.383360873508497
8270,1.2134754391244875
8271,1.0480506709290727
8272,-0.8535710165401522
8273,1.6336782050214793
8274,-0.04300287576380518
8275,0.12376832519522105
8276,0.1201829723438969
8277,1.1578693326297507
8278,0.611247012031223
8279,2.038787972989629
8280,0.1049392978827052
8281,2.085930372727089
8282,0.9443364255990536
8283,0.36658908629291775
8284,1.5162981830228297
8285,1.2733365880031537
8286,0.32121464054277016
8287,1.147106781561192
8288,1.1991126063060524
8289,1.975284835610015
8290,-0.10341077993030137
8291,0.0786621343823112
8292,0.2736724481826173
8293,0.36952010348223685
8294,-0.00678375702711545
8295,1.1937877944305697
8296,2.1863109707819044
8297,0.13321864237011877
8298,0.8786430754664017
8299,0.5769611318428105
8300,-0.1781519755066393
8301,1.0198223177344323
8302,-0.12418028066743056
8303,0.8566977901497408
8304,1.5786757855227251
8305,0.5640252555036961
8306,0.23144956988486287
8307,1.5528619983674878
8308,0.9149349892228851
8309,1.73314857650155
8310,1.4255397650656312
8311,1.5367805289386776
8312,1.1219145199136848
8313,0.7813838077979369
8314,0.8389231277463618
8315,2.4457829160620497
8316,0.6149091903507787
8317,1.3569907702574995
8318,1.0850136815702265
8319,0.06317709304287143
8320,1.9299190049815886
8321,1.1604163972319024
8322,1.035707027047146
8323,0.7794138646390577
8324,1.288308505549882
8325,1.2298261781929956
8326,1.9162572755800276
8327,0.1750073681864833
8328,1.39857077138897
8329,1.1002968691162194
8330,0.8038650980919012
8331,-0.16956941966491088
8332,1.7976061736332474
8333,1.0842555030964696
8334,1.6910812612053914
8335,-0.1425538002509355
8336,-0.055033721184025844
8337,-0.4011911414819457
8338,1.2434868975677673
8339,0.9916495753871535
8340,1.2806786871105038
8341,1.344312577991698
8342,0.792176358083978
8343,0.5435216716352874
8344,1.5223649016942602
8345,0.4003925003717267
8346,1.9581488001133949
8347,1.51391766103655
8348,0.09322140719196984
8349,1.7804428082490285
8350,0.028117819357772952
8351,0.9582000885641898
8352,1.5897965407555699
8353,2.0547360426810575
8354,1.154676312246184
8355,0.9576895922856168
8356,0.06464998752576784
8357,0.37757550159750664
8358,-0.22340813359354184
8359,0.9634793855005229
8360,0.4387706449218954
8361,0.29499135348582417
8362,1.7090428891002352
8363,1.2860671602855471
8364,1.3847631099215767
8365,1.0566090169154652
8366,1.3557579312846229
8367,0.6688187277787401
8368,1.5506019665030812
8369,0.5956641248051338
8370,0.5003427002306279
8371,0.5704415688088935
8372,0.7279622089880303
8373,0.27526043682960816
8374,1.9973047963388373
8375,0.5152334440104829
8376,0.8321520522198511
8377,1.2305142269683353
8378,1.7686550511888561
8379,0.550504120780154
8380,1.211380255720149
8381,2.079009209715411
8382,0.6528764241961559
8383,2.26929480903841
8384,0.5105167707451267
8385,1.323698991068728
8386,1.091591525393711
8387,1.0263164589267613
8388,1.1466041242603138
8389,1.5235885313435782
8390,0.7924827394491554
8391,1.5512104525192554
8392,0.4311316527254445
8393,0.607454741418742
8394,1.1585970799526217
8395,0.6754634035395146
8396,0.672140439028613
8397,2.0642920854872098
8398,1.5813394643620857
8399,1.0797264816704661
8400,2.110974184629271
8401,0.6346613404491347
8402,0.17118133705397728
8403,1.0482417774198565
8404,0.9328309279632749
8405,0.3739375304647624
8406,0.5098785460689378
8407,2.008272349548981
8408,0.45485800410759997
8409,2.239642936268966
8410,0.19130637535922856
8411,0.7927688864381902
8412,1.711525024137526
8413,1.318191811421186
8414,0.46783553782119647
8415,0.7324960786582067
8416,1.6906480319917128
8417,0.12475646996645345
8418,1.857855207133749
8419,1.5175065742801694
8420,0.8630307819179833
8421,0.20209108890381677
8422,1.276105211751089
8423,0.825350841421233
8424,0.7874355303489395
8425,0.17535351734286073
8426,0.42914904758286454
8427,1.3848138432767017
8428,0.43037174318173965
8429,1.3796138760498626
8430,0.4471641164690229
8431,1.4521263080751952
8432,0.25949729987617365
8433,0.7908455673092325
8434,1.7618426057326793
8435,1.4939944996887884
8436,0.6333355988348122
8437,1.036995583982561
8438,1.6767709912698794
8439,1.1370564317631804
8440,0.8200818898649084
8441,1.544912695766937
8442,1.8268802831465338
8443,0.747431034826759
8444,1.235042075509019
8445,1.6618146176824073
8446,0.5369270519600982
8447,0.35687049446730934
8448,1.7221055531736054
8449,1.5706345340110364
8450,2.0869585180836756
8451,0.9478924483586387
8452,0.6298608157104215
8453,1.6601627508027406
8454,0.6459021868832536
8455,0.7191355999084308
8456,1.2565423777919373
8457,2.002589784034045
8458,2.5789459999504674
8459,1.0137898483961516
8460,0.3199616811538337
8461,0.5377461605550432
8462,0.04504881376887272
8463,-0.13719205199680112
8464,2.008591903465175
8465,1.3663304935453584
8466,-0.1402295414502732
8467,0.76196338097419
8468,1.1497418211148251
8469,1.8623682593034265
8470,0.09108321949145295
8471,0.038406230376495445
8472,0.8949948466151096
8473,1.8682107068842542
8474,-0.11487208398172313
8475,-0.13717564717031042
8476,0.8628556810968193
8477,1.516956692668021
8478,2.1019880878117068
8479,0.5648919575242157
8480,1.169671646416509
8481,-0.16928273331194768
8482,0.02406750733833829
8483,1.635466757752367
8484,2.041458773686358
8485,-0.7355451995754796
8486,1.4442092514659013
8487,1.477676942710456
8488,1.6307047292306511
8489,0.821996967501746
8490,1.2270664774568196
8491,1.101624241285878
8492,1.6310676868956548
8493,1.3981950617261365
8494,1.5938393392894201
8495,0.17871538897623318
8496,0.45160423872431554
8497,0.4727544643815704
8498,1.6903243763832119
8499,0.154167682232348
8500,0.7180424433072813
8501,2.3472074632600393
8502,1.7420452892493352
8503,1.1224525213596144
8504,0.4156899247665381
8505,0.21485942560632654
8506,1.9595861459378145
8507,0.08168445262058224
8508,0.12987279400121746
8509,0.6163994596813382
8510,0.19562619523741168
8511,1.2518547134498743
8512,0.7286795755095907
8513,0.5271285499418761
8514,1.8635477648668104
8515,2.2270913154092615
8516,1.03868452101448
8517,1.2424925785836802
8518,0.14528201233011562
8519,0.12093963708822345
8520,1.2586032005478567
8521,1.6945674030032691
8522,0.8197444882428838
8523,1.0591525202474434
8524,1.0548817805614377
8525,1.2391700896216327
8526,0.4263280118203069
8527,2.341444217389228
8528,0.4251042925574029
8529,1.750868483831415
8530,0.4540573880662717
8531,1.3388650111936164
8532,0.6936968253141786
8533,0.15962657332346175
8534,0.43218816597766146
8535,1.1176015391256873
8536,0.6511085326066754
8537,1.428649159946039
8538,0.629621967677719
8539,0.733713021537972
8540,1.604729550326503
8541,1.6266857648887592
8542,0.40209126168599296
8543,0.3404532319440562
8544,0.5296235709266081
8545,0.8904116834221169
8546,0.39563364778948773
8547,0.20909379212609114
8548,1.2730531714410234
8549,0.9050219197357713
8550,0.6424662783161053
8551,2.072171598871399
8552,0.024481785496652878
8553,1.936396645494519
8554,0.6151207613569469
8555,1.355762772291122
8556,-0.002083143205621349
8557,1.5162549640496181
8558,0.107469984335716
8559,2.201832902576118
8560,1.9877989315349431
8561,0.1447468219571385
8562,1.2259517658376335
8563,1.058783751730445
8564,1.6937681147322317
8565,1.3948073721454857
8566,1.0071353185209961
8567,0.7073648555316756
8568,1.5517397460908409
8569,1.3075994916289129
8570,1.3355724918109932
8571,0.9529654497210125
8572,0.23347366968871092
8573,0.3207052850502113
8574,-0.1362939947801937
8575,1.5700263727500974
8576,0.6765945495944403
8577,0.35114963869365695
8578,0.11038882753764107
8579,2.2054383060206755
8580,0.6700057546809756
8581,1.5309401647525207
8582,1.1283357655033144
8583,0.14021605322913544
8584,0.8171859647735957
8585,1.3648307443991299
8586,0.7987168544057293
8587,0.5748271101138298
8588,1.965979746203631
8589,1.659224855021861
8590,1.4883811838678591
8591,0.48035857141769256
8592,1.7343660619510464
8593,2.0893594508507687
8594,1.0821862819198345
8595,0.560514043548568
8596,0.4274502932265757
8597,1.8822418933944667
8598,1.422361699328687
8599,1.4974330395968374
8600,0.8622292405334803
8601,1.780551561271246
8602,0.2721497168921346
8603,0.6579004830357282
8604,0.5347437388428309
8605,0.5682548390377438
8606,0.8161378033406518
8607,1.237994878928698
8608,1.6862047687055548
8609,-0.11422173042770664
8610,0.14328187065265646
8611,0.43725235331815193
8612,0.11970415516692265
8613,1.2762773714155167
8614,1.8310832170276072
8615,1.0997628040298164
8616,0.8568354632687901
8617,1.2073536006523578
8618,1.5756233482115487
8619,1.8534439994418508
8620,0.524152590172024
8621,1.349426845206979
8622,1.3990994201911666
8623,0.3849931296329895
8624,1.9145828368758462
8625,0.6958660232378906
8626,0.8416055882150254
8627,0.31688343935689084
8628,1.3942367907657112
8629,0.413473743631637
8630,1.6169357841185965
8631,0.042076881455043194
8632,1.7551646881691014
8633,1.5619712388644387
8634,1.820872114987715
8635,-0.1440553031735353
8636,0.9846194411763431
8637,0.9025881885478436
8638,-0.0342364098707027
8639,0.8430200207465006
8640,0.48740642380168325
8641,0.7422154362849871
8642,1.726977622283286
8643,1.0039821068251065
8644,1.191138399039511
8645,2.257340037112648
8646,0.5108802169248131
8647,1.1504649535247158
8648,1.3516729899655244
8649,0.2541783502488266
8650,0.25202666673875085
8651,1.4022999894622976
8652,0.47989178910919883
8653,0.8380920399698154
8654,1.8639554323648606
8655,0.9627304954610486
8656,1.0075293627973947
8657,1.012825742355229
8658,0.7055368889617828
8659,0.45715510531512715
8660,0.9066427217087816
8661,1.8811951399413127
8662,1.5857492016240387
8663,1.2604616159959905
8664,0.8696411551299782
8665,0.3497968856500234
8666,0.7528719017912622
8667,0.032862664587227766
8668,1.7547312431373583
8669,0.8242101800632906
8670,0.1255418855536646
8671,1.0992865060585115
8672,0.14333837284459697
8673,0.9641472940899732
8674,1.432675501754855
8675,0.8312045986322858
8676,0.559515580150548
8677,-0.07383899562624144
8678,1.1241635556326999
8679,1.8040159475896895
8680,1.2314066024553685
8681,0.921181121008528
8682,1.0323369869202246
8683,2.4836552014380504
8684,0.047455471471252245
8685,0.002394653310017522
8686,-0.26060736956113734
8687,0.45271992816065587
8688,1.9945683691976435
8689,1.0973180923736763
8690,1.6951786832016782
8691,-0.12777467339028098
8692,1.7566333276119486
8693,0.8782151674730884
8694,0.8475021770657402
8695,0.09912752695858272
8696,0.8081119751354198
8697,1.688914399345335
8698,1.0761541851932979
8699,0.7345681061430295
8700,1.766494824309576
8701,1.4664322597170323
8702,1.1007748739969934
8703,1.241991619378165
8704,1.569388227710311
8705,2.0333913993194286
8706,0.9245833332257075
8707,0.4863498439210648
8708,1.3299863010621096
8709,1.2160397786016672
8710,0.8877816866276949
8711,2.11308672954913
8712,1.0885032547343054
8713,1.0082546758901745
8714,1.5385797220542274
8715,0.75292941548952
8716,-0.12982852504337777
8717,2.028593744219244
8718,-0.04543794617851299
8719,-0.18106309489299904
8720,0.6424429330182562
8721,0.9559581850293538
8722,0.8271733209030435
8723,1.858344024200865
8724,1.8539292359439108
8725,0.07014532478270497
8726,1.564430518600019
8727,0.43122084573815744
8728,1.061559905664314
8729,1.107305815886899
8730,0.8261184183581152
8731,1.850843477391492
8732,1.0710679124026645
8733,0.11602841439843198
8734,1.1579247167481128
8735,0.6409699558247114
8736,0.8673769671153666
8737,0.403481494732286
8738,-0.24786669951865942
8739,0.010376448318967682
8740,1.7681770465711502
8741,0.6419525936788559
8742,0.4881515309067218
8743,1.2555340090510256
8744,0.3108040470000767
8745,2.200090932622127
8746,1.3632144299004925
8747,1.4079143148834796
8748,0.36300178528782523
8749,1.8099176782586
8750,0.8821295665830124
8751,0.8453030086328488
8752,0.864348204313446
8753,1.8183595245993578
8754,2.3986924185561778
8755,0.4086279588358178
8756,0.579127508846683
8757,1.5830406022647687
8758,1.1404179646914105
8759,1.6521537000311723
8760,1.654785312475314
8761,0.7009640515046648
8762,2.279300944754578
8763,1.5669380308838856
8764,0.7268739269214102
8765,1.1876623397109645
8766,0.2740249571536357
8767,-0.2185585741618321
8768,1.2806225759184093
8769,0.6760287871482689
8770,0.533355799357159
8771,1.0488910577411708
8772,0.2461410794265897
8773,1.008019480389064
8774,1.6557473074691573
8775,1.5717637866538072
8776,1.3810613857337042
8777,0.799059834002806
8778,0.12799855218286055
8779,1.3377551863599284
8780,0.3702391481230616
8781,0.13192964748739183
8782,1.344308806725425
8783,1.075485305129143
8784,0.5478920862666917
8785,-0.4032797128917133
8786,0.4751557936609429
8787,1.3392272812571417
8788,2.3865337405675633
8789,1.0359139620126236
8790,1.2738213069046063
8791,0.5079683859517439
8792,-0.017183957314121034
8793,0.3310426889283129
8794,1.0241233851711689
8795,1.3470278923141723
8796,0.3155478055563526
8797,0.2224164127681094
8798,1.070144921343794
8799,1.5674240349635873
8800,0.7462933227072713
8801,0.13110568184779242
8802,0.6283604226345352
8803,0.17597318640819776
8804,0.3775934569709077
8805,0.22545631457635162
8806,0.8758524050731382
8807,1.3166339823931958
8808,0.4224858440597929
8809,0.5938505553252338
8810,1.039735089027673
8811,-0.010553510916041689
8812,1.2036184841459927
8813,0.6684931894614079
8814,0.004560779891923689
8815,-0.06675226766691866
8816,1.0499779251453816
8817,0.8754175628033682
8818,2.0065808151223856
8819,0.960074778502906
8820,1.6516477247663566
8821,0.3068850724826432
8822,0.8195174791253684
8823,0.050463750732088315
8824,1.3033835841118016
8825,2.0244519131811374
8826,1.8619068053137775
8827,1.9158325325909114
8828,1.41049173761367
8829,1.1036581116316015
8830,2.245990887061827
8831,0.21832724595593792
8832,0.6966928236081522
8833,0.8266788548239117
8834,1.1041148741578009
8835,1.7170901746574316
8836,0.29623127992261616
8837,1.054291835352511
8838,1.0927457380534522
8839,1.5499728264956592
8840,1.142983371925972
8841,1.800722771885325
8842,1.8597968344902163
8843,0.6300949716858135
8844,1.0177860240743095
8845,0.3775506791204513
8846,-0.4471642376997665
8847,1.003526717922968
8848,0.09191926124832817
8849,1.1070298691011846
8850,0.28126440671596853
8851,-0.08034984452771529
8852,0.9351888844250694
8853,0.16434393795905958
8854,1.3039197404713168
8855,0.9814611911979091
8856,1.9215443938125458
8857,1.6393068832900186
8858,0.5426075749371733
8859,1.8778657166216979
8860,0.5817583290088898
8861,0.6186942924095502
8862,1.4241556952453387
8863,0.1316916474149345
8864,-0.17729868593729609
8865,0.5983099524146217
8866,0.7072159540334709
8867,1.3868437764255037
8868,0.023849173807635363
8869,0.5744487994016046
8870,0.41324999307843446
8871,-0.13668823825100823
8872,1.7319071844020786
8873,0.593344293740911
8874,1.179030122091968
8875,1.3718416027762692
8876,0.8486997565855268
8877,0.2197777966598732
8878,1.7750883599475515
8879,1.1747688149354842
8880,1.7172391460609937
8881,1.5393257203292552
8882,0.6554931350624114
8883,-0.05042451042626954
8884,0.4697194051723056
8885,1.45913533970564
8886,0.9238065209204642
8887,0.9864366902230248
8888,0.9259470988599982
8889,0.28829577169070864
8890,0.9475863582625161
8891,1.946287056700933
8892,0.2607940803180401
8893,0.32046246156955366
8894,1.722264269876141
8895,0.4609378430488281
8896,0.12103942739318904
8897,0.36859999121766934
8898,0.6828904234795885
8899,-0.09015914117874296
8900,1.7484017715580507
8901,0.14666069649313576
8902,1.8671341906582997
8903,1.2790084954556553
8904,1.4863330228095208
8905,1.1219380707155442
8906,0.4114145760152443
8907,0.9679706049718785
8908,0.5956336784150067
8909,1.3730938039338354
8910,0.6890229941291706
8911,1.7011423957449354
8912,0.44090666060532846
8913,1.357519357715351
8914,1.3270931747620158
8915,0.45760777545340847
8916,0.8134342033861444
8917,-0.16015418573614337
8918,0.23700822090213441
8919,1.631907911229551
8920,1.2261090437163735
8921,1.8747623903933972
8922,0.25206334168475797
8923,1.0104573927051366
8924,1.115754295968646
8925,1.3808249105143615
8926,0.9800202923987643
8927,0.30208346750018256
8928,1.9026539605820239
8929,1.3600054165820217
8930,1.274326291749465
8931,0.4687533666032161
8932,1.3423024609019492
8933,-0.17117569947647057
8934,0.7473982085848789
8935,0.01080051400054663
8936,1.5150877940701573
8937,0.34494898791372464
8938,1.1282348138840324
8939,0.4123385146180637
8940,0.09694717366344056
8941,0.5296628451955647
8942,0.7351333038857824
8943,1.2249065393837406
8944,1.4608414725679673
8945,1.885342123196699
8946,0.8707232578889126
8947,1.8194292219706105
8948,1.2752643200268223
8949,2.3361822746258545
8950,0.1615610418831017
8951,0.20848557228804604
8952,0.46078649952002804
8953,-0.06535366215319544
8954,0.42674230420295667
8955,0.9732837152756139
8956,1.5609548295354838
8957,0.17871231916455377
8958,1.2126024544125935
8959,0.8248065507304376
8960,0.7230340195984668
8961,2.119275456974446
8962,-0.27817465076284553
8963,1.2107851891736836
8964,0.8108468588598226
8965,1.8197508536301268
8966,0.3485365451092153
8967,0.6498820901123957
8968,0.7508603944622786
8969,0.7285146677846057
8970,0.6974394989517381
8971,1.605628044063977
8972,1.6270625423828033
8973,1.977018902663512
8974,0.13670387953060248
8975,0.6753292691740047
8976,0.4355196935372615
8977,0.9875092253101971
8978,1.3856522681901784
8979,0.11089381110555808
8980,0.9605623745616236
8981,-0.14129553722231403
8982,0.13361579274555874
8983,0.8979062749325664
8984,-0.13851735145713273
8985,0.49220620867636655
8986,1.91690882475533
8987,0.24225396721075745
8988,0.5474260485335503
8989,1.1952195246592514
8990,0.1635005875569701
8991,2.0400918223903193
8992,-0.03930641456716594
8993,0.7857674312970633
8994,2.1707176690762875
8995,1.5224870257452845
8996,1.3490235460403643
8997,0.6898800411269813
8998,0.836280685988767
8999,0.8644616267584351
9000,2.0650798858174744
9001,0.2937919369921997
9002,0.5126872485144507
9003,1.1830044728231461
9004,1.5996500667149793
9005,1.424602077691046
9006,1.2543940543814371
9007,0.46439292927769427
9008,1.409209918471379
9009,2.124349104466207
9010,0.1202964456988509
9011,0.42886405738446615
9012,1.570601912931159
9013,1.7130088153244776
9014,0.4234411743821689
9015,-0.10280695936397827
9016,1.0344545487038395
9017,1.1623435539184634
9018,0.224823991814904
9019,0.14678119034064896
9020,0.18417025520466448
9021,2.1864504000142624
9022,0.14147779381701425
9023,1.2570844150948486
9024,1.8984515818278778
9025,1.2881209560979354
9026,-0.0027055025543366307
9027,0.8869600839176807
9028,1.271022098967675
9029,1.5562404628665223
9030,0.366121342933786
9031,1.1843271045347132
9032,0.41605729930132507
9033,1.797467825871498
9034,0.3363511396946401
9035,1.0604528230154273
9036,2.1252288975382725
9037,0.26691766506123005
9038,1.027370850565637
9039,0.3946128257514262
9040,2.1916390538213983
9041,0.3673455312214128
9042,1.5571643009488962
9043,-0.13449360307218058
9044,0.896244104160752
9045,0.06219746451325464
9046,1.2911116299738536
9047,0.3353126569828567
9048,0.37674160281848135
9049,1.49295272158012
9050,2.2558602027677903
9051,1.7570430808443498
9052,1.3514515760134802
9053,1.4618721909291614
9054,0.7357293098676272
9055,0.503901447907758
9056,0.16879247535780129
9057,0.42595427646588
9058,1.2917835776399038
9059,0.46113553107010347
9060,-0.1403045824173351
9061,2.1508933560652634
9062,0.012266958881067921
9063,1.0665931136117541
9064,2.0177562086954137
9065,0.876581421152491
9066,0.693021469293092
9067,0.7385963909736288
9068,1.4989820510614504
9069,0.29207096567604995
9070,1.589323819755074
9071,0.8195764557446328
9072,2.024898756894289
9073,0.5363565602654837
9074,1.3288958957149253
9075,-0.05232784318779357
9076,0.04127328510107149
9077,0.5617431042421637
9078,1.5676038659487386
9079,1.5193510172621456
9080,1.5055579762168583
9081,1.370407288844321
9082,1.8934988288728536
9083,1.983605060757565
9084,0.3621098118099495
9085,0.2508908024766903
9086,-0.41174656976980095
9087,0.7330241894210356
9088,1.2949256542383327
9089,0.3725400132437673
9090,1.1942229408878025
9091,0.15487935486622534
9092,1.7010281281353399
9093,0.2341608190785213
9094,-0.03013708805036744
9095,0.847340296873125
9096,0.9308069405323643
9097,0.4462343338875852
9098,1.40759956293777
9099,0.3385434300469505
9100,1.3213655453262765
9101,1.7796558886685123
9102,0.8237697489386682
9103,0.10040650457962183
9104,1.1274654448050343
9105,1.5170601149607394
9106,1.2586021643949392
9107,0.7372242388261231
9108,-0.12350039970910001
9109,-0.8994032504852822
9110,0.9621072243166177
9111,0.61001860438942
9112,0.34762348942851284
9113,1.8426964532265488
9114,1.6983062622939105
9115,0.022944622760249757
9116,1.7610748018186886
9117,1.785119449623552
9118,0.7788806295084892
9119,0.7570360463252153
9120,-0.48486716417670706
9121,2.2086786251669337
9122,1.3234627157293988
9123,1.092106048729058
9124,1.1361822227835443
9125,1.4452749211522027
9126,0.20423842645317764
9127,-0.015437529504781666
9128,0.9812880181798488
9129,-0.4195127094135245
9130,1.9107207094586196
9131,1.2718166311780714
9132,1.0817880175195966
9133,1.088517235194108
9134,0.5499379527007217
9135,0.6457038124514742
9136,1.2999713402368192
9137,0.3596981413217234
9138,0.4424928384191087
9139,0.2554348726546365
9140,-0.2395676002082433
9141,0.5083081401031392
9142,1.0687209766854724
9143,1.5490854028420435
9144,1.9740151672876516
9145,0.4061860216098621
9146,0.01464178944269616
9147,0.31891592925902873
9148,1.6221300523223483
9149,0.07295630773988361
9150,0.9411176902053446
9151,1.0473744149880586
9152,1.0378587505895471
9153,1.3993362617878304
9154,0.5730318982662089
9155,0.032492421751287776
9156,1.2964397112286101
9157,1.0821920040650799
9158,0.07604755437291312
9159,0.12397281168339505
9160,1.2822862436643243
9161,1.210221581099256
9162,0.34898312720881713
9163,0.8826310785024489
9164,1.057315350808906
9165,1.9563075730498618
9166,1.0919437021074236
9167,1.5104436629270406
9168,1.8286271861666266
9169,1.0443458116625581
9170,0.9949931581912356
9171,-0.12831561228571223
9172,1.3366286035138368
9173,2.006126160941718
9174,-0.01075616427230601
9175,0.4435786302466547
9176,1.503149305555788
9177,0.681487008425437
9178,1.3268136908974097
9179,0.7525482750741992
9180,0.012727237778373514
9181,0.26002131689409186
9182,0.24675012048824826
9183,0.08490784333512176
9184,1.3447409821620564
9185,1.0090580767718436
9186,0.3058966737990222
9187,1.348271571594028
9188,1.7216000827124365
9189,1.0346481028851884
9190,0.811349803390381
9191,1.2456378860061226
9192,1.4584902988518589
9193,0.6426601859728202
9194,1.1268246752499758
9195,0.10075235454799267
9196,1.9514427285018
9197,0.4659836173480462
9198,0.36217011458566417
9199,0.16695971512224872
9200,0.5188592336772682
9201,-0.7315383371973936
9202,1.06370928915551
9203,-0.08597010197857216
9204,1.5216655662737932
9205,1.020066871949786
9206,0.24071383133390262
9207,0.8557190512073918
9208,0.9921912417849296
9209,0.721764329827925
9210,2.2631592676935135
9211,0.9235131908751353
9212,0.564672561495267
9213,1.0678187176582858
9214,1.7392547127223241
9215,1.4875895574689202
9216,1.6650499608004776
9217,1.7399879075302724
9218,1.204889601931822
9219,0.6709400635597458
9220,0.23315507384546497
9221,0.5611669047345601
9222,1.284214049090861
9223,1.275298197536101
9224,1.5120206289592784
9225,0.09080482230795721
9226,1.1111386482422785
9227,1.00172921187024
9228,1.6475871554958288
9229,0.5611729101710105
9230,1.2668448252261797
9231,-0.16578820553128407
9232,1.2963447486938378
9233,0.5533568119965395
9234,0.13399218903188453
9235,0.1564467135868876
9236,0.6662070820303327
9237,1.7159833165950407
9238,0.14094180813293322
9239,0.4561286414500787
9240,1.6291274775695515
9241,-0.01531097452037096
9242,0.17270716036250594
9243,0.3080612495918663
9244,0.18365438927286032
9245,0.8077133816320374
9246,0.22646761718320552
9247,2.119994174498037
9248,1.6307143830174242
9249,0.8883581658790249
9250,0.5410317525292332
9251,0.8127812898452271
9252,-0.20362927721192842
9253,0.6697978312775326
9254,0.46346447665115864
9255,0.20960604944118366
9256,0.39027730912782227
9257,2.2588883381932088
9258,0.8011151004691955
9259,1.8147901256579448
9260,1.0799547043370876
9261,1.2244402633346874
9262,-0.04103588288670168
9263,0.4296841273689883
9264,0.8957061736481334
9265,0.2955447695379503
9266,0.3476513454163619
9267,-0.9046697159108885
9268,1.4146662971912212
9269,-0.175490560933392
9270,1.164759403802604
9271,0.9750481269625705
9272,1.935891512076347
9273,1.3166588518849045
9274,-0.07283552102870847
9275,1.6093837914699807
9276,0.8678891971381586
9277,2.0661207867003704
9278,1.3054629738038392
9279,-0.13832055688889056
9280,1.0883577618846103
9281,1.6631510984673326
9282,0.37410415005972836
9283,0.7691097674506443
9284,0.7365309969933869
9285,0.7017037476063082
9286,0.8311041523331308
9287,0.0788758119214564
9288,-0.1686880461816311
9289,-0.13227967615071562
9290,-0.06648618210685706
9291,0.265233968539129
9292,0.018003926200165755
9293,1.4752972279675027
9294,1.4471246611127195
9295,1.696116142803498
9296,0.31869766995954624
9297,1.7748993606523025
9298,1.5355974355677993
9299,1.000053411445416
9300,0.9860932750582138
9301,0.8675830391659642
9302,0.4225385413276239
9303,0.7466372609786988
9304,0.5429563266051783
9305,-0.03970774086983833
9306,0.6367690245359985
9307,-0.526468865971682
9308,0.8507819879201504
9309,-0.10386242215022243
9310,0.4624914393959055
9311,2.013602796045137
9312,0.09982844646104376
9313,1.194149187361828
9314,0.6645543660680031
9315,0.15817262696129816
9316,1.8911664137320896
9317,0.7108167162151958
9318,2.229969540983531
9319,0.043521664414488404
9320,0.6760222793759643
9321,0.27099686346178453
9322,0.40303955633825106
9323,0.1616559519288969
9324,1.0116401637452335
9325,1.342004956152525
9326,0.23905049427148106
9327,0.88066899683487
9328,-0.004091003983293123
9329,1.3862988657816304
9330,1.544049410159908
9331,0.4478225175381076
9332,-0.13802635771328503
9333,0.5569845541478506
9334,1.592863443819224
9335,0.77321047622617
9336,0.6859447344384346
9337,1.6861835205400786
9338,1.52019281097161
9339,0.6972187598659232
9340,-0.33462966649761705
9341,1.1520444611360001
9342,-0.10255798813471217
9343,0.8855546546602996
9344,0.783750496154267
9345,0.8470400757642051
9346,0.30585073716719113
9347,0.9194498851213605
9348,1.1480720957662132
9349,1.5785499208689997
9350,0.9328374461444535
9351,0.8349228966490394
9352,-0.11616498386317273
9353,0.10168044521202721
9354,1.4067237710825926
9355,1.693080021230547
9356,0.3826783539013908
9357,0.06791722776041514
9358,-0.07969153607081952
9359,1.1484156856105827
9360,1.4401555259318972
9361,0.18440272060479768
9362,0.08484395822236007
9363,0.4406123294032965
9364,0.6252638124041816
9365,1.1942219508382017
9366,1.519654864729692
9367,0.3251255002732807
9368,-0.034334958329464066
9369,0.5870851918283917
9370,0.6349455230741823
9371,0.17159000282734704
9372,1.2674576628534602
9373,0.6940695072963443
9374,0.6036998070135934
9375,2.289809570701164
9376,0.4227271674172457
9377,-0.1183563187713956
9378,0.667082054248352
9379,0.8215376450837444
9380,-0.32742089785944545
9381,0.7364918933726181
9382,1.6887611666613356
9383,0.44322278188314534
9384,0.2793502855689326
9385,0.9654483122544791
9386,1.156860783881712
9387,1.1823107864629485
9388,1.6422003208530227
9389,1.4508348854569184
9390,0.9560824000742508
9391,2.4520840646843056
9392,1.406650602813751
9393,0.8063850107058443
9394,0.69324825166214
9395,0.484492739710826
9396,1.6327054530120406
9397,1.0378896896143601
9398,1.3824770285374015
9399,0.881053420099685
9400,1.1949139702384013
9401,0.6099209234960976
9402,0.0007258131498614762
9403,1.3822497475797324
9404,0.5186497770229523
9405,-0.05738168115917128
9406,0.030853606189662718
9407,1.1254544001311657
9408,1.5689153450693447
9409,1.0702693807973571
9410,0.023320571150716236
9411,-0.022132062307092568
9412,2.200037848939752
9413,0.35775703228461286
9414,1.8101089417483671
9415,1.8955617244421121
9416,1.5310646373547077
9417,0.6281267087314327
9418,1.8405613349357417
9419,1.6369255104981904
9420,1.1558195952781598
9421,1.9762499495855352
9422,1.162049809529416
9423,0.8166650797183763
9424,1.2979802488346335
9425,0.6168624012941611
9426,0.6841443825769641
9427,0.7447443685508572
9428,0.7682272009907662
9429,0.7429120158677021
9430,1.2959806145495623
9431,2.3484939478099074
9432,1.2474098943260374
9433,0.5682635636711038
9434,0.03596507787766903
9435,0.6992969065226455
9436,0.9992345365900597
9437,0.5831395303376238
9438,0.5288941221959091
9439,0.8202674947206577
9440,1.157176429036569
9441,0.3054895719398887
9442,1.3986126751860921
9443,2.0487474063348112
9444,0.9800097641107784
9445,-0.12228607889461088
9446,0.32649885218118635
9447,0.3658916139826655
9448,0.513029370593593
9449,0.5017241027300076
9450,0.5237481917426745
9451,1.5726230357001496
9452,0.15382368757472567
9453,0.17526632521853586
9454,1.178717745010089
9455,1.4592797909477961
9456,0.20845037440943417
9457,1.0460475998265144
9458,0.2639787260518154
9459,0.4442823222751827
9460,1.2319722902921713
9461,0.6107750084589412
9462,1.7106523714895707
9463,0.21516563345996073
9464,0.34779488867261976
9465,1.321696724606206
9466,1.496708407035027
9467,0.5241520947851611
9468,0.09825716430472292
9469,0.7853918573581774
9470,1.0625106302083156
9471,1.3046980841380678
9472,2.461553745970111
9473,0.8334217264608378
9474,0.6916481294062506
9475,1.4455831512116708
9476,-0.0618105694518741
9477,0.13954224304887192
9478,0.9823958231302098
9479,1.1587774072499695
9480,0.8251150069169122
9481,0.5436427953023765
9482,1.1806878020851408
9483,0.5668561823501478
9484,1.7024500934851072
9485,0.7472833205080497
9486,0.5471317431236248
9487,0.9005682535168436
9488,0.22192289043484026
9489,0.9422476708080414
9490,0.0324965680204987
9491,-0.09966185629957394
9492,0.914520541795321
9493,0.1507081863038896
9494,0.791602448558398
9495,1.0255925714237342
9496,1.3700817785696815
9497,1.419110588807908
9498,0.3599557276676898
9499,0.7162730672522865
9500,1.1291666193703187
9501,1.2215048231397143
9502,0.205722304293712
9503,1.591763911375634
9504,0.3495563494716546
9505,0.09906348633059553
9506,2.066148489842574
9507,1.8885124438805831
9508,2.1517362563599085
9509,-0.017989936890903502
9510,1.7869068077008732
9511,1.0869891329462622
9512,1.0301286202703237
9513,1.2280005874999758
9514,-0.13534024945270856
9515,0.20273127939009508
9516,2.0168478480162975
9517,-0.09548054293103803
9518,1.213387146429236
9519,1.8850719039108659
9520,0.07958305105144875
9521,1.7192253545754945
9522,0.9141185960166931
9523,0.8338218073233755
9524,1.344554538700159
9525,0.4249195300354828
9526,0.7030211707868181
9527,1.0920421558132292
9528,0.8732566107427979
9529,0.8576013585483342
9530,0.4743336273946245
9531,1.6376800149405093
9532,1.687529342100484
9533,0.33925250602820534
9534,1.8866128110194496
9535,0.6716954225263191
9536,1.7794130123628356
9537,0.7063577511276111
9538,0.11340156259045753
9539,0.4719793891004037
9540,0.564355765087428
9541,2.3381276263596034
9542,0.6465343970472641
9543,1.724094988683098
9544,1.4710524460507712
9545,1.1759842606186977
9546,-0.1802160108477632
9547,1.585371578908076
9548,0.7908930644620662
9549,2.13470902473051
9550,1.323207543239978
9551,0.8466941176628922
9552,1.780756950766826
9553,1.7491113414399915
9554,1.0199582317413225
9555,1.5827145190157381
9556,-0.0008113812476608084
9557,0.728543850257378
9558,1.7693320119364495
9559,1.4227465111439486
9560,1.7472705962625013
9561,0.4720027458369165
9562,1.80074124429803
9563,1.9308450594862687
9564,1.7365006913961056
9565,0.6001379888011202
9566,1.2821139977197082
9567,2.0824113996051477
9568,-0.03800833368425785
9569,1.0603402083982034
9570,0.8204726039922154
9571,1.16215858167285
9572,0.49666475061361426
9573,0.8797489228732388
9574,1.5329901441957328
9575,0.2019832794430817
9576,1.6812468105212375
9577,2.1391520148796763
9578,0.682902148817602
9579,1.7125318202660984
9580,0.6320160205429955
9581,0.4038752496714181
9582,-0.47522305320772695
9583,1.6181385868060782
9584,1.162377693960682
9585,1.9123813348876115
9586,1.2627958201567777
9587,-0.002062698239487043
9588,0.6554882247896161
9589,1.6777358290124282
9590,1.2715721582085362
9591,2.0472788674639135
9592,1.2161303788794484
9593,1.2552881501848325
9594,1.3409925883389202
9595,0.9484866182004968
9596,1.7610627729374575
9597,1.7132738898309945
9598,1.57247910539675
9599,0.07047958272001424
9600,0.16793596610960143
9601,1.3776538314541769
9602,0.5418343312685001
9603,1.9085909517756308
9604,1.1575762876611597
9605,0.5926976761325907
9606,1.9302472311751238
9607,1.1130175348251439
9608,1.197697060455821
9609,1.34263530234275
9610,0.5258421894872339
9611,1.317609517820071
9612,1.047999996470273
9613,0.21998646055540194
9614,1.907335741086168
9615,1.6323270738180569
9616,0.7791705063197474
9617,0.43999092313203336
9618,1.2636000851651223
9619,0.8463654151779475
9620,1.2896919385414136
9621,0.2543267328730987
9622,0.06777276603705064
9623,0.6576411818769403
9624,0.42643409448757363
9625,-0.22638677187443124
9626,0.08668937351268977
9627,0.775106192380608
9628,1.2535101876230326
9629,2.317694564124993
9630,1.6113608757168105
9631,1.444916850735681
9632,0.07849481834754446
9633,0.8012846143660557
9634,0.514811240680911
9635,0.7817233078833793
9636,2.2206241534554496
9637,0.7243994466977992
9638,1.1493953827723438
9639,0.23180519480923586
9640,1.3279649396942963
9641,2.5571786485510426
9642,0.9269996091565148
9643,0.6906726498185563
9644,0.677736441644161
9645,0.42510306808401394
9646,0.05024233795303152
9647,2.0055335055715755
9648,0.7519862498080013
9649,0.5999685636161612
9650,0.7528690922618319
9651,1.0623119693395149
9652,1.3575673607056842
9653,2.2456918230856324
9654,0.6121279040263996
9655,2.6411874204977193
9656,0.17490889609813687
9657,1.1333059620772836
9658,0.17720872710382882
9659,0.4248486199644673
9660,0.013570998803873913
9661,0.14289525027263433
9662,1.4895557743895536
9663,0.835613388126988
9664,0.47728323320559085
9665,0.8452368294692578
9666,1.0368292282190417
9667,0.17856062102492784
9668,0.1905814901812046
9669,1.0310386856917362
9670,0.41056904182792076
9671,1.2659772538184049
9672,0.7162464402596952
9673,1.6442559831204309
9674,0.29171213304755406
9675,1.0839897651423247
9676,1.5758833246116235
9677,0.0545647267792988
9678,0.6344417761544573
9679,0.9526760227332739
9680,0.19626578297179315
9681,0.5391939815354558
9682,0.5547338302702218
9683,1.8296376018201936
9684,1.4480218921882084
9685,1.6812516688541332
9686,0.7752577281031059
9687,0.32319565287730057
9688,1.0623568897333577
9689,1.4201480524556631
9690,0.45496142606665496
9691,1.3260851563426828
9692,-0.07472609508532119
9693,0.9466414583631375
9694,0.27129952673070357
9695,1.3446540063700725
9696,1.30703353438443
9697,0.3727046193583487
9698,-0.5162936787760055
9699,1.45202087762845
9700,1.665743311401387
9701,1.7548828696839622
9702,0.233188480269039
9703,0.2993780748270615
9704,0.16441257223565842
9705,0.5895742340968193
9706,1.0704286336230644
9707,0.4892283449326731
9708,1.498369382603677
9709,1.8698027647377224
9710,-0.1364813442164104
9711,1.7677728800600172
9712,1.9142583936914193
9713,1.346923073764473
9714,2.086071404142556
9715,1.404769275841315
9716,1.1301261107586076
9717,0.1442856278468356
9718,0.4972333108260213
9719,1.3252007390673475
9720,1.5543184933843406
9721,1.1212618515678368
9722,0.8771549866957888
9723,0.21834499043562264
9724,2.112585845168941
9725,1.5260822494542643
9726,1.5161785644139083
9727,1.502541811329626
9728,0.63951909708501
9729,0.9212276551092335
9730,-0.11045435221828206
9731,0.01152114966024656
9732,2.0178583842419173
9733,0.27542771432146435
9734,0.1513817164153889
9735,1.3118627998695644
9736,0.48126614334207174
9737,1.8498242569674312
9738,0.18800691793903265
9739,-0.09661021699396327
9740,0.6899486654446954
9741,0.1311556260064197
9742,1.5650693304002685
9743,1.0572733502403846
9744,1.6302098836100338
9745,0.09974664753222624
9746,0.3986913494197172
9747,0.9473291024396074
9748,2.0299552979405497
9749,1.3870032792651412
9750,1.5104872668543656
9751,0.4410760606382327
9752,0.16108523481843237
9753,0.9472801669284264
9754,0.9883581175625301
9755,-0.039681319942454246
9756,-0.05749267359963367
9757,0.9549862031933505
9758,1.0669230308620572
9759,0.5049076742240965
9760,-0.022524780873842944
9761,0.40492431840472487
9762,2.0285093634544555
9763,1.460810287758792
9764,1.0442667832843053
9765,1.6719489735718605
9766,0.11673860496645255
9767,0.8403861248002799
9768,1.3713400948525716
9769,0.6415875431594508
9770,1.5230820296026202
9771,1.3256807793242933
9772,1.4201681983322063
9773,0.7874950110550478
9774,1.9715279713012062
9775,0.8630495864307326
9776,0.17933488029101946
9777,0.8711262129934751
9778,-0.04318662905687304
9779,0.019047180333311625
9780,0.7994045779654965
9781,1.9098949136033374
9782,0.38300397448381457
9783,0.07779430149706792
9784,0.34091845094505896
9785,0.10668753579418624
9786,-0.18655560785570777
9787,0.5618949018531414
9788,1.039735519233405
9789,-0.42608739840008436
9790,1.1600712086959843
9791,2.290394800640386
9792,1.3669661275585923
9793,1.2375706393365795
9794,1.509782729569887
9795,2.028654740262691
9796,0.46398441579765326
9797,-0.03600074888409008
9798,0.9187699620437337
9799,2.0784897184538704
9800,0.19215352421379361
9801,1.7459718817983227
9802,0.911315471313355
9803,0.5047710244990233
9804,0.5115552174573235
9805,1.509738185747196
9806,0.285308280592573
9807,0.810530054355529
9808,0.12969198464025586
9809,1.2587148677100775
9810,0.7741336115742359
9811,0.47163167996329536
9812,1.0456723832857109
9813,1.6096399619106259
9814,0.6573967419044402
9815,0.6035698177473099
9816,0.9141580598490705
9817,1.9200985922119036
9818,0.7166556329297877
9819,0.323021967997269
9820,2.204114417528476
9821,2.104705967511677
9822,1.1011282610237654
9823,2.2259020321494565
9824,1.4876843733887042
9825,0.0072820473696045
9826,1.4460920929726904
9827,0.6465641509113536
9828,1.00233464770332
9829,2.046633727759131
9830,0.9069677223958162
9831,1.1962924767568581
9832,0.387277084422293
9833,0.7730506133885232
9834,1.6417300543514017
9835,0.8707296837900089
9836,-0.11651605504090248
9837,0.3222704232924778
9838,0.12104684324594825
9839,1.7788638847138032
9840,1.8942922938477795
9841,0.7662376706934771
9842,1.8459638230013637
9843,1.5781356781979279
9844,-0.13562306034341273
9845,0.6776900687519254
9846,1.2911388775599604
9847,0.8010362348462031
9848,1.0692135440297665
9849,1.4093032232033
9850,0.2558957573844316
9851,0.9309482853003201
9852,0.929032490394344
9853,0.33822371908554716
9854,1.5161606815562108
9855,0.6063510527078486
9856,1.7277297684116482
9857,0.2551100113967779
9858,0.2828277488977428
9859,1.3571292199722886
9860,0.07051422916691648
9861,1.283619740464959
9862,0.33491404427534943
9863,1.3329340792586355
9864,1.2595411422358174
9865,1.6774246393964947
9866,1.8430980529629157
9867,1.5886753798677726
9868,1.7855826958662275
9869,-0.021592300595975916
9870,0.662515986328414
9871,1.477884104580458
9872,0.20910188367111632
9873,-0.033091462957450635
9874,0.7309673927407909
9875,1.2409629483771427
9876,1.4646954261584093
9877,-0.17485906948392904
9878,1.5599538727160607
9879,0.6295713905902887
9880,0.5046669685133478
9881,1.413884627098785
9882,0.7888076224990854
9883,0.5551864720691481
9884,2.308229958298619
9885,1.4592122074221927
9886,1.629975708360193
9887,0.02305179125255192
9888,1.4948790410153114
9889,-0.024726230497489315
9890,1.430682077813213
9891,0.42189847451693085
9892,1.2208457680267393
9893,0.2801228196790268
9894,1.2189814315742358
9895,1.4891669266168006
9896,0.6936596388126273
9897,0.5387499262025196
9898,-0.010152439703433852
9899,-0.02758202566106463
9900,0.47448060086773447
9901,1.412501091040413
9902,1.6748443916488187
9903,2.1577272513279175
9904,1.2905952712997912
9905,2.1800835743994966
9906,0.6170169732125217
9907,1.6889534858015016
9908,0.3083988236762055
9909,-0.011783201988458877
9910,1.4387191332055977
9911,0.5464372438508615
9912,0.7664264757517231
9913,0.5840511385713785
9914,0.2731379839328572
9915,-0.012486346078291771
9916,0.4942398367889377
9917,0.12104670696478081
9918,0.832085135078063
9919,0.5675461756577137
9920,0.29090583686340826
9921,2.2079380660142816
9922,0.5959896598380396
9923,0.21950099070910992
9924,1.520801135023814
9925,-0.038754578170322324
9926,0.2697158326584202
9927,0.37477760068535093
9928,1.3523898444279367
9929,0.5597110353319428
9930,1.1110090164833308
9931,2.098384990329884
9932,0.8311013401024443
9933,1.3713583233337103
9934,1.0304123284892412
9935,1.3686643672932577
9936,1.7668072486719484
9937,0.017811371030119198
9938,0.7224136521170395
9939,2.0103000381046514
9940,1.6587030238108884
9941,0.10249903462395481
9942,1.3593068280234786
9943,2.1120945727591622
9944,0.34428035976176175
9945,0.6298100949982237
9946,1.4184108213629338
9947,1.2456243578982849
9948,0.6388206417336013
9949,1.0372173185870341
9950,0.4719789684367566
9951,2.2520869310842326
9952,2.0204615793373977
9953,1.985956337833712
9954,1.489003485416572
9955,1.5898332148634635
9956,0.23006276775577442
9957,0.8770394025838781
9958,0.5353437446034419
9959,0.6127462668339267
9960,-0.06795858354882256
9961,0.6637698693182992
9962,-0.1478206610531432
9963,2.142148395982521
9964,0.3690803028740034
9965,0.1691729773463781
9966,-0.018397339981029548
9967,-0.08733398376618601
9968,0.37691031744933257
9969,1.132771358974157
9970,0.2862542198640782
9971,1.1688914630775442
9972,1.250667989358309
9973,1.0018374924017392
9974,1.0937165065533794
9975,0.46380465952960553
9976,0.8309474429435216
9977,1.4178447743076956
9978,1.6239384367121525
9979,0.23141507674783848
9980,1.2407071647433052
9981,0.5727874832726813
9982,1.5202092928812516
9983,1.0505283994322032
9984,2.04159157265696
9985,0.8237309744374688
9986,0.3461033846252564
9987,0.8840668807605435
9988,0.13324464370338346
9989,0.6871278582834459
9990,1.295005244679229
9991,1.2744671482613055
9992,-0.1283004170377197
9993,0.8368277375679518
9994,-0.07462332860421897
9995,0.6682366008723244
9996,0.5670626853446168
9997,0.728416673170278
9998,1.8610983909096759
9999,0.3988590392944794
10000,-0.053543552986338144
10001,1.0293572883927236
10002,1.8553816765839815
10003,1.1453884921392619
10004,1.060616124554948
10005,1.059737732094045
10006,0.3796081146994311
10007,0.7535505971520915
10008,0.7005917803842729
10009,1.7575143382890752
10010,1.107814096341308
10011,0.805481166520899
10012,0.5891040646638839
10013,0.9362478632609224
10014,0.6662114768081325
10015,1.2364803763178043
10016,0.29836335625523097
10017,0.6829903088780453
10018,0.1703899599529666
10019,1.2192619500584336
10020,0.28156814724629803
10021,1.5872365779122428
10022,1.7439473099405929
10023,2.401544521187758
10024,0.9258688976435762
10025,-0.1514716895105433
10026,1.1946139534330955
10027,0.16845278870980104
10028,0.35477129296359505
10029,-0.08267551109812785
10030,1.5407369136751354
10031,2.0614666601007046
10032,0.6200771808390014
10033,1.3168792385392019
10034,0.3154602883166773
10035,0.2771163969845452
10036,0.21766339768279416
10037,1.7765900603107503
10038,1.3201392670227843
10039,0.7546375372680726
10040,1.3174272235529036
10041,0.17184102829781434
10042,1.9421999749650496
10043,0.7792252437288127
10044,0.879917426719977
10045,1.0282983108873942
10046,1.2962789709113418
10047,1.8155706186232146
10048,1.4262810080051782
10049,1.7189464416398494
10050,1.1623237312290382
10051,0.6163310925830958
10052,0.13788279670827258
10053,0.8553359066202391
10054,0.4754425185735187
10055,1.280689206820302
10056,1.9011138995756947
10057,0.9550173000094819
10058,1.5449382896592863
10059,1.939219093799051
10060,1.9080725389386144
10061,0.8404718928931777
10062,0.9662584564766322
10063,1.3645334915641956
10064,1.081627225992328
10065,0.00647207267176296
10066,0.965962373193167
10067,1.9694928512887016
10068,0.7162674381829769
10069,0.004799933321312483
10070,0.26651600451608326
10071,0.49143476817387904
10072,1.6117775669750063
10073,1.0982696115654742
10074,1.0662220780846088
10075,0.7004792718680977
10076,0.5422063821186146
10077,1.2965605922490666
10078,1.2656114478824796
10079,1.0803646701618392
10080,0.8275576865413958
10081,1.0881143101051416
10082,0.7739251315657991
10083,1.6126132553700985
10084,1.3603539725772014
10085,-0.35288467146982716
10086,0.5266629221298449
10087,0.8037754902103018
10088,0.20403106646552893
10089,1.66935516040872
10090,-0.07132738660291033
10091,1.3255931832908607
10092,0.7858598732489941
10093,0.08956852657077968
10094,0.5550653774598613
10095,1.3595417126493987
10096,1.418165320420456
10097,0.5270868550271247
10098,0.9581040144137275
10099,0.12354001907268472
10100,1.3021220043697865
10101,0.3720419243449465
10102,0.2944556297078342
10103,1.6034211550563264
10104,0.16599898010235736
10105,0.19711254179728369
10106,0.47007551247952095
10107,2.144173354919592
10108,0.6088654829092184
10109,0.2478088157215633
10110,0.09465347935375688
10111,0.364892876466718
10112,2.0153729017685795
10113,1.8364208246013631
10114,2.0680970738529405
10115,0.8581659156345078
10116,1.224789980545158
10117,0.8332405569331384
10118,1.113542530445826
10119,1.7153315674457237
10120,0.25473027004685017
10121,0.41910532339353485
10122,1.1935668263849568
10123,1.0495779329524715
10124,2.192958567663476
10125,0.03584229674080712
10126,0.6230843503751534
10127,1.6265470105154545
10128,0.18996411862438092
10129,1.3129670428603448
10130,1.4128398151528354
10131,1.9363578849458223
10132,1.0258568922261704
10133,1.510634586595358
10134,0.4971336330791556
10135,2.2720848467830392
10136,0.51305130888909
10137,0.8134774318923834
10138,0.506556239639048
10139,0.3679557427576442
10140,0.08270473945367417
10141,1.7233412897388267
10142,1.0574017739659913
10143,2.0278649100221426
10144,1.5778516798820335
10145,0.10889590807130217
10146,2.062389132939193
10147,0.4311859278796037
10148,1.9322555753757258
10149,-0.4028796666634701
10150,0.3218330276642182
10151,0.08147730632861784
10152,0.25080875412673703
10153,0.8155535262582134
10154,0.17018168267466816
10155,1.1844344226494425
10156,0.9083735201135215
10157,-0.0022067176707005476
10158,1.9675784282634552
10159,2.072170041869053
10160,0.2561701458900809
10161,1.8444976189126945
10162,0.9237365120227534
10163,1.2871013876929136
10164,2.252495068934577
10165,1.714144498233546
10166,0.4243705777335609
10167,1.631255072009685
10168,1.0997283378584055
10169,0.06244510123281816
10170,1.0012984079931186
10171,1.7204250623361999
10172,0.43212382974599994
10173,-0.12798154930979938
10174,-0.0004271930727615114
10175,0.4717586805613846
10176,1.716522779551883
10177,0.8366900550304541
10178,1.5383325077034131
10179,0.034282539811049284
10180,-0.04116873221672207
10181,1.660969329971966
10182,0.7444523959732818
10183,-0.035488265752806475
10184,0.6463017596700389
10185,0.4199986949986922
10186,2.44332472616208
10187,1.6563078849438038
10188,1.866554986888525
10189,0.3129321276584939
10190,0.6069826577986348
10191,0.4874854012389149
10192,1.6041855260915758
10193,0.03751794978926119
10194,-0.03955922721370031
10195,0.5536455330785638
10196,0.8988767571568796
10197,1.220573392901383
10198,0.20546633435041384
10199,0.836296610002284
10200,1.8739896793041195
10201,1.6876569391364489
10202,1.4771808697109008
10203,1.8498307342867362
10204,0.3337251730537134
10205,1.3656593214745683
10206,0.49876932873334523
10207,1.4939657272470523
10208,-0.13105021353663202
10209,1.7541161944258639
10210,1.2901310841826739
10211,0.3179610262794587
10212,0.6869967685052845
10213,0.34916337414457144
10214,0.5548686107384467
10215,1.843934541231294
10216,1.523750859313484
10217,1.3776880596175618
10218,0.5328387901385901
10219,0.8930810118572399
10220,2.5767642797162966
10221,1.263381496123735
10222,1.20496219118264
10223,0.021355461866187996
10224,0.07198079656062056
10225,1.1837119328752461
10226,0.9525612083115829
10227,0.773110915798126
10228,0.5326677155187055
10229,1.332175187873644
10230,1.3134123251458558
10231,2.3067273568101703
10232,1.0761836762803845
10233,1.390901744852848
10234,1.6890024238781667
10235,1.3618061040780505
10236,0.9491404239128138
10237,2.4074808978522375
10238,1.5737235076706697
10239,1.759540381287042
10240,0.8127996196776048
10241,1.9171540119551622
10242,1.342491996765862
10243,0.527193069726873
10244,0.46276248933189457
10245,1.919941562730973
10246,1.3787111544938604
10247,0.49291939051377165
10248,1.2810152205665446
10249,1.0059802453603552
10250,1.2549068723479218
10251,1.215454284397973
10252,1.9013020815094508
10253,1.365522802276384
10254,0.7421597176862965
10255,1.680658903214401
10256,1.1255600414376425
10257,0.7774875526032557
10258,1.2616169440007166
10259,0.8623508380747917
10260,2.479624471060589
10261,1.2855122014096525
10262,0.1813219747042844
10263,1.0847574662985915
10264,0.3786967304008969
10265,0.43019539944935975
10266,0.37065835141673487
10267,0.9938747503569856
10268,0.797974648736658
10269,1.0834727880408532
10270,0.062316334100000745
10271,0.8641302135074225
10272,0.6769463177118871
10273,0.1294711201660132
10274,1.4257017447447873
10275,0.4463522263049085
10276,1.264384917006654
10277,1.4486665438817814
10278,0.4181368326622147
10279,1.024540499329265
10280,0.39763527684193023
10281,1.2294360752110276
10282,0.2889805963848906
10283,0.2544133972956588
10284,1.396917230413904
10285,0.3918536429378787
10286,1.0024192469828712
10287,1.5875900925885056
10288,0.43913628629857665
10289,1.1039916951917135
10290,0.4417283788828047
10291,0.0813901170501508
10292,1.2788709849658777
10293,0.5028399263577148
10294,0.8991655756932484
10295,1.5058370176505995
10296,1.6719648096039732
10297,0.97470028080471
10298,1.6869586612249934
10299,1.18327239778259
10300,1.1346615116523673
10301,1.5914050693036335
10302,0.8520648333314973
10303,0.43162966027409294
10304,0.6252645931108141
10305,0.48902150403330064
10306,0.4792342324098773
10307,0.8032777164654609
10308,1.1195553769814723
10309,0.41857186848519135
10310,1.5875324864321763
10311,1.9858118407916452
10312,1.1567621571808158
10313,0.3603597425576742
10314,1.592990290362265
10315,1.0633835824196631
10316,0.4112497749898588
10317,1.0642975107993713
10318,0.47471658682333495
10319,1.7435040878609505
10320,0.6234455153006904
10321,1.3889423391510776
10322,0.8494680339304399
10323,1.1332472225439052
10324,1.4873491924069229
10325,1.522914941916284
10326,0.38226218098641146
10327,2.445456093701655
10328,1.4149130112542863
10329,0.38150654354572155
10330,0.08548407719768927
10331,1.1588737328796344
10332,1.231428549258003
10333,0.6867012542738038
10334,0.7179064227483635
10335,0.14087209772855583
10336,0.19436286899313537
10337,1.6988196842981351
10338,1.1133297007319911
10339,1.2795483520672257
10340,1.2010988657793418
10341,-0.18509517830420671
10342,1.7463494469811334
10343,1.070794395316535
10344,1.773122889323925
10345,0.24745950818797563
10346,0.08848940820699024
10347,1.1408045793210935
10348,1.2993062289241246
10349,0.896039097453674
10350,1.143328824868517
10351,1.6236329552263473
10352,1.4356553566465793
10353,1.3846126706277082
10354,1.9787045555792442
10355,0.743941045117491
10356,-0.19799564659332283
10357,0.9910174930685275
10358,1.807285338166706
10359,1.3029547494220606
10360,1.0801088077698222
10361,0.4813189112588147
10362,0.03503773792298841
10363,1.6586275784812594
10364,1.54160752431673
10365,0.47864932454214204
10366,1.797243735837789
10367,1.8443988997293064
10368,1.5777445701544144
10369,2.250730804211651
10370,1.4635676693639672
10371,0.7278386828828816
10372,0.44232483001542544
10373,1.94129283791942
10374,1.0679040030457192
10375,1.793931058665243
10376,-0.2725113679667609
10377,0.4454069590011065
10378,-0.06992904927233792
10379,0.026869379725469267
10380,1.682528032280179
10381,0.2623778292869897
10382,0.9377112107162922
10383,1.6122094996665308
10384,1.6239687040190898
10385,0.5275206375883554
10386,2.137682839475198
10387,0.060626965408925676
10388,0.2852402689747387
10389,-0.05328158957193993
10390,0.16248485705712407
10391,0.5040223617151066
10392,1.7544794646935986
10393,1.6497673997647908
10394,2.0707607886446713
10395,-0.018026241047739908
10396,0.6138423422089208
10397,0.32164471171758013
10398,1.0607677507587714
10399,2.2989697434453933
10400,1.465932585241575
10401,1.5267824288083363
10402,1.655718826115456
10403,1.0948127444228384
10404,2.090768488071626
10405,0.24325051861641186
10406,0.8809565426638724
10407,0.6781314287963327
10408,0.3339368174167376
10409,0.38349414775605273
10410,1.1978277654406775
10411,1.2263495282422703
10412,1.8001510163286878
10413,1.211303535163811
10414,0.9635251569566567
10415,0.32434101262932535
10416,1.0256416606619838
10417,0.5064316726449305
10418,0.07750153011731056
10419,0.9498954849939477
10420,0.9599018359827177
10421,1.7025615799512641
10422,0.4068775244994493
10423,1.2097885113924347
10424,0.1939464001357473
10425,1.0848095893074003
10426,1.1081303320833569
10427,1.5609771970692927
10428,2.297185759453608
10429,1.1616997085827152
10430,0.9963684298637567
10431,1.6553323655500636
10432,1.6004056142403156
10433,1.0391240986598806
10434,0.3643036368789614
10435,-0.10402356977145152
10436,1.5882458751098454
10437,1.493664903533347
10438,1.0381902754430428
10439,0.9320125153520111
10440,1.3339953211505036
10441,0.7432233037732872
10442,1.2832394635140985
10443,0.2563845587723721
10444,0.5068887960465224
10445,0.1563273631880904
10446,-0.34335597318932903
10447,1.8615956152493456
10448,1.30083676887123
10449,1.6217613460670885
10450,-0.2893014533892225
10451,1.8254785529072926
10452,0.33162290842498504
10453,0.8599351291168524
10454,0.60864576285087
10455,1.9081200733008976
10456,0.017839243724428952
10457,0.37628829958430543
10458,1.7298334678765457
10459,2.1835392705974277
10460,0.7944950299378261
10461,-0.2936480384770771
10462,1.2730808181749202
10463,0.0327931131537232
10464,0.25804202330181525
10465,1.825806665388509
10466,0.9296077579692738
10467,-0.06418143363849849
10468,1.6448675236469616
10469,1.201810687697722
10470,1.5432180463572638
10471,1.1727279309102392
10472,1.1947760521804258
10473,0.8724685408558832
10474,1.5617445083176493
10475,0.9329520728447711
10476,1.5928086256987113
10477,0.9225358620430065
10478,1.237432691860748
10479,0.48633936442877546
10480,0.47357062174881615
10481,2.0225180126370503
10482,-0.19559562829211877
10483,1.8922252485115885
10484,1.3100753978520772
10485,1.1937022999353288
10486,1.7243281179310594
10487,0.4506902237499208
10488,0.8181316827064093
10489,1.7223130522199441
10490,0.4418843731408585
10491,0.1912160541760664
10492,1.658075704577255
10493,1.189060243688316
10494,0.9296629213465247
10495,0.7568640009376013
10496,1.1243973671777079
10497,0.5182805506837052
10498,0.933296267076552
10499,1.2876348145618624
10500,0.855008070990248
10501,1.8074863658335882
10502,1.1992350193201595
10503,0.7826434695449733
10504,1.0234658698358325
10505,1.544954273231209
10506,1.4782741753571704
10507,1.028937304424975
10508,0.8505345540772247
10509,0.6168255275871923
10510,1.0566961398125563
10511,1.2036691276328333
10512,-0.07751380018415419
10513,2.242997625021033
10514,1.5307990770976647
10515,-0.294893749058577
10516,1.0168865207811537
10517,0.22885368369713394
10518,0.6963716992599887
10519,0.9515006056986934
10520,1.049036049595778
10521,-0.017113854118897515
10522,-0.09862382951750279
10523,-0.08421150101805552
10524,1.062311386192024
10525,1.0884764403223584
10526,0.9699927720284027
10527,-0.007510969372907114
10528,0.6029646382864742
10529,1.5054176446474141
10530,1.4081613745654584
10531,0.785071773630555
10532,0.9855855242231221
10533,1.3456558403714198
10534,1.2177159726103015
10535,0.28143894416584536
10536,0.8891403974461234
10537,1.3957600949188087
10538,0.8583210039643714
10539,1.1364235816656323
10540,0.5949220936508033
10541,0.2355338997555727
10542,0.923919221782939
10543,-0.03890901069218422
10544,0.7749383667480746
10545,1.426072002144747
10546,1.6846866457624996
10547,0.5109860061895347
10548,0.6932253855932615
10549,0.38169669791970084
10550,1.0815123230901778
10551,0.7130797643793939
10552,1.294469776706947
10553,2.49028672584488
10554,1.4441911384888186
10555,1.1135647402417865
10556,1.3461730055201184
10557,0.743733536398337
10558,1.4109544126632443
10559,-0.11441805920492457
10560,0.5876023940376679
10561,1.8936658848441978
10562,1.0844941710547047
10563,0.5124483746316447
10564,2.038306670558034
10565,0.7823641623073107
10566,0.07293071000357632
10567,1.3787414417156245
10568,0.8316205175294777
10569,1.5871290984614843
10570,-0.6285513441779925
10571,0.9254964495728478
10572,0.5943005579394984
10573,0.2029950002488892
10574,1.1786389454158144
10575,0.3627629824027869
10576,0.3927935824188995
10577,1.046461537450494
10578,0.9901536458648339
10579,1.4884794985620657
10580,1.0903462087664093
10581,0.5476695224338473
10582,2.004831622765227
10583,0.4020720882142812
10584,0.4195871497724383
10585,0.47386131817236377
10586,-0.17142927625473028
10587,0.40457372212745324
10588,0.37586107464494867
10589,1.4084047188319857
10590,1.1240364050895923
10591,0.6726442319477455
10592,0.0005198867708135213
10593,2.2237531365223218
10594,0.5573220551524662
10595,0.16071968308016296
10596,0.7676138482553219
10597,0.6980752163377162
10598,1.253977070123493
10599,1.1420928334724416
10600,2.163087217475731
10601,0.9922377270610654
10602,1.1808971559423638
10603,1.7963336928382643
10604,0.6040979911465945
10605,0.8277897935412257
10606,0.6137177108452034
10607,0.291194343026781
10608,0.5552225511211106
10609,1.423001667296068
10610,1.8698212265087344
10611,1.8494478622079829
10612,0.1914631889925096
10613,-0.15331169195674568
10614,0.06764668632315993
10615,1.4264958413113187
10616,0.8072978367114565
10617,1.7891136618913637
10618,0.9679473488817453
10619,1.3238967183344674
10620,0.9480450855657351
10621,1.848374646721234
10622,0.5151955083441998
10623,1.8654720518949046
10624,0.4849609315493246
10625,1.0828271038492396
10626,1.6399517420292926
10627,0.21242275825226786
10628,0.9503039274781953
10629,1.099763309036815
10630,1.5193248790125615
10631,0.41248843365331145
10632,1.2846460592148714
10633,0.34493087630773644
10634,0.09944919795775262
10635,0.16621791095845728
10636,2.0939781990693285
10637,1.318654256259563
10638,1.2888700108550468
10639,2.235342756780265
10640,0.9441289549599011
10641,0.45082374766354893
10642,1.320390972851337
10643,0.6210302933850929
10644,1.5911868406638197
10645,0.5071684542266186
10646,0.6954710167380801
10647,0.3771869313983585
10648,0.3904422442765859
10649,0.6864626069816003
10650,1.6209586673292917
10651,1.891818667516956
10652,1.2923707991373556
10653,0.2060484840003363
10654,0.7624209834392071
10655,0.7751169629710504
10656,1.0095453352491166
10657,2.614162425248907
10658,0.6083979158944737
10659,0.3677383621557372
10660,0.4867417748329305
10661,0.961128874807509
10662,2.0833650695217054
10663,1.4414289691168705
10664,0.3081976126898306
10665,0.8084970338142148
10666,2.1059378879069777
10667,0.7215407593776052
10668,-0.07579198783808336
10669,0.40500876282614806
10670,0.8034216484473966
10671,1.517268669691655
10672,0.4734796103005126
10673,1.4757161760245323
10674,0.27167027845094827
10675,0.6149991915369905
10676,0.35813926240378313
10677,1.2876814067742322
10678,1.6451965156645278
10679,0.9156909861313919
10680,-0.1376039427790948
10681,0.42410685003863385
10682,0.40912062915445296
10683,0.6639133759994839
10684,1.7470355676385447
10685,1.556652026671691
10686,0.11821194994441617
10687,1.4835447731102889
10688,0.8705710949167187
10689,0.6299152832976298
10690,0.9015964354186103
10691,1.1408942459628924
10692,0.7667101767113048
10693,0.6827101826469999
10694,0.07098849030569393
10695,1.1947542334574976
10696,1.2564282467153507
10697,0.6030702321049517
10698,0.6165933987081971
10699,0.2861021029941377
10700,0.8968908242694718
10701,1.228679393848652
10702,1.3427552004661822
10703,1.849774835755309
10704,1.9384718909488925
10705,-0.027374219940921762
10706,2.0104521110342426
10707,0.1998311115629625
10708,0.2743617452413828
10709,0.21563839695840006
10710,0.372565705966171
10711,1.4558456531335167
10712,0.9807939962130758
10713,0.9130268470834724
10714,1.7030678381346271
10715,2.1049744668058654
10716,0.7614213052146191
10717,0.6051979640684995
10718,0.01578829274246879
10719,1.0134875094861373
10720,1.5748508694405183
10721,1.4526384126760572
10722,1.9553761349420364
10723,0.6539297154722017
10724,1.1585140980514883
10725,0.005895630202633201
10726,0.42529668526503694
10727,-0.11187182054307282
10728,0.3369265546238212
10729,1.7557469640659393
10730,1.2456262275136851
10731,0.5213482446651448
10732,0.20258724379828
10733,1.5761941165353606
10734,0.9004479180336129
10735,1.0411378711658548
10736,0.8876865976219419
10737,1.1304376091976567
10738,2.0926991593114597
10739,1.2425000657861582
10740,1.2028320626875255
10741,0.4541287965691959
10742,1.8875550532899936
10743,0.7816836253188186
10744,0.17577950252726487
10745,0.7544424432747645
10746,0.14701915368473897
10747,0.3096674913204386
10748,1.7324712258364858
10749,1.037669257426515
10750,0.2041452443089327
10751,-0.006600969675555984
10752,1.2049057138302963
10753,-0.5269151176798677
10754,-0.06853142023762632
10755,0.4486550662309902
10756,0.8104043455581746
10757,0.4194851068749747
10758,1.6538273562486812
10759,1.159106120237592
10760,0.850801946051696
10761,0.8203715836086862
10762,1.2642252164140928
10763,0.6810961458285825
10764,1.5306760215225932
10765,-0.018422497157222967
10766,1.7617429858260185
10767,0.8628960377379806
10768,0.9800190305833358
10769,0.5313672762541682
10770,0.7337494378475211
10771,0.9136377919527925
10772,0.5131655454111008
10773,1.5071761271987634
10774,0.6175634484330055
10775,1.3212168516452172
10776,0.09271639814687573
10777,0.5543559434982548
10778,0.6348098615695197
10779,-0.039262507192734886
10780,0.8790103858841412
10781,0.7095247732972566
10782,0.5638822955449574
10783,1.1896183709144046
10784,0.3849376935599348
10785,1.0179215214652464
10786,0.29302754870423375
10787,1.9716801906392223
10788,0.2071946117957544
10789,0.5291014058695261
10790,1.2330696058304698
10791,1.2793304858002932
10792,0.3597811393330426
10793,1.8367647854342837
10794,0.7720780599383337
10795,0.7425870849261139
10796,-0.03593817343641534
10797,-0.006892886898160561
10798,0.9818331853311814
10799,0.2656814870582012
10800,-0.19863375443746809
10801,0.12116623441340729
10802,0.07681784225535472
10803,-0.04296320232237272
10804,1.8127080012117827
10805,1.3572274727426425
10806,-0.08691605847853937
10807,1.3954133419695491
10808,1.2864250364825782
10809,1.9834051791093978
10810,1.492960664385921
10811,1.2557892867681895
10812,2.056996874189435
10813,1.7222808892098123
10814,0.5308858781393695
10815,1.2444044021213
10816,1.5042510322935685
10817,1.163526566227397
10818,0.6316073435168484
10819,0.3948755506538667
10820,0.8430306532574816
10821,-0.02271049232251776
10822,1.09042723352575
10823,0.15057649489480593
10824,1.0522329249249833
10825,0.7906591117344577
10826,1.8982589660613105
10827,1.2353202692847547
10828,1.9770737435583177
10829,0.11775704809380248
10830,0.9571585300239646
10831,0.09758346472685296
10832,0.5914536949502383
10833,1.2034411048160276
10834,1.6397171793392018
10835,1.0439654440951642
10836,0.11145597412951713
10837,0.9542252552286932
10838,0.2186356123372604
10839,1.158995863724657
10840,0.4729872132783115
10841,2.116516892199378
10842,-0.12087141693785233
10843,1.0144046372111046
10844,1.5051778079112126
10845,0.581859931811411
10846,0.3954911534333367
10847,0.6034460141372908
10848,0.027452811634557442
10849,2.4614403393520736
10850,1.6418399252410196
10851,1.585081109639149
10852,0.269663508639554
10853,0.560312698175095
10854,1.8611549526330544
10855,0.7229604678993224
10856,1.8283351300842638
10857,0.915765944052799
10858,0.866862318069781
10859,1.2346494324327564
10860,1.0041415686477824
10861,1.8105722342887451
10862,1.3098702397524344
10863,0.3268643121357703
10864,1.7607042278624518
10865,1.771702190021233
10866,0.9225799793146052
10867,2.2741104983374956
10868,0.9410611557064612
10869,0.20720318508748714
10870,0.04260015491888042
10871,1.2457585240669644
10872,0.46779927065781407
10873,0.21646001907731105
10874,1.4684481519923902
10875,2.044385064275944
10876,0.7900767603236872
10877,0.944897950520883
10878,0.22197872660895465
10879,1.0922565551860928
10880,0.4156931127521879
10881,0.6390498793115205
10882,0.2154858452984888
10883,1.041438513049548
10884,0.913246891122081
10885,1.4793185604064578
10886,2.2456336965810433
10887,1.7361458471017093
10888,0.33217574324685806
10889,0.6587191880014245
10890,-0.3704374585509117
10891,0.5894303731506254
10892,0.46003816263493824
10893,1.2818266549182005
10894,0.11463026252040993
10895,0.9263951990267687
10896,1.0493117827168281
10897,0.18940554084639233
10898,1.3551255547311931
10899,0.36136518285773955
10900,0.7826650930716881
10901,0.9715219336056191
10902,0.9800060718106819
10903,1.0146932747691362
10904,0.17189182684899562
10905,1.3269483959064088
10906,1.9370309117027467
10907,0.7641906528729469
10908,1.3814242349637733
10909,0.2519653658262355
10910,1.3797816388320885
10911,0.7486909203368577
10912,1.2560436197156364
10913,1.4676009013392413
10914,1.375072203246421
10915,0.41214005492058314
10916,0.8759373811116554
10917,0.6526354321677006
10918,1.4366238400352827
10919,1.9898782797207302
10920,1.7006784386074278
10921,0.4877872940910942
10922,0.820164645054223
10923,0.16415704483747162
10924,1.4995276225222494
10925,1.1126321137968584
10926,0.8865099670873061
10927,1.308045606342072
10928,0.7583955232230157
10929,1.4363742524169516
10930,1.5399310804414785
10931,0.43338710514298484
10932,1.3845762562428887
10933,1.2278979240826775
10934,-0.001886615347532039
10935,0.27632216224576056
10936,1.362925873046681
10937,1.3763415043410636
10938,-0.15463412127229617
10939,1.0964313277051605
10940,1.313415590844195
10941,1.3639605603902567
10942,0.39776604297032864
10943,1.7958291701922275
10944,0.6744197869142549
10945,2.210591893652782
10946,0.40852565442319905
10947,0.053886101278093956
10948,1.7317799324621066
10949,0.8949964029443882
10950,0.754728798277414
10951,1.09047203751085
10952,1.1068202755950751
10953,2.351969161710014
10954,1.174739211402707
10955,0.5022102270303751
10956,2.0402791321346743
10957,0.6672997942247082
10958,0.16045978371661945
10959,0.24175376479868915
10960,0.6047461717117621
10961,1.566930536266881
10962,0.42256324841842485
10963,0.7264018481226349
10964,0.8139489272484688
10965,0.4505476917792034
10966,1.471574950130195
10967,1.627499315386191
10968,0.7143557765758033
10969,0.8558797415464582
10970,0.6423887476130594
10971,2.085023345491143
10972,1.8312575751909084
10973,0.43710407836758736
10974,1.4948866644274763
10975,1.303802746762441
10976,0.07703136623648392
10977,1.3514644039858643
10978,1.417507827469899
10979,0.0178980381172148
10980,1.8113100606736383
10981,0.89157282189323
10982,0.05792591988981008
10983,0.46274873847981257
10984,0.04112666301365417
10985,1.0777854510528702
10986,1.8064119818876951
10987,2.350339924899818
10988,2.2067900307360127
10989,0.32465757298336656
10990,0.2898072658980453
10991,0.1848110850383305
10992,1.2990381825209818
10993,0.45898638467919184
10994,0.8714101878839322
10995,0.25453832563844947
10996,1.227719307234407
10997,1.0541306142923401
10998,1.7501795953316188
10999,1.8444922335026286
11000,0.0413833877625292
11001,1.3206501676178375
11002,1.2287703293372012
11003,0.7329493037918908
11004,-0.06111318855856353
11005,0.9586451275382976
11006,1.621444294179055
11007,-0.17774883926528154
11008,0.5946063739151102
11009,0.9495653897330663
11010,0.037464204244704286
11011,1.1791977277307097
11012,1.0919645876080342
11013,0.8204030232730186
11014,1.2166315634785272
11015,0.4483699187282145
11016,0.8078617926561786
11017,1.766833216615282
11018,0.8071564834944142
11019,1.5291274547175044
11020,1.1459141194398133
11021,0.08145510259977297
11022,0.569183728490403
11023,1.755827277481956
11024,1.7214518408496595
11025,-0.1344803439615699
11026,1.5988196240344699
11027,1.6462238173508004
11028,0.9886952391270601
11029,1.1353699215136146
11030,1.2928605343883615
11031,1.4642080020242059
11032,1.8383407286671565
11033,-0.03914261569934688
11034,0.6946695161416103
11035,1.7760363880562617
11036,0.8900711729333621
11037,1.5046161746039657
11038,1.0088359189637923
11039,1.5163730083699027
11040,0.12700360552294315
11041,0.06717406764917128
11042,-0.23126932367553224
11043,0.311733501865537
11044,0.6685507778715716
11045,1.0525699995527722
11046,1.0287409933136056
11047,0.4697272954256204
11048,1.7974240469340086
11049,1.8574903883785336
11050,0.7901511440682752
11051,0.21655850939357385
11052,2.1790538295341526
11053,0.7392129640413726
11054,1.7088432056142064
11055,2.0609739922017636
11056,1.7959844348884644
11057,0.4057081696281558
11058,0.8611796167952356
11059,0.9089472781470216
11060,0.4756085816013377
11061,1.110701121668546
11062,0.6732116819810914
11063,0.8171375445005793
11064,1.220312633016067
11065,0.9584062021207043
11066,1.2101560232357274
11067,0.5168654070134987
11068,0.9743886362285411
11069,0.6170751122492002
11070,1.0353514514463575
11071,0.968200762818938
11072,-0.3209931916721223
11073,0.27074717721799385
11074,0.8757427115338017
11075,0.7203937366013211
11076,0.39668994702090643
11077,0.7917020879368859
11078,1.826572016660647
11079,0.393637584127702
11080,0.1284573701363102
11081,2.0862360771534094
11082,1.0458555811803025
11083,0.6395108239086973
11084,0.8757458495278478
11085,1.4003919122336903
11086,1.2630577174658864
11087,1.4958914279608329
11088,0.6532620297703304
11089,0.9475666581624237
11090,0.3752602716922389
11091,0.07000143641434288
11092,1.791732026437436
11093,0.49430261197741004
11094,0.21164282285954578
11095,0.48749676421549903
11096,0.16093505861294338
11097,1.4179267861467022
11098,0.5338719114457731
11099,1.1806142143196008
11100,-0.13443632799212937
11101,2.7251052078938485
11102,0.3788407974495017
11103,0.5491802897539148
11104,2.000701745807599
11105,1.3406206936849312
11106,0.5938131668949389
11107,1.5672713130924936
11108,0.10653901832401577
11109,1.8482703676896102
11110,0.12290916390159698
11111,-0.07625172133373417
11112,1.4093983922585587
11113,0.9049585628766501
11114,-0.34642509721522774
11115,1.678754932624354
11116,-0.021799747437305353
11117,0.016455405541930007
11118,1.528650269570718
11119,1.4151994845644016
11120,0.9016394004901072
11121,0.5030674692529375
11122,1.6931899417384169
11123,1.138839833034144
11124,2.2111713795761823
11125,0.6217817690525349
11126,1.1986558155877851
11127,1.0307959141613243
11128,0.8397857705839898
11129,1.5237661491351981
11130,1.1780648398531042
11131,0.961195934473983
11132,0.47673336261272614
11133,0.3132024738658197
11134,0.8511945834621044
11135,1.56648277937515
11136,0.4792683719636174
11137,1.0474787915912367
11138,2.0840156347377725
11139,0.7168509044457148
11140,1.5626579237190648
11141,0.7357473333172652
11142,0.3355668547662939
11143,1.4853363291366217
11144,0.8174932066454307
11145,0.6728286424973153
11146,1.4158751831511436
11147,0.4753752941018563
11148,1.356005406306469
11149,2.0040932213289877
11150,0.2377340329999012
11151,1.1794696419222261
11152,1.0054329559390223
11153,0.7340695701256588
11154,0.47629634791591435
11155,1.703704795061972
11156,0.6750215937274904
11157,1.344032445867874
11158,1.5334885527119004
11159,0.15600453167158446
11160,1.5586357867428329
11161,2.0834457814488356
11162,0.5587234982200275
11163,0.48070045570134845
11164,1.479874772187985
11165,0.4789736960917883
11166,1.3087329009769777
11167,0.6295795296171379
11168,0.7255455343897924
11169,-0.22502382860205422
11170,0.9880395137987978
11171,1.036329481338617
11172,1.213982033643607
11173,2.172896486713899
11174,0.7104078965783776
11175,-0.005887777048705911
11176,0.20261580165635376
11177,0.5093640615597497
11178,1.1410345249867655
11179,1.1017772182758307
11180,0.2025364971169725
11181,1.5259510493611783
11182,-0.18519108783854296
11183,0.4517626764612308
11184,0.5803944429221238
11185,0.847612723598748
11186,0.7395717687773119
11187,0.25734568902695376
11188,1.164902431576607
11189,1.0728169131297327
11190,-0.05169655125933659
11191,0.8368495399092484
11192,1.2420612642855584
11193,1.1075139576476725
11194,0.9893750214180012
11195,0.8283801257563109
11196,0.2875489212620756
11197,0.4496145836343728
11198,2.03386934656848
11199,1.3627796392691751
11200,0.6540053867205698
11201,0.5657094492198447
11202,-0.04578973372556455
11203,-0.45276448982413137
11204,1.7871194855271
11205,2.431000354579844
11206,1.1334366702365841
11207,0.14958480550763376
11208,0.9542935281432101
11209,2.2473688646879464
11210,1.6167817981622332
11211,0.8164606358707116
11212,0.10164415740389177
11213,0.354218111331142
11214,1.3804736957668315
11215,1.5714646202599902
11216,0.5246315989616347
11217,1.6030974424339166
11218,1.5853243613947643
11219,1.6313942600997013
11220,0.8224696532612209
11221,0.541213094292185
11222,1.791711785335745
11223,2.080412431951202
11224,0.41808434048169396
11225,2.2747703425294636
11226,1.6403837851283265
11227,-0.07864635210552032
11228,1.2547090601207866
11229,0.571906872008794
11230,0.9907859490583031
11231,2.1029331309700505
11232,1.642612879207779
11233,1.2624910845366397
11234,1.0332322799957263
11235,1.8323511948074436
11236,1.2843489477161356
11237,0.8849178856965407
11238,1.813151010697649
11239,1.281837192644607
11240,0.9796630798171904
11241,1.253009772954756
11242,0.7971669810424538
11243,0.710352037378253
11244,1.6401085545404734
11245,-0.29969471848413554
11246,0.5679593848225741
11247,1.058389481536246
11248,0.10815949785351761
11249,0.25891313584161846
11250,1.3022468811284544
11251,0.8444272742009435
11252,2.069324122941005
11253,1.2544327280929246
11254,1.853340881728037
11255,0.3078576853952163
11256,1.3778613159208872
11257,1.5904803277854405
11258,0.7805931529224883
11259,1.4356780221574041
11260,0.07798088720630073
11261,0.2591540888405255
11262,0.6875786382669508
11263,0.301191633753593
11264,0.8212888982688148
11265,1.447312504304177
11266,0.6256169805070215
11267,0.15070389500806922
11268,1.6251041425035115
11269,0.7581918471856632
11270,1.235075218481823
11271,1.0429540567036266
11272,1.0516996959609595
11273,1.3342354641423548
11274,1.5660239010634052
11275,1.3430036595187422
11276,0.04758722884924304
11277,0.4985429884362038
11278,1.357102645992944
11279,-0.042259563764098396
11280,1.3413616615039796
11281,0.3538947280703284
11282,1.04912886102928
11283,1.6371006344418493
11284,0.2801475108893936
11285,0.750853259130908
11286,1.8721397942915168
11287,1.286922426106611
11288,1.2001748443075604
11289,1.0784198428067724
11290,0.7655569671035825
11291,1.1679818096140917
11292,1.7294255965541618
11293,0.298816881274946
11294,1.013348773479243
11295,0.6492982955631545
11296,1.8896835820785323
11297,0.7926953885987458
11298,1.1332429684512948
11299,1.520201452264246
11300,1.344115933885482
11301,1.4094359895757316
11302,2.4896133180133777
11303,2.14224136101823
11304,0.16431103241722766
11305,1.2502117361948442
11306,1.4592960703783802
11307,1.5128092215884614
11308,1.4375312417728718
11309,0.7561705185118344
11310,0.8893940175257763
11311,0.4946415224184736
11312,0.6628186679062142
11313,0.9011865040402658
11314,1.5696691715735889
11315,1.6385401423593804
11316,1.4022390378892289
11317,1.4119884378846446
11318,0.3888908699569672
11319,0.7420575476528061
11320,0.880596064122275
11321,0.3295694804348879
11322,1.7725091032549058
11323,0.17091335975331456
11324,1.1930869631400456
11325,-0.06803791250363944
11326,0.4180873040000739
11327,0.5314173654510608
11328,1.1798195294045084
11329,1.2395120603481924
11330,1.9286006549394514
11331,1.188163437341051
11332,-0.13844308133982003
11333,1.3590699690069763
11334,0.9110536270103333
11335,1.6906934144177337
11336,0.9972337694585692
11337,1.884828465569117
11338,0.7735383230382644
11339,1.6042298297403035
11340,0.53338541129315
11341,1.46595984750985
11342,-0.4393393116729586
11343,1.2951429204598308
11344,0.327218315626409
11345,1.383867864432461
11346,0.9650017076222802
11347,2.1365927599148646
11348,0.04315658338489697
11349,1.6982196292682352
11350,0.8362469155118051
11351,0.061265102259125445
11352,1.8978399229108058
11353,0.21145624735213994
11354,1.089550340348864
11355,0.3537459920337587
11356,0.3270143081852105
11357,0.29174837991537733
11358,1.3583877671116742
11359,2.0085486918564106
11360,0.37173236627499157
11361,0.19315301167995994
11362,-0.21891370240186833
11363,0.4271775636987284
11364,0.16300276038023065
11365,2.0160232518960557
11366,1.2579069544795016
11367,0.5517278106702331
11368,0.511137592040174
11369,0.9499982073225004
11370,0.5225228059971627
11371,1.2279755217492407
11372,0.2464120647297608
11373,-0.3845288514098561
11374,1.6566246543568
11375,1.854288783025725
11376,1.4177157427119709
11377,2.1889703307995614
11378,1.3291081813474073
11379,0.7131667438639617
11380,0.09614577864298376
11381,1.4377957508855643
11382,1.6909587869020786
11383,0.8033319834744582
11384,2.586175830395836
11385,0.6322554198825261
11386,1.8404186409011432
11387,2.2189550667368123
11388,1.145057177982709
11389,0.7224391657762692
11390,2.1578206636672497
11391,1.7699944780245962
11392,1.308942298701293
11393,-0.17331369356400902
11394,3.167004992101838
11395,-0.04385492838952995
11396,0.8043976513282929
11397,0.7118328170780581
11398,1.3717486041307325
11399,0.8563857846311805
11400,1.2626413505674399
11401,1.39668816834611
11402,1.6181866873135995
11403,0.35295320208665004
11404,1.464645934701211
11405,1.3941413706517998
11406,1.7873890981510867
11407,1.570684366973406
11408,1.6506867009564261
11409,2.700828470679525
11410,1.8104211971652564
11411,1.2509460994351096
11412,1.0750908690992618
11413,1.8896829054746895
11414,0.7640208392400107
11415,0.8122700302013527
11416,0.48221397964295654
11417,1.984632748765425
11418,0.89321939159712
11419,0.220752923882663
11420,0.34393794246067955
11421,-0.37075413128562
11422,0.5799462903108528
11423,-0.034803934272918474
11424,0.1722813524538292
11425,0.24241779028821336
11426,1.7118797484430797
11427,1.984830098176119
11428,1.953074692051441
11429,1.4391526139100228
11430,1.8882464523748965
11431,0.855314399838103
11432,1.3128705990090805
11433,0.3791458562538855
11434,0.05824994290308368
11435,0.3800964739221543
11436,0.5097923484543745
11437,-0.03217575061447284
11438,0.9336962197593012
11439,0.43427866093375866
11440,0.31904033951206906
11441,1.1948488856323338
11442,0.6407810458889003
11443,0.9168573883506473
11444,1.047453385126797
11445,1.4835893425248121
11446,1.514720649804767
11447,0.3025088105423529
11448,0.6728595132235858
11449,0.005222080046469527
11450,0.6364142367979642
11451,-0.14736961348098537
11452,-0.0942361580439077
11453,0.5782453253220999
11454,0.06861957887972137
11455,1.8521863604984412
11456,1.6200522049016728
11457,1.6946760363651563
11458,0.9220090658383286
11459,-0.1292512736417118
11460,0.309143573824776
11461,1.6171517140981608
11462,0.4815433302122927
11463,1.8996466492850634
11464,1.8319938271059335
11465,0.0669607508394004
11466,1.8134009991448499
11467,0.585200530759324
11468,0.8589039813212439
11469,1.3489910646959222
11470,1.26571972294713
11471,2.153111886621592
11472,1.9578005537144358
11473,0.5426723841170781
11474,1.3093157457270381
11475,0.3651445878960071
11476,0.1931054621341588
11477,0.9404836840952173
11478,-0.2749746205354987
11479,1.4512425246373233
11480,1.0296370728758384
11481,1.6038074284148292
11482,1.3980224298854405
11483,0.09349835705833451
11484,1.280056433477709
11485,0.5019998423832958
11486,0.4292417084258146
11487,1.9918853526950422
11488,0.5855368926112761
11489,1.9669319150952216
11490,1.1852545667781793
11491,0.22820885905270827
11492,1.408132704761227
11493,1.1872653532523105
11494,-0.025052493190930003
11495,0.9386823262956564
11496,0.05289762100666968
11497,1.1787031924225897
11498,0.8612379490074823
11499,0.681979771472319
11500,0.6359830557388738
11501,0.0881180195067404
11502,0.5023994049974074
11503,0.04400047495817841
11504,-0.09108006379839448
11505,0.09664305032890257
11506,0.9571513550821615
11507,1.2327898343097068
11508,1.4373276091185996
11509,1.2873683424157387
11510,1.3754838289786182
11511,0.29860216954716384
11512,0.5906081819275513
11513,1.183229150411862
11514,1.3778968748430336
11515,0.6312825036772001
11516,0.5419382542014053
11517,0.39497122307856847
11518,0.2250331865212976
11519,1.1931687313119748
11520,1.1300608866651436
11521,0.04139539503494504
11522,1.1119471634191518
11523,1.7344788281754258
11524,1.195700878419442
11525,1.7425664014406737
11526,2.2332389851718557
11527,2.247083344808351
11528,1.8159881194551357
11529,1.4194784433380616
11530,0.8862935373747384
11531,1.0124291764987434
11532,1.3742524834386174
11533,0.9396487343613141
11534,1.4787708174031051
11535,0.5542744172385831
11536,0.005407504992647208
11537,0.34181439585227974
11538,0.40478081289961365
11539,0.218868679302546
11540,0.7271943301698706
11541,2.05515657596018
11542,1.2131198507379022
11543,1.3913529904505753
11544,1.9001731996975084
11545,1.7790369111581674
11546,1.563846113245476
11547,0.00761950703783329
11548,0.26594775941594984
11549,0.32489709858117566
11550,0.753973526180284
11551,0.9871618178419821
11552,0.5126619461343876
11553,-0.3833917829108311
11554,0.5493064761046792
11555,2.074392301114791
11556,1.4584502138527613
11557,0.9449756853828071
11558,1.050524459102132
11559,0.21446081290551638
11560,0.28941771682927736
11561,0.9513198748790926
11562,1.8071539639938912
11563,1.4537811735720825
11564,0.725038470565828
11565,1.8207053814179355
11566,-0.12069254387696682
11567,1.0389104641123044
11568,0.3145777996143088
11569,0.3209157725237558
11570,2.0246371517744164
11571,0.8490526121791856
11572,0.7224597270672289
11573,1.932743487229478
11574,0.33824730057028
11575,0.33135020184388453
11576,1.0368447519250281
11577,1.3359674015177987
11578,1.031730323861847
11579,-0.14049034805105393
11580,-0.12040397929133007
11581,0.43427281422916436
11582,1.6608371100269887
11583,1.1140678750137234
11584,1.7243682045984245
11585,1.5937477140523106
11586,0.6384373890598602
11587,0.25601829631819595
11588,0.7557838292161273
11589,0.8102887846401317
11590,-0.1391485632033432
11591,0.8607931641403055
11592,0.23461703216217072
11593,-0.07513843512621704
11594,0.7058556510172607
11595,0.6498137802623261
11596,0.5580572467956784
11597,0.4518521237466842
11598,0.12918056094585584
11599,0.8643669670298457
11600,1.0152887371332664
11601,0.015832608741795914
11602,0.31684993326748523
11603,0.25457881693433737
11604,0.8300226823600755
11605,0.7226680722650206
11606,0.8224481308515568
11607,0.8752901170339688
11608,0.4422124334464634
11609,1.8559974188101693
11610,1.0427303852271312
11611,1.4966409987932465
11612,0.9706720018194649
11613,0.3778747585582445
11614,0.48480837706382396
11615,2.0554951071840786
11616,0.2674245695470796
11617,0.436254797644702
11618,0.3328801613761353
11619,-0.037861213270563354
11620,0.9321521672243381
11621,0.4281613046298459
11622,1.4172313511467296
11623,1.7896538126472807
11624,1.9398018929074554
11625,2.067366735823648
11626,0.24813118281274363
11627,-0.024098802346209924
11628,-0.49804220732141474
11629,2.2279403360648606
11630,0.8554131402694664
11631,0.43837814275032067
11632,0.4982570262224034
11633,1.5875722014048281
11634,1.1900992192505437
11635,1.0920937035855487
11636,1.0377273192380505
11637,0.8726618965228794
11638,1.4284773547208558
11639,1.186768011437885
11640,1.4339357520459122
11641,1.8409328337322952
11642,-0.21507437189800016
11643,0.35865959742361075
11644,0.15721263953178283
11645,1.324448339903041
11646,1.288626810341849
11647,0.5722341963356029
11648,1.186535249400744
11649,0.8210059589149676
11650,1.820571211711673
11651,0.5967843227317797
11652,0.8167126383923562
11653,1.3578439261816149
11654,0.29041530610891053
11655,1.7407651057393085
11656,1.8120847891458784
11657,2.134574884475487
11658,0.8062553331795674
11659,1.3013023945763
11660,1.7855805042118726
11661,1.0144414949320337
11662,1.2093504336034988
11663,-0.04529602028773505
11664,0.28976578921973695
11665,1.6005184128577281
11666,1.663885806026099
11667,2.2156429037043175
11668,1.354329543266839
11669,1.40193702398805
11670,0.5513770270143417
11671,-0.14620148225784899
11672,0.8076231490303593
11673,0.4217404078499292
11674,0.13645798087919336
11675,2.705996853916692
11676,1.2181215681877726
11677,1.771744762449413
11678,1.40118471683195
11679,-0.22303487284414067
11680,1.2614491572898674
11681,2.151900657208209
11682,0.5388737983964735
11683,0.5657740729680097
11684,-0.29512232730928767
11685,0.46282196853912294
11686,0.5807881856520188
11687,0.7044154233342075
11688,1.3251919206647411
11689,2.560977112833095
11690,0.6255279369722031
11691,-0.17761298592589722
11692,-0.057198155550344326
11693,1.2391169069624874
11694,0.8676636832488318
11695,0.7288960851521779
11696,0.4220170246493129
11697,0.3877516637600964
11698,0.35708966343490833
11699,0.6395504777698977
11700,1.6163662251463213
11701,0.27099036132417076
11702,0.7745527795194556
11703,0.865606328693671
11704,0.6388590748924087
11705,0.7687691670008938
11706,2.086951581275156
11707,1.979197865229502
11708,0.35751887746311506
11709,1.683803416066
11710,0.5294735910270874
11711,0.24597592087422554
11712,0.47098196554565247
11713,0.9274768872957498
11714,1.7787877266176682
11715,0.5979353491250363
11716,2.263744577798086
11717,1.3753196902294502
11718,0.9116338783126909
11719,0.38457029282172134
11720,0.8137589083974927
11721,0.437501956152049
11722,1.6470429661474457
11723,0.9108994932804213
11724,0.7438918864030587
11725,0.4861367146538341
11726,0.8817823454653221
11727,3.0639781115558824
11728,1.3143801851004013
11729,0.7139297844096177
11730,1.5501521368848126
11731,1.3431307530960712
11732,1.1235328933791058
11733,0.6106608812892116
11734,0.7896545316877701
11735,0.7122916997882043
11736,0.2677106626329949
11737,1.5825361410178314
11738,1.5687244841636994
11739,1.3883012687941783
11740,0.5991856712640439
11741,1.1724338101951937
11742,2.092940975971114
11743,1.8133339387636425
11744,-0.0395163323123468
11745,0.03743861645532448
11746,1.3061542666402264
11747,1.8811214667915364
11748,-0.10298650892632136
11749,1.7917694550734748
11750,0.5561754593449394
11751,2.1880925994085625
11752,0.9257133917895306
11753,0.8871959207553066
11754,-0.009074173573030322
11755,0.42701054406019273
11756,0.23950543629226978
11757,0.9903069908544018
11758,1.3662665639653468
11759,1.17258504161306
11760,0.7088045796437153
11761,1.6297757680926481
11762,0.9441623636352539
11763,0.7953518233596729
11764,1.7293658340785187
11765,-0.6453612638845022
11766,1.8077496480555124
11767,0.3996206970788191
11768,0.2084051267895896
11769,0.2372445019592084
11770,0.8019330545026976
11771,1.226145881493932
11772,1.519954294295045
11773,1.8968572450582162
11774,1.4863663350948317
11775,1.022534235172295
11776,0.3143741584479707
11777,0.1613441409047166
11778,-0.23256520533988714
11779,0.4339566638703999
11780,0.8294648582912537
11781,2.165624584094868
11782,1.4124350249073208
11783,0.08483751662241151
11784,0.1812773856555476
11785,1.6149161019800349
11786,1.8978285115833382
11787,-0.048022124179866926
11788,0.5860690672965059
11789,1.9515778366620582
11790,0.770025564345554
11791,-0.027250686837010568
11792,0.2260647437445192
11793,1.7482002680336985
11794,0.4961591679610222
11795,1.4099049420990122
11796,0.189112689672747
11797,0.471967097135995
11798,1.1541211734221777
11799,0.8788437776413829
11800,1.1415305009951215
11801,0.6221628964360169
11802,1.2519141919562584
11803,-0.16075936464115312
11804,0.9727415154682251
11805,0.908300029152315
11806,1.1937545205765403
11807,1.4977525884529435
11808,2.0877691604810718
11809,1.2245995828282468
11810,-0.03883334524424592
11811,0.9005434549146234
11812,0.24684794428499848
11813,0.7248823306170931
11814,1.0413452799705283
11815,0.6069300665571333
11816,1.183694188634857
11817,1.3473105682097009
11818,1.1188879322644676
11819,1.9166340383476443
11820,0.29879764671635256
11821,1.129364427408606
11822,0.2677481494812678
11823,0.29958106928702843
11824,0.04277922838225903
11825,1.172949959276452
11826,0.11206270484214192
11827,1.4123479746685217
11828,0.4149625288547888
11829,0.7858059629837267
11830,0.588198224285192
11831,0.7208226208548711
11832,1.9493156489189638
11833,0.3679490577343746
11834,0.7145550245535822
11835,1.6101786507348927
11836,0.551716065519387
11837,2.0553798967203587
11838,0.46091287056545005
11839,0.9443075204945094
11840,0.9485143137962428
11841,0.6608621823429204
11842,1.1487221122719398
11843,1.379293925777476
11844,1.1681988697427903
11845,0.8510016112207247
11846,0.8184186317825203
11847,0.09476785875997433
11848,-0.16531777636771114
11849,1.4110175292950862
11850,0.8999293141276525
11851,0.7223964847197899
11852,0.5518976027707571
11853,2.2851051984440827
11854,1.0226636095695354
11855,0.7303735287225961
11856,1.3966581161385974
11857,0.9944556424501699
11858,1.6185422528690345
11859,0.9211781916799756
11860,0.019340213314585436
11861,0.25051376467468295
11862,1.1507360312548858
11863,0.4370391544775026
11864,0.07496170631218961
11865,-0.016069559384828125
11866,1.1886408044314953
11867,0.7875960064757175
11868,0.20977468509721192
11869,0.3975329542349447
11870,1.5021940887653342
11871,1.9039732986659446
11872,1.0130658263038734
11873,-0.05731140536695892
11874,1.3174728858992126
11875,0.8561879718376618
11876,1.1217407283833307
11877,0.7932872708657802
11878,1.3555748992814085
11879,1.3723155972404255
11880,0.2183003639513604
11881,1.3599693539641695
11882,1.3995435231005304
11883,-0.01670475587394893
11884,2.0300808001685215
11885,-0.08708278088900057
11886,0.9953926072306656
11887,1.7707364111859158
11888,0.33042504752520396
11889,0.5206815386545425
11890,2.1481576964375084
11891,0.8469345142010675
11892,0.15837665835804224
11893,0.7823505701838612
11894,1.1629077463988615
11895,0.6562609196542695
11896,1.4813809800929136
11897,0.6620139417478984
11898,1.080984407279567
11899,0.8569745627771024
11900,0.4677591986971036
11901,0.9968300393937962
11902,1.2748435117624615
11903,0.8885966336355264
11904,1.1342175792207814
11905,1.8774456313728896
11906,1.5125264505345246
11907,1.922494352040094
11908,1.6792202644447909
11909,-0.015930586966789118
11910,0.8659647304958281
11911,2.2585786392442952
11912,0.5915577209822153
11913,0.8295141484459363
11914,0.7064027343510451
11915,0.2708232090283714
11916,0.3129216816768826
11917,2.0433034601381683
11918,1.8256078664470055
11919,0.6859259465587576
11920,1.293793158770928
11921,1.369196755315403
11922,1.1853317450798158
11923,1.3007567502384907
11924,1.0748012777577487
11925,0.3547252118400235
11926,1.590399316110395
11927,0.510399378880511
11928,1.0180838455728398
11929,1.0315147887795437
11930,0.2000408384858226
11931,0.6486705193075377
11932,0.5492242316008986
11933,1.5443172784817933
11934,-0.4027787780209898
11935,0.2877465502650145
11936,1.4537213307398626
11937,1.9466432041535762
11938,1.3667965207195556
11939,1.1330748516709606
11940,0.9758979793138883
11941,0.8630448047793342
11942,1.9110901135546894
11943,1.679110991726866
11944,1.1049403193024303
11945,0.6025294795085104
11946,0.30369797595480513
11947,0.05029499374274793
11948,1.1202681051156835
11949,0.6927383276461034
11950,0.9747692396073715
11951,0.991822898175929
11952,1.106178284405314
11953,0.7215553350056845
11954,1.0527319990380677
11955,0.8321251218398169
11956,0.6551118382043748
11957,0.7956722137398505
11958,-0.14894704169982856
11959,1.229158564049684
11960,1.2324472714432186
11961,1.5770081871924757
11962,0.9750132097265423
11963,0.5088644487952882
11964,0.20919860199045512
11965,2.0808964271525734
11966,1.8650005093509794
11967,0.15079307993809926
11968,1.3728319689280872
11969,1.315008058460176
11970,1.2480203641435637
11971,0.846890947189998
11972,0.9589887179207699
11973,0.1537571047578728
11974,1.030957811072397
11975,1.6280710169078385
11976,1.6819569431453143
11977,-0.10544899949863162
11978,1.0965208056260598
11979,1.1016668960616507
11980,0.44136159355791105
11981,0.1423098588733312
11982,1.5209920985553909
11983,0.3181432277146808
11984,1.003350949707105
11985,0.9353164058915807
11986,0.5109365661398224
11987,0.11285234575524321
11988,1.6390811207495835
11989,0.11032727940322168
11990,1.7622748850341599
11991,0.7991669474250866
11992,1.4041670481991724
11993,0.2575185052171155
11994,1.2694007040026292
11995,0.6846450756915206
11996,0.744563783663196
11997,0.53145165225914
11998,0.4555541158570153
11999,0.46777629539268006
12000,0.9858136837181735
12001,2.231204441353484
12002,1.128555956999048
12003,0.5904798520593268
12004,0.4108856040343461
12005,1.080003192425829
12006,0.4469840336249619
12007,1.8441510650740136
12008,1.114351216026913
12009,-0.017790900440511098
12010,-0.1740798180500866
12011,0.8388803416743569
12012,0.8442946297872721
12013,1.1852025755259394
12014,0.06842214284007367
12015,1.5454491375572783
12016,1.9319673292526651
12017,0.2907686421603043
12018,1.3976219894601298
12019,1.0415761898983744
12020,1.689897995820768
12021,0.19734632348127762
12022,1.5142723420869373
12023,0.012963113256449832
12024,0.9658564342377357
12025,0.7539094368449486
12026,1.6916417340689605
12027,1.5619321341119718
12028,1.2861156403093674
12029,0.04970304614462128
12030,0.8385176847804179
12031,1.3178519331835314
12032,0.876356368625331
12033,0.07992281697841935
12034,0.10330424732308813
12035,-0.03558683996428952
12036,0.3636500703361825
12037,0.8637796466835512
12038,0.8174527720623831
12039,0.6976078629736986
12040,1.8226089701638364
12041,1.5993968211746583
12042,0.9423410734705808
12043,0.1979540726492737
12044,0.6145492308106535
12045,1.1915754764086575
12046,1.5716578441667675
12047,1.9507003044097098
12048,-0.13447789507789737
12049,0.5526588282543319
12050,1.3396318850527882
12051,0.8761066067294627
12052,1.1922949693051805
12053,0.8089408498501645
12054,0.9635746690299476
12055,1.4569222477988122
12056,0.9004354099758545
12057,1.0958646411475421
12058,1.2848213537655722
12059,0.8695134812226968
12060,0.6200736651201633
12061,2.0061713031533572
12062,1.7639445886888114
12063,0.7688210556872945
12064,1.3003745496509018
12065,1.4530424591064917
12066,0.6244336917971165
12067,0.5236980609426584
12068,0.021453828313473394
12069,1.2324647344990562
12070,0.05469144286852265
12071,1.8754927896278044
12072,0.5836591741501322
12073,0.7259974777269382
12074,2.1462269439272665
12075,1.6805213297294541
12076,0.4594643927361393
12077,0.5652313249843846
12078,0.5517722529456273
12079,0.902293717698246
12080,1.9173936231682425
12081,0.041793754904555995
12082,2.435359526534798
12083,0.24978113447265102
12084,2.5737213259153755
12085,2.010730505007326
12086,1.1507534806574529
12087,1.472606280270126
12088,2.13149029449542
12089,0.25718596241702374
12090,1.1184945727915452
12091,0.6880712586999909
12092,1.3501229828767047
12093,1.3348670045461766
12094,1.4560447295527656
12095,0.5654649680898571
12096,1.9913643550999551
12097,1.0717664223595793
12098,1.8464917942589192
12099,0.1725112703185765
12100,1.3500296613044172
12101,1.7708386906778988
12102,1.7605907561228467
12103,2.3284465294362846
12104,1.224709829126332
12105,1.0690007848502419
12106,1.7537260691272558
12107,0.17080172912312616
12108,0.12004173335900614
12109,0.06899090960124019
12110,0.5445748806382633
12111,3.2656446488175908
12112,0.3397970363176705
12113,0.7654004154972451
12114,0.6808298384661994
12115,0.9336203187403052
12116,0.6026876510173989
12117,0.5081955611052614
12118,2.219798188964366
12119,0.006854503816924484
12120,1.6589399778631244
12121,0.1568007309394737
12122,2.3066886647933083
12123,1.2985674392079116
12124,0.9789217149616195
12125,1.5851896416582554
12126,0.41361031943453525
12127,0.6511466576417755
12128,1.1675524826014911
12129,0.4165125757936835
12130,0.5964404666213323
12131,-0.02182008978481928
12132,0.22488720150570402
12133,0.40611434208883734
12134,0.056063620512502854
12135,1.068539086151881
12136,2.0299090241109354
12137,2.158530789538186
12138,1.27399575323292
12139,0.8707346794151855
12140,1.13222347674929
12141,-0.04869394378847744
12142,0.3050924352250621
12143,0.37951257535465766
12144,1.9806989033766769
12145,-0.00787409796545184
12146,1.053525301847024
12147,1.7919933411512299
12148,0.9874859986933963
12149,1.2335234150710372
12150,0.33651325613086663
12151,0.6084368881805156
12152,0.08203132363489529
12153,1.5078101896002813
12154,1.253900360426691
12155,0.10706665751490001
12156,0.012204445035201433
12157,-0.0005496326045758282
12158,-0.0975714363620328
12159,1.257258287526519
12160,1.1801017478779328
12161,1.5100357151556187
12162,1.0841552959247045
12163,0.4372021963836971
12164,1.297719030975169
12165,0.6983708886457939
12166,0.5650095245069098
12167,0.6455439706280262
12168,0.8941422188972685
12169,-0.25962526199807245
12170,1.1880817884785415
12171,0.08523843592101184
12172,1.2926706254826947
12173,1.241858310732585
12174,1.8230543182690373
12175,1.2971765421075745
12176,0.8975413238972925
12177,1.820167608844322
12178,1.1447955777527137
12179,-0.20152693294609803
12180,0.8569848427807062
12181,1.4089459584117237
12182,0.9324742611250912
12183,0.344542571970024
12184,0.23524274689198682
12185,1.2245603564997583
12186,1.2843314453299428
12187,0.1521497106325561
12188,0.43677109449242446
12189,-0.13189875945867016
12190,0.3262657138877899
12191,1.5681709582525787
12192,2.009700009831497
12193,0.5783667746861706
12194,0.4264346788077443
12195,1.4677498203676378
12196,1.1097582684701588
12197,0.9153405481031044
12198,1.8599457543664526
12199,1.4393428258251368
12200,1.4080935338030716
12201,0.23796033914193881
12202,0.04074631615251872
12203,1.6392950129701183
12204,1.2677302790824796
12205,1.6150274085647665
12206,0.19967356069961426
12207,1.2816139698324287
12208,0.5273560562995655
12209,0.0501681015134144
12210,1.279248379263221
12211,1.813166919953966
12212,1.1173322806170982
12213,0.289840605455517
12214,1.163926259448701
12215,-0.04601143238781362
12216,1.9453097904191554
12217,1.7778185643144109
12218,0.18659585511136784
12219,2.0754029320688514
12220,-0.10064563847189997
12221,0.09535072974025216
12222,-0.08347617195378088
12223,0.8852093943460537
12224,1.5594665324849326
12225,1.0919177368173507
12226,0.8707467973857507
12227,1.9109644860713944
12228,0.41363510245832136
12229,0.8758186350061677
12230,0.8818568552605581
12231,0.9265662937361325
12232,1.7847129222637654
12233,2.0361947465633796
12234,0.11893582807769065
12235,0.9486749252514165
12236,1.0753749427029735
12237,0.0012265306501945544
12238,0.9059632187043931
12239,1.5956512600713477
12240,1.3089912046480308
12241,1.0827220049282962
12242,0.8508928461293735
12243,0.723680368175471
12244,1.727338449580211
12245,1.1333088535254863
12246,0.5699670926301816
12247,1.0388104314790976
12248,1.630585704564211
12249,1.5908400080519849
12250,1.2392529578301046
12251,1.9151249952601839
12252,0.7598775378405216
12253,1.6713354279042032
12254,0.7684920782838133
12255,0.8292087272044698
12256,1.064379132646466
12257,1.7839680059910485
12258,0.11397918619208362
12259,0.5660910537492927
12260,0.34041196206763163
12261,-0.22889550535989903
12262,0.812033330539846
12263,1.2490943967183639
12264,0.0752283537783176
12265,1.9078885327283328
12266,0.5995785277813243
12267,1.6342872371727313
12268,0.538788930010252
12269,-0.4725486893493379
12270,0.5913885877871601
12271,1.2948797563709216
12272,0.4506797765792505
12273,0.7765097933145937
12274,1.1326883092555513
12275,1.2210997730706437
12276,0.1935428181500868
12277,0.7770066387242388
12278,1.8532712381040872
12279,1.178421521122344
12280,0.01314620257433552
12281,1.203547477550807
12282,0.046886320069871285
12283,1.3834388401879298
12284,-0.028776911874389438
12285,0.34148363634367873
12286,1.1904755505144313
12287,2.1749201118433943
12288,0.984505979411062
12289,1.7979733295146085
12290,0.5931380764718063
12291,0.5899267058328925
12292,2.107223767870657
12293,0.6409141112321556
12294,0.35035004684048543
12295,1.132059110337378
12296,0.6811609794733419
12297,1.2708177981010815
12298,0.3445719102716076
12299,1.0888395154018171
12300,1.2366824508781893
12301,0.3646466197272489
12302,0.05028416042459704
12303,0.910970926625296
12304,0.18243872404705003
12305,1.3207456149754127
12306,1.792077946727614
12307,0.6541733778153869
12308,2.536621966675699
12309,0.6599996599832072
12310,0.9179015811051265
12311,0.4909980456497003
12312,0.7597429706057304
12313,1.3427976697636799
12314,1.2677251181865974
12315,1.8474571817983545
12316,-0.059090839306245604
12317,0.039166541993213205
12318,0.5769960886191068
12319,1.0162167822834036
12320,1.0706503042232707
12321,1.3536410293859549
12322,0.47383743864684713
12323,-0.23719877515613005
12324,1.488899421972798
12325,1.3118823366663945
12326,0.2822718496219367
12327,1.3115892513878828
12328,2.086825119900743
12329,0.6639034352581477
12330,0.3947373724670417
12331,1.2542122772572737
12332,0.4591759162254292
12333,0.26923155382395647
12334,1.6450381251312705
12335,1.4077539844596663
12336,1.4599934747861403
12337,2.1309665804044147
12338,0.9414875486281016
12339,-0.09890141197357841
12340,-0.07408024589544593
12341,1.1318040128762723
12342,1.2411728949355585
12343,0.11581143346782809
12344,1.4209055604662888
12345,0.31064265478884595
12346,0.8361382554191019
12347,1.228206632240603
12348,-0.13221945406911842
12349,-0.13613121381501533
12350,0.45722242434319377
12351,1.1844520532629406
12352,0.9594184446546123
12353,0.14372117955977942
12354,1.1547536741747333
12355,0.606953973597953
12356,1.976701688889397
12357,0.7399765764370914
12358,0.313027383746451
12359,1.9144505614541865
12360,-0.08197141338642736
12361,1.0477631031527217
12362,1.2920913022030518
12363,0.6495398795071847
12364,0.5219473858144239
12365,1.665046445101778
12366,0.6760627638299921
12367,0.96418407502779
12368,0.3111293831085455
12369,0.9334155419504272
12370,1.266338470180319
12371,0.8113132750394381
12372,2.0241506290577376
12373,1.6380775759406436
12374,1.9909345756242
12375,1.7487237009732288
12376,1.362760577838049
12377,0.9470335281723097
12378,1.4803031049238733
12379,0.5014709767309169
12380,-0.1184019858849045
12381,0.6678453550558847
12382,0.9436851639012128
12383,0.3836938147436959
12384,1.0664939134852778
12385,1.6668913622408035
12386,2.404876301693226
12387,0.8877130078491867
12388,-0.2801847931013921
12389,2.3845434604229903
12390,0.34502919840397417
12391,1.266342438591077
12392,1.576151895832421
12393,0.6608287807449575
12394,-0.08732087160966057
12395,1.6087538139355546
12396,0.07897155204880624
12397,-0.29759853912181805
12398,-0.031153267757263375
12399,1.3698811215864908
12400,1.37963429129904
12401,0.2777596287372768
12402,0.9931627539486172
12403,1.2657531962178468
12404,1.1425683502605344
12405,0.8929366443544884
12406,0.15324776611667218
12407,0.1317798059233229
12408,1.2198050052220335
12409,1.5367984455733565
12410,1.2366739033160807
12411,0.4345794893369116
12412,0.3561272505559094
12413,-0.02593982990296745
12414,1.3931442653850545
12415,0.5378413746019876
12416,0.7432285201654097
12417,-0.07630481773511408
12418,1.0150543509437069
12419,2.3738290191732796
12420,1.2038364460663065
12421,0.3327707505076143
12422,1.0601301533257745
12423,0.9651227236466282
12424,0.04341875637100721
12425,1.3021370335692102
12426,1.0408370878193165
12427,2.21633424729419
12428,0.7232524268663489
12429,1.4623162942340462
12430,2.3173001486233638
12431,-0.29444204902055465
12432,1.6090663136815615
12433,1.3722697015730814
12434,1.1690590222950865
12435,0.4096424789101743
12436,1.3176715024996801
12437,1.4107879152862475
12438,0.26004820288350405
12439,1.2310494266803003
12440,1.005840466961434
12441,0.08012566219786985
12442,0.8497515941262499
12443,1.674870112428911
12444,0.5875736392685144
12445,1.5109113366408566
12446,1.8477111673574529
12447,1.3335480801358115
12448,0.5604394065980174
12449,0.8137515039764235
12450,0.48893069670797185
12451,0.25751047509964275
12452,0.6547967255532908
12453,0.36454044099604765
12454,0.7952313024915179
12455,1.2248076896439233
12456,1.0488349832406296
12457,1.3246008306853763
12458,1.2144136076333918
12459,1.0102768915113154
12460,1.3142006945866642
12461,0.9419242262903305
12462,1.8293673242704924
12463,1.116582721468123
12464,2.1979050169926646
12465,0.8073198929634737
12466,1.2222625736323616
12467,0.4177917454961504
12468,0.48948477198589024
12469,0.3497549223033936
12470,0.9680891614964396
12471,0.521832466303128
12472,-0.11363396822306474
12473,0.4884871940285245
12474,1.196391245275229
12475,1.790959034730887
12476,2.028982025826462
12477,-0.04355393997757823
12478,0.6748144280932666
12479,0.951774694042169
12480,0.7595272513115852
12481,2.289071722195439
12482,1.2632339648167397
12483,0.08615054382858728
12484,2.000290030219667
12485,0.048460086832640636
12486,0.7214206264168124
12487,0.09924166236186505
12488,1.5473487504091739
12489,0.3962096094302412
12490,0.18305996456881599
12491,1.0387490060382132
12492,0.9081316484600707
12493,-0.08333235685098736
12494,-0.17922876627666015
12495,1.1637396703231477
12496,0.8595137611254562
12497,1.6327965572357925
12498,1.3273894681946934
12499,1.166349421998387
12500,0.89285025210701
12501,1.8814712936865097
12502,1.0291563544435631
12503,1.2491601944318609
12504,0.21971730125106181
12505,0.2950493795208623
12506,0.6053617400111286
12507,0.3964091118687203
12508,1.6567115556192997
12509,0.13024948214734794
12510,1.5470166900267341
12511,1.1801144087835955
12512,0.6723985599023994
12513,1.325520264146531
12514,1.3262558382332101
12515,0.516752988615113
12516,1.6269891447052065
12517,0.898509992786286
12518,0.19729137013686626
12519,2.3065690159382153
12520,1.2160243551967909
12521,0.9351069673998484
12522,1.7656209591493432
12523,0.8025736871649756
12524,0.647682769435739
12525,1.207863646725477
12526,0.14789420017106705
12527,0.19973558211267786
12528,1.1472234711952547
12529,0.27459881260682945
12530,1.289489882130048
12531,0.9509959105576742
12532,1.7840010508086013
12533,0.5722776628467973
12534,1.0999394603301584
12535,1.2536073072286735
12536,1.3130328446635453
12537,0.8566239459022643
12538,1.3677244263721844
12539,2.219054269259141
12540,2.060141458786377
12541,1.053017950183151
12542,0.8454940083183758
12543,2.213866056181452
12544,1.8070440618120835
12545,1.309983756984873
12546,0.16899379878706153
12547,1.8243164383645363
12548,0.16038235247871266
12549,0.5990763456950113
12550,1.0260441103629576
12551,0.22304287721638408
12552,0.3364260032640227
12553,1.3522532454711709
12554,0.49026256511864247
12555,0.38809976058522955
12556,0.8354441579520692
12557,0.46182963302447033
12558,0.4451175268326338
12559,0.8983562181780659
12560,2.1673338926130366
12561,1.8310747345344542
12562,0.2985035467905968
12563,0.2774935766650076
12564,1.6364640468487104
12565,0.9872294327169782
12566,1.6998058755657912
12567,0.8298617298682263
12568,2.3148108670575094
12569,1.3864859595084598
12570,1.0601267670204821
12571,1.9547778410151668
12572,1.0355926943480835
12573,2.4782699407851263
12574,0.6493811581938407
12575,0.579555076706441
12576,0.4034520562418926
12577,0.9293022982821146
12578,0.6547069523031104
12579,1.9111563978448776
12580,0.5272021008709391
12581,1.527193455909443
12582,0.11947552985292129
12583,-0.010378695704421667
12584,0.3576499307196669
12585,2.3631067325133963
12586,1.369107442402607
12587,1.3528018820596928
12588,0.24805598350941135
12589,-0.01838400627474024
12590,1.4939658023276574
12591,1.0310163374906096
12592,1.0826790015158796
12593,2.182301397813674
12594,1.7275302382019975
12595,0.3815545367950157
12596,0.6908837955699733
12597,1.7774522489587632
12598,0.9465414296882809
12599,-0.2560104553942043
12600,1.6647378145723213
12601,1.5949202830597486
12602,0.17828728274198147
12603,0.29135406605068526
12604,1.1487908339393356
12605,1.2356646169435233
12606,0.04491434169486952
12607,1.3872984079173394
12608,1.2640859971491618
12609,0.7708593984816823
12610,1.290857047627818
12611,0.33574254626798433
12612,1.2315165351416453
12613,0.31478482695740395
12614,1.098795447879692
12615,1.2369013870640988
12616,0.8543358385751118
12617,0.8709651339375444
12618,1.792870921271365
12619,0.1797693857211928
12620,1.3830423967520429
12621,1.0301467452941895
12622,0.440453638969549
12623,1.7919999888851057
12624,-0.00977818514080335
12625,0.5368815079734641
12626,0.451421862900246
12627,0.22134360455045538
12628,1.156266491089033
12629,0.835184661647272
12630,1.6129175192433176
12631,0.42461101316237515
12632,0.7629079762237283
12633,1.1342555400852792
12634,2.0475596846053623
12635,0.7308338213207497
12636,0.08135560928970784
12637,0.47211598735830396
12638,0.5107582325907356
12639,1.2461835439867432
12640,0.88960824729412
12641,1.4277397531131588
12642,1.821335637147023
12643,1.7167996903387381
12644,0.2335423214350189
12645,0.6460210128184252
12646,0.5279515043703952
12647,1.7879535264445432
12648,1.9556413774859889
12649,0.10366436297843912
12650,1.0489726357266405
12651,1.614855255606292
12652,0.7876205401355156
12653,0.7749225943261278
12654,0.38034394357166096
12655,0.40964951769797553
12656,2.4249487495350435
12657,-0.12712628540417859
12658,0.530186298126338
12659,0.5702891083119903
12660,1.322033850820453
12661,0.2002171557760733
12662,0.6024960242679194
12663,1.0951527002680115
12664,1.3968990897764406
12665,1.1798215095453966
12666,1.07301838859943
12667,0.2086627968550694
12668,0.23440319614347857
12669,1.5943645857191748
12670,0.44426300305266453
12671,1.5769428182800913
12672,-0.48195495521187487
12673,1.6417576806773317
12674,1.598862155088264
12675,0.1141352934386704
12676,1.6744772342342829
12677,2.090373320730478
12678,1.2463614603836675
12679,1.2148342600145718
12680,1.445749332326727
12681,1.187526481734748
12682,1.3839795747530355
12683,0.10047431487625055
12684,1.093964164220541
12685,0.8513223218265318
12686,1.994703327178391
12687,0.7541943051023611
12688,1.7408741905567997
12689,0.8440038025064929
12690,1.2875557349040498
12691,1.373627626655102
12692,1.134724985903165
12693,0.5666054734356146
12694,1.4246422823633347
12695,2.277896081392969
12696,-0.01299511498792208
12697,1.8255161037259895
12698,1.5418073333993967
12699,0.9691669486416296
12700,0.7913679760472813
12701,-0.13411439963137625
12702,1.5773313613790858
12703,0.7115221838634105
12704,0.6021114972853776
12705,0.21819044606638505
12706,2.954056266141081
12707,-0.09288409821949647
12708,1.61740181855187
12709,1.0879190602847806
12710,0.8733987118712698
12711,0.7746813056558166
12712,0.8855341534591521
12713,-0.1255188609853781
12714,0.38774090776516124
12715,0.9840103948300221
12716,1.1662103811559554
12717,0.6639577443012796
12718,1.8922370349731343
12719,1.6124638633179575
12720,-0.02710389814198977
12721,1.1139975632692307
12722,0.06105728191866192
12723,0.7509207317191156
12724,0.8672713266675428
12725,0.07950439232343216
12726,0.8378518646130435
12727,0.8384976540839649
12728,0.37166271229992376
12729,0.6406279193526409
12730,0.17682220323897138
12731,1.278285561159555
12732,0.3365756406949132
12733,0.6925706491822736
12734,-0.05797835036476809
12735,1.2640509533456576
12736,0.8945754584373479
12737,0.9848334193556953
12738,1.2202783150413299
12739,1.8137314367550812
12740,1.0902777465589548
12741,1.7650163103426038
12742,1.424084161467805
12743,1.187726614367498
12744,-0.08554178352485506
12745,1.8366441972445655
12746,-0.13550953740091473
12747,0.9254706681978767
12748,0.24516660106831697
12749,0.549559337176977
12750,0.9287045727721308
12751,-0.06486091169341472
12752,0.8711970826247877
12753,1.3886173240111954
12754,1.1009146324064598
12755,1.1028536085248055
12756,0.38090360075442425
12757,0.386840855595868
12758,0.6103136122787288
12759,1.425512225561881
12760,0.034526935886925764
12761,1.702454936210246
12762,0.2668920384265969
12763,1.1481022776809264
12764,1.0220324434763777
12765,1.707709138738775
12766,1.6962174960027032
12767,0.8435270955568609
12768,0.23090530779881563
12769,0.450731323764783
12770,0.5852607931156247
12771,0.6375162072269389
12772,0.05968868006110534
12773,0.5477759232207415
12774,0.8022851294486109
12775,0.8240958942958183
12776,0.8891365100021069
12777,0.31416877950309285
12778,0.4373454929877755
12779,2.0742187580972984
12780,1.1037498392268472
12781,1.0377482443308295
12782,0.552571470921004
12783,1.200954851482724
12784,2.14413923743179
12785,1.3938688016817031
12786,1.0403577061829228
12787,0.6665391355039643
12788,1.7623285379265206
12789,1.1728492662824421
12790,2.175435707609804
12791,0.44206238399234055
12792,1.3594312841362268
12793,-0.12041561782639354
12794,1.790496874004152
12795,1.7840237997699107
12796,0.640765372120782
12797,0.9063017917952871
12798,0.43022533103265925
12799,1.4091279157242855
12800,2.374011593783193
12801,1.0510655715246875
12802,0.32736157131798904
12803,0.6042918720982733
12804,1.854527296929874
12805,1.4461109574525093
12806,0.7308996178735427
12807,0.11811572063879312
12808,0.697809839486755
12809,1.915316312085551
12810,0.4031926593054279
12811,0.2820740189089398
12812,0.2708833542108189
12813,0.7716975533978968
12814,-0.3633812202931464
12815,0.682919411035014
12816,1.105466031431962
12817,1.362194879692319
12818,1.3034041829737042
12819,0.6157939387019973
12820,0.5156001269041613
12821,0.803979890175725
12822,1.5574459851028877
12823,1.0491446900391495
12824,1.1975898258912614
12825,0.4705587345223613
12826,0.3334448326613304
12827,0.16004601373035504
12828,-0.018428792998407523
12829,0.250583097624815
12830,1.1328139372090884
12831,0.9729576517850752
12832,1.2159913334194377
12833,2.269022333877054
12834,2.046601614199766
12835,1.1249793052429837
12836,1.2037878642964461
12837,1.2846946200088258
12838,1.4140006349304959
12839,1.652776745012232
12840,1.6161592202504584
12841,1.3775879706971113
12842,1.275955227257097
12843,1.6516968367026974
12844,1.5837938356070715
12845,0.0844992614624043
12846,0.29540957408416857
12847,1.7451656463369916
12848,1.3186099294380589
12849,1.4670926450467499
12850,0.14988827326152449
12851,0.043690568980864763
12852,1.1979488126112154
12853,1.4500398022408432
12854,-0.06755123325098328
12855,0.8475189938138596
12856,0.21573976400144632
12857,1.9607919117856272
12858,1.7234123620608273
12859,1.1706740014983326
12860,1.1148717837568016
12861,1.0810015603192547
12862,1.906091824260637
12863,1.751459953930459
12864,-0.00526367683647945
12865,0.240471355754458
12866,1.1812629594503652
12867,1.4397552709464347
12868,0.8677462780276598
12869,1.01331731839035
12870,0.95224783978067
12871,0.7286485280174794
12872,0.960652464018651
12873,0.9618114001269847
12874,0.5719991126058349
12875,1.5285046469664876
12876,0.7381516148072021
12877,1.5751159229620229
12878,1.3780468679211935
12879,0.17898196085075035
12880,0.3124905204970412
12881,1.4539766611084908
12882,0.9433152425755104
12883,0.4235772456622531
12884,1.546236375993257
12885,0.9619270348980494
12886,1.3449592834205943
12887,2.2097366085439307
12888,-0.05240213421273601
12889,1.1520742699600206
12890,0.7213106604946248
12891,0.26707776921656895
12892,1.6877680294619697
12893,2.2608113705688204
12894,-0.08950472546563817
12895,1.6832423820378957
12896,1.1568273060133363
12897,0.36439998622539704
12898,1.4705522762805243
12899,1.9652167976793573
12900,-0.03356385965141115
12901,1.3791542966449437
12902,0.5914084931718914
12903,0.9615981485218877
12904,1.3141682322491253
12905,0.3655907831070891
12906,1.4537565485617294
12907,1.8419763689820137
12908,1.0331498992042958
12909,2.9022174716009106
12910,0.25142790743596
12911,1.2560087840369354
12912,-0.100963803249142
12913,1.7063280087806838
12914,1.832456850448481
12915,1.0145466227738842
12916,0.4615751505850818
12917,0.7121634946646087
12918,1.1584591734354883
12919,0.18259366907072513
12920,0.40001639763204827
12921,1.7378088773236817
12922,1.8141507824469751
12923,1.0047734123923144
12924,0.9531047797209924
12925,2.173053690535197
12926,1.9224456541993653
12927,0.07475870690017793
12928,1.688326126457899
12929,1.856938319153758
12930,2.505270017995527
12931,2.391785231674726
12932,2.0061414130939763
12933,0.22531339867556105
12934,1.5958048372884595
12935,1.8118818597036113
12936,0.4581609841446141
12937,1.3265991573784683
12938,1.5708823488546118
12939,1.2961616838605572
12940,1.2561610688401539
12941,0.7137913590783717
12942,1.790539817988651
12943,0.8311837080578653
12944,1.270742997168934
12945,1.6932084664831666
12946,-0.1142948337826308
12947,1.8204786412161729
12948,0.27376144927222
12949,1.5947535922637757
12950,0.3486215517106336
12951,-0.11672441988019502
12952,1.7811817047004899
12953,0.5641873183388958
12954,1.070921659188499
12955,0.5504929393098186
12956,1.7466575044179633
12957,1.9393926259906715
12958,0.667092874184632
12959,0.38602894380618274
12960,0.8651500536498119
12961,1.7449133385183937
12962,2.6459613010910417
12963,1.98695508626981
12964,0.573487647880446
12965,1.1678236204255885
12966,0.8756074740442116
12967,1.8578498134784298
12968,0.5929619358200416
12969,1.2907309344984357
12970,0.6396508622219329
12971,-0.04668466329212906
12972,1.8172299362546085
12973,0.47450917646987445
12974,0.9803718359169936
12975,-0.007157674256921195
12976,0.3522293717405035
12977,1.1136223534360472
12978,0.5261975412857043
12979,0.37294244935761156
12980,0.6051457059899532
12981,-0.12330647447008744
12982,1.5056092446015523
12983,0.40253451857746864
12984,0.31045571578602227
12985,1.6601471045667144
12986,1.7135338570232335
12987,1.6673637179516079
12988,1.904313907788544
12989,-0.575854325844118
12990,1.411376732606783
12991,1.0751584838770059
12992,1.8712926552536309
12993,0.9516609886756019
12994,0.0800220745891436
12995,0.6144944785036311
12996,1.722004060501003
12997,0.9239745762700348
12998,1.6178386549576829
12999,1.2014891269732033
13000,1.1982500349778957
13001,1.9887743420357076
13002,1.221013366984233
13003,-0.06700494512377456
13004,0.40608411507451536
13005,0.1961095469632656
13006,0.38661687337477435
13007,1.5571760285354441
13008,1.898592449385795
13009,0.22436956773402944
13010,0.8582856966392791
13011,0.034646879336420314
13012,1.8074991171313675
13013,0.12079548333606968
13014,-0.15570098738398522
13015,0.8688229708010532
13016,1.994494752422161
13017,1.2571102863282857
13018,1.3030055600573596
13019,0.4649766676685787
13020,0.8981039101332626
13021,0.9359093106174488
13022,1.0200785778611203
13023,0.4685798203093271
13024,0.3774014929227357
13025,0.2699282181332141
13026,0.4041373576909991
13027,0.8695597426345849
13028,0.9759456154886401
13029,1.5684314978171099
13030,2.161347735704803
13031,1.1866775416454332
13032,1.8456030624872275
13033,1.302702900719396
13034,0.4236602770259694
13035,1.2617540719513647
13036,0.01976311484240416
13037,1.0072686644842144
13038,1.2680401949172266
13039,0.43610549681443345
13040,1.6722975801642275
13041,0.846216473533959
13042,0.475332703067999
13043,1.6724493378831422
13044,1.2638705752914758
13045,0.5128253750646208
13046,0.30243789092648055
13047,0.1515652254773573
13048,1.7129656429643532
13049,0.045767265820637004
13050,-0.24671156046559017
13051,0.25131789470774435
13052,0.08864092173030713
13053,0.595057368210177
13054,1.6074850167238561
13055,0.3240643658024335
13056,1.9527743427189503
13057,0.7030114686742428
13058,0.2024954170079708
13059,0.6926035649603886
13060,1.8469665246033549
13061,0.21300079623161552
13062,1.0246815908452318
13063,0.5267535998180557
13064,1.3903309742774623
13065,0.9205197073855619
13066,1.2222990108381024
13067,-0.011421409286015122
13068,-0.042519199457987045
13069,1.2148738606907314
13070,1.4555273437118152
13071,1.4218681134353424
13072,0.9105585761587667
13073,0.27631392534219
13074,0.3914773613747599
13075,1.2913529019661527
13076,0.042324250578359035
13077,-0.06477742432511802
13078,1.79098575551715
13079,0.7954826168865705
13080,2.0129893618216426
13081,1.0147202297669409
13082,-0.11523118256709586
13083,1.0031804498335017
13084,1.4414214683565065
13085,1.2179750260623476
13086,0.9270475102633807
13087,0.21215402359413552
13088,-0.003066389381963186
13089,0.9664094282136022
13090,0.7993068136339034
13091,0.0576346040623188
13092,0.9058874236459528
13093,1.3717581921283246
13094,0.20315509869050344
13095,2.177465018130979
13096,0.43173006372428246
13097,1.0125804316088856
13098,1.8365352080888149
13099,0.9117152646337348
13100,1.0646643691852289
13101,1.3723533748449896
13102,0.10539356566706368
13103,-0.27632059031183565
13104,1.0855208790664443
13105,-0.2951469253984763
13106,2.5464083173467777
13107,0.4987144884287227
13108,1.1074625206093167
13109,1.0571521643509665
13110,1.8034279732557936
13111,0.632252319693309
13112,0.13856027350974176
13113,0.10319650528144073
13114,0.18266709879961568
13115,1.4854076466591632
13116,1.8276533993135495
13117,0.24343650917497128
13118,0.28338174387962667
13119,1.269860075730808
13120,0.592009843126103
13121,1.971560289956558
13122,0.7358752940305153
13123,0.603853914606463
13124,0.02779547333784209
13125,0.6140970554033256
13126,1.5494623416108821
13127,0.9981366819476474
13128,0.9558715297332174
13129,1.7541027821298736
13130,1.0852235299507251
13131,0.5242519021985048
13132,1.1206689059211894
13133,1.0516632966432935
13134,1.249389121270042
13135,1.1755947752963591
13136,1.38915337428079
13137,1.0898655258131358
13138,1.4735053291467581
13139,0.7123485552487818
13140,1.5636067596784897
13141,0.8264000928316317
13142,-0.19096536579871493
13143,0.3083927649693836
13144,0.6434658069733323
13145,1.5101458600882636
13146,0.7236013582648908
13147,1.2540371202640135
13148,0.7186225771921647
13149,0.24179848992921976
13150,1.3238177054717646
13151,1.7763159627681129
13152,1.351358270715816
13153,0.3530371750923379
13154,0.6764431376430224
13155,1.8583236172862598
13156,1.4252338519735894
13157,0.7634045142448745
13158,-0.03416966362748433
13159,1.184798172238919
13160,0.8991646856461566
13161,-0.005647248498299673
13162,0.6296010960163708
13163,1.0572150733767272
13164,1.0079594030153345
13165,0.5346770569062471
13166,0.3011689394447784
13167,1.8850863076572577
13168,0.9114558329796907
13169,1.1676434101624225
13170,1.6603815663729162
13171,1.8701166942563137
13172,1.2564011853713992
13173,0.4182420931660817
13174,1.042022537523033
13175,0.7359917215739635
13176,2.285481612552627
13177,0.7238445634419635
13178,-0.11539797713147593
13179,1.3350319478841517
13180,2.5298090680641847
13181,1.801300180363246
13182,0.7727280510789409
13183,1.7572485854532003
13184,0.8921129735143927
13185,0.20177065269972042
13186,1.5825937612526508
13187,0.34668721925885404
13188,1.516576221651973
13189,0.44632397770124715
13190,0.8771115837000518
13191,0.04709749106699368
13192,1.443423317874211
13193,0.20606606366000793
13194,1.1695267460534968
13195,1.0045098822749057
13196,0.5323572045983551
13197,0.9415912608717282
13198,2.130674851084313
13199,0.675692539764285
13200,1.940621766479791
13201,2.3397970263339203
13202,1.2533901035335935
13203,1.832725032462177
13204,0.10858700809630928
13205,0.5834125835151943
13206,1.0293753789522109
13207,2.141168559648148
13208,0.4213717229787561
13209,1.969246315181902
13210,0.6460228462354529
13211,0.5055257865345355
13212,1.8732960828479845
13213,1.9716887654324333
13214,1.063724456591876
13215,0.11521787488706921
13216,0.8534631558304439
13217,0.8150201599552713
13218,0.03217706022549838
13219,1.3970186100659974
13220,1.1254788393279187
13221,0.37188731508864914
13222,0.46047908124719017
13223,1.9122881183087952
13224,1.488443899450888
13225,0.4533915709614626
13226,0.309744331450681
13227,0.5468451180305353
13228,0.958122749538551
13229,0.5244916448540964
13230,0.23224137865550729
13231,1.2609146144194108
13232,2.0753769223183047
13233,0.8013870829018308
13234,0.599932784394507
13235,1.0683003418741746
13236,0.5841067552912869
13237,0.7937924152653806
13238,0.5804701878782592
13239,0.940955862888606
13240,1.3790591554615927
13241,0.5533838943777045
13242,0.20127612276581297
13243,1.0489095898197887
13244,0.7702417368460844
13245,1.2243203879561135
13246,1.2245350043953784
13247,1.1852248892230985
13248,0.9276411562315628
13249,0.29050012474315023
13250,1.2997982696110484
13251,1.414877918101678
13252,0.16613953074510932
13253,0.9033368698677596
13254,2.0095753824970006
13255,1.046948240371167
13256,2.0678116611769006
13257,0.8942437844249546
13258,-0.0003234917278751165
13259,0.3839972190848201
13260,0.08840113957003656
13261,-0.17347059160359962
13262,0.15112027438291473
13263,0.6184752670490843
13264,1.2489957958606304
13265,1.6192548457560463
13266,0.40601068264168694
13267,1.408524536252009
13268,0.556718914608586
13269,0.8682349329041736
13270,2.047722770988954
13271,0.8370882979655063
13272,1.799864534918398
13273,-0.06110661981088458
13274,1.766222634515048
13275,0.8354826416262557
13276,0.4931648716860436
13277,0.5066761274920127
13278,1.5031458852100585
13279,1.6804585989635548
13280,0.04033862529603473
13281,0.9937745658998917
13282,0.5930084854710465
13283,2.0134142762923193
13284,0.4280292398501172
13285,1.190284338556832
13286,1.7793421893923915
13287,0.9404369027265806
13288,0.3280951910070791
13289,1.4793115248242712
13290,0.6006377871737414
13291,0.853634943827201
13292,0.23542997650277664
13293,-0.5070120575115395
13294,0.29366734097995034
13295,2.4327050792718943
13296,0.4802874965568582
13297,1.7801937824245737
13298,1.8037125679198989
13299,0.6771679864331087
13300,1.4583071572766237
13301,1.7168492610058534
13302,1.8846506186074752
13303,1.6115247378268907
13304,0.6790366445326147
13305,0.16086261339141097
13306,0.4204454284595416
13307,1.1337206289563762
13308,1.1904255330473528
13309,0.36764715787397473
13310,0.846982099813772
13311,0.393081171959522
13312,0.23591660500512057
13313,2.3877590493952043
13314,1.0961376633211262
13315,1.1968771585689775
13316,1.3372598869772472
13317,0.28747352553617067
13318,0.5021735188851109
13319,0.12700665507256792
13320,1.8249753911347772
13321,0.8232615245312764
13322,1.297341984909224
13323,1.6824073743477512
13324,0.9289368990559262
13325,0.34227017052110664
13326,0.9642085157921274
13327,1.218297277274382
13328,-0.03611698884529241
13329,0.8300067583244255
13330,0.9300537706197115
13331,0.3663616545381695
13332,1.0644872617084893
13333,0.8796669394776461
13334,1.2716671936917336
13335,1.18157745543874
13336,0.3891633729971815
13337,1.3080099386203257
13338,1.0698656297742528
13339,0.8126873496107514
13340,0.4011860875902584
13341,0.09494357295627104
13342,0.9885395243374687
13343,1.4337289561130886
13344,2.4110504980331573
13345,1.2581400166388648
13346,0.24024172206134378
13347,0.2515013750675841
13348,-0.06486022164629104
13349,0.4559763118583531
13350,0.9493173916299009
13351,0.8816665253692366
13352,0.9735069166970274
13353,1.595388739869323
13354,1.1897983071125804
13355,1.7997728951743446
13356,1.2572891178483112
13357,-0.02126835628800984
13358,0.2644046339805043
13359,1.1912287941407522
13360,1.2562783535559268
13361,0.5431437443191401
13362,0.9847256521802326
13363,1.0346585270029618
13364,0.41065271561156325
13365,0.33430791400041704
13366,1.4208842199866725
13367,0.970788933664682
13368,0.4755098041930475
13369,0.8062780427050259
13370,1.8131669127619234
13371,0.6149552997519382
13372,1.037855225834484
13373,0.2193115949927414
13374,1.5476518359448899
13375,0.7761373882698119
13376,0.42209167360195377
13377,0.628442504907854
13378,0.4408652873194484
13379,1.486609091555991
13380,0.5450532891240276
13381,0.9108697099145839
13382,0.10288112129357184
13383,0.12115436277569304
13384,1.9037576537538197
13385,0.6006226129429336
13386,1.624119427522476
13387,0.41919907243035404
13388,0.9079717294775294
13389,0.3318599266051536
13390,0.6964146180174442
13391,0.9840376336932425
13392,0.43617459286198135
13393,1.0689407189288942
13394,1.4200492647065577
13395,0.819405273977445
13396,2.214281979933911
13397,1.8913835062986097
13398,1.153499262303049
13399,1.464736142774878
13400,1.9705935411536042
13401,1.2784232408737057
13402,0.8409705701972066
13403,0.9335536939562621
13404,1.4273762130535435
13405,1.1822574638312755
13406,0.8628715462565797
13407,1.2244534878389726
13408,-0.06330496357529593
13409,1.0090200920499273
13410,0.9794386903696125
13411,1.26104439696533
13412,0.8507527761473594
13413,0.8322095338170851
13414,1.6186588025897612
13415,1.9837997877883118
13416,0.8192459272555348
13417,0.8207676704518909
13418,0.9542271932455073
13419,0.6104682584746225
13420,0.79277974092625
13421,1.7657372382577614
13422,1.8685679922924796
13423,1.9311127243247836
13424,0.9144984508258593
13425,0.8229211328947265
13426,0.5208796366620775
13427,0.27798820654929096
13428,0.4529921932422738
13429,1.0122893987427435
13430,-0.36842061258309133
13431,0.5828505975905272
13432,1.7421066380525425
13433,0.20756840627345888
13434,1.5736412882456352
13435,-0.4643880587372511
13436,1.4305051234006907
13437,0.5818005282476666
13438,1.761895976551316
13439,1.5929901693833983
13440,0.7707497548368051
13441,0.7672497307477916
13442,0.43330558371549416
13443,0.3505614798946713
13444,1.963014814625386
13445,0.9924676821946798
13446,2.109480569817949
13447,0.9220239554809271
13448,0.8352085364957843
13449,0.3979771011244142
13450,-0.04093119814074592
13451,1.2533495637174625
13452,0.6168479562190616
13453,1.461887122777107
13454,1.4482934560772205
13455,1.4354826406698669
13456,1.4376138032339978
13457,1.4172281189741722
13458,2.2588084552823506
13459,0.8141309613367482
13460,2.079190099763522
13461,1.6897710040569391
13462,1.8266682904037248
13463,1.426070736860213
13464,0.3204779903416375
13465,1.1274338389325023
13466,1.5872764069500023
13467,1.1417231914495893
13468,0.4157248911213715
13469,-0.2159850443909611
13470,1.1105420321332473
13471,1.0618309847603802
13472,1.6741003872343005
13473,1.6495590368858843
13474,0.604317219487095
13475,1.2501857956559659
13476,0.2396477698650892
13477,0.7348195391592997
13478,1.6730143210434074
13479,1.8526789710886924
13480,0.6799291704268983
13481,0.3160851371264204
13482,0.6848367470882604
13483,2.318065668848126
13484,1.1149888494802112
13485,1.5842548646058172
13486,2.0298488931161636
13487,1.004931596012202
13488,0.6108641264985174
13489,1.8197564043606413
13490,1.036007294146521
13491,0.25312185470234
13492,1.0728468074949729
13493,0.7172239997937124
13494,1.240367390759807
13495,0.6298963012806119
13496,1.2026248195519589
13497,1.1967575632507614
13498,0.14991479497893817
13499,0.7577135936328689
13500,1.8116275014040872
13501,1.4739753887577898
13502,0.53688844903816
13503,1.0871890494530625
13504,0.7596253028375753
13505,1.429422053220163
13506,1.60828357127489
13507,0.19782857964087824
13508,1.0657842298860858
13509,1.9789715481151149
13510,0.25188974974554385
13511,0.9938878516817912
13512,0.38935015945621443
13513,-0.009330783872689527
13514,0.588945995445559
13515,0.3142384926363652
13516,0.74455735478241
13517,-0.18058400178908163
13518,1.0125567248492158
13519,1.0742614157310038
13520,0.8401335553882587
13521,0.3726612711016116
13522,0.9483744466625615
13523,1.2538499614083085
13524,1.3616417440670132
13525,0.8909982511321236
13526,2.1099744723375506
13527,0.5201028002038357
13528,1.9456577885080875
13529,0.527806431242942
13530,1.7106328914560627
13531,1.1201768117039663
13532,0.08763603237639776
13533,0.9499557771511227
13534,0.3022371761905054
13535,1.9233285659084995
13536,1.5495078748921112
13537,1.084329532400912
13538,1.5291501650349855
13539,1.1592565031104467
13540,0.8246177546172222
13541,0.6411095910429656
13542,1.3031381294192643
13543,0.9873314172755414
13544,0.4663357495424657
13545,0.43936944423753765
13546,1.3236622591429021
13547,0.027000840609259676
13548,1.4972457521250806
13549,1.9531177758864708
13550,1.1709961527951296
13551,0.211086323414888
13552,1.9137850200463131
13553,1.843887752921718
13554,0.2852442625346448
13555,0.15228952651722666
13556,0.10069794220109561
13557,1.151462990292452
13558,0.5412345583152981
13559,1.1702142078827635
13560,1.0517373644419672
13561,1.1640170074367542
13562,0.074584341153732
13563,1.1794012138843766
13564,1.316797717252462
13565,0.9402608537352494
13566,0.36468397486447446
13567,1.1615276884687449
13568,0.603814918085126
13569,1.2430645247330439
13570,0.4700192806764467
13571,0.6655608778839528
13572,0.3999099138448142
13573,0.2998631672581664
13574,0.21906652553808045
13575,0.29382821298586637
13576,0.44771679119158436
13577,0.9120245297944637
13578,1.1170433886893525
13579,1.8996264973826764
13580,1.3240573173581762
13581,1.5232299488275673
13582,0.7578539256817213
13583,0.7954574090147215
13584,1.084690867733279
13585,0.3023355216644176
13586,2.3410025535909114
13587,0.6308324271442396
13588,0.32559754315415224
13589,1.6486158104684434
13590,2.1166791421838456
13591,-0.061384739920163356
13592,0.01781196407398719
13593,0.9498775126669616
13594,-0.15679464161973775
13595,0.7725252528623086
13596,2.3205444638885284
13597,0.9485930935358697
13598,1.2078367150304286
13599,2.198585924908488
13600,1.3619893455738323
13601,0.2742417578407643
13602,0.7594723672314827
13603,-0.18716930274097995
13604,1.7750323367806158
13605,0.08623470186003268
13606,1.5243175739742942
13607,0.21915104014900272
13608,0.3978358201690861
13609,1.7153040920242852
13610,1.431767703569364
13611,1.764285673461091
13612,0.7903542455557798
13613,1.5127182503191745
13614,-0.08360348193389386
13615,1.9429453680684814
13616,0.25344793078127464
13617,1.1922717233385576
13618,1.7078729981899607
13619,1.8443447128024357
13620,1.4238711592289257
13621,0.9857082978350096
13622,1.13385357389879
13623,2.2507504249726336
13624,1.4587030056224282
13625,1.830201120874687
13626,1.219938434404178
13627,1.514790897471993
13628,1.6825172700816693
13629,0.9890136728569953
13630,0.256620341147193
13631,1.951587531378116
13632,-0.1311221426464793
13633,1.6672922855574381
13634,1.0784226298134933
13635,1.0579997319487313
13636,0.12273298755568177
13637,0.7260874114245429
13638,1.3337484466437501
13639,0.08581128390902601
13640,0.7391017762211703
13641,1.2056369953008563
13642,1.4311904031630356
13643,1.2436687084503852
13644,1.4830276545094054
13645,2.0950794948900193
13646,0.6198592450273086
13647,1.5162266289148678
13648,0.31703620179771785
13649,-0.2526905453844922
13650,1.0300196172361806
13651,1.1449532369405644
13652,1.4599856451121158
13653,0.16859259058728632
13654,0.4723080612709111
13655,0.808270534670292
13656,1.2496836534374414
13657,0.604661349010447
13658,2.9903624527603165
13659,0.3902574447673065
13660,0.40689451484502914
13661,0.11559847499900824
13662,0.7298989227820044
13663,-0.03616857606644408
13664,1.7973598062234548
13665,1.1218445179319485
13666,-0.057293804470406884
13667,0.8684883536670676
13668,1.1461188367282544
13669,0.3750034498779441
13670,0.849878609866933
13671,0.4699717459772328
13672,1.7992852420046264
13673,2.0653118261498915
13674,1.1983881590174872
13675,0.9694756704390761
13676,0.7335226368100711
13677,-0.44411112334261305
13678,0.8953517118114511
13679,0.9970670785319768
13680,0.47297742767661793
13681,0.08546188066064472
13682,1.7291729359726853
13683,0.816580753622203
13684,2.1192817149491385
13685,0.4755753236237744
13686,2.291435702654028
13687,1.7574458095064651
13688,1.8867666526978546
13689,1.4904217502285755
13690,0.45452337858781544
13691,0.6080613034749255
13692,-0.010714658688598527
13693,1.5687382447873888
13694,1.9411514342672567
13695,0.7039344200182758
13696,0.3766318927602825
13697,1.447044419406322
13698,1.9932146511199798
13699,0.31841609261654563
13700,1.2178513238676283
13701,1.1289879669212965
13702,0.08276957397518253
13703,0.06648482762836455
13704,0.9499250691891504
13705,-0.14904396981411946
13706,0.9221619310217414
13707,0.06875998182453844
13708,1.8923072988093186
13709,1.9060560667686763
13710,1.073543559000494
13711,1.1884244658553649
13712,0.4755831181737475
13713,0.5131561245552668
13714,1.1494685991328317
13715,1.1303265856734976
13716,0.7553609195509681
13717,0.3452521034952083
13718,1.905745190984091
13719,0.2543523332672417
13720,0.16380216292373073
13721,2.107118182239062
13722,1.0438824570414873
13723,1.258607325275698
13724,1.107183429023794
13725,1.6640429106362233
13726,0.31623939449811234
13727,0.861074895167628
13728,0.9482638901063708
13729,2.2301372413337925
13730,0.43753315853893526
13731,1.6678734663282495
13732,1.5763905828964657
13733,1.0393909853020067
13734,2.1872360607170487
13735,-0.14544366726325206
13736,1.427211656344594
13737,0.886408497747696
13738,1.887706824804365
13739,0.6500204396362326
13740,1.540627225829815
13741,-0.011091423703826875
13742,0.325974894500556
13743,1.645634937377062
13744,1.371906739580413
13745,0.9769162619791667
13746,1.817184113457956
13747,1.3434166482795198
13748,0.6865278431103821
13749,0.24915197695423594
13750,0.8897957233815056
13751,1.2443384799746742
13752,-0.028513597499321364
13753,1.102022264496442
13754,0.8164119935606851
13755,0.344649518133875
13756,1.6168442318252436
13757,1.216130411655883
13758,1.9683897007390112
13759,0.696289041953915
13760,-0.02122073701762872
13761,0.35617781159633094
13762,0.9437717978393291
13763,0.4454576392473212
13764,0.3847703804007446
13765,0.7337503268663728
13766,1.601630448312311
13767,1.1904069244576236
13768,1.0812023857300475
13769,0.8657554800303209
13770,1.5128128734757267
13771,0.9601311875773879
13772,0.9286886099976681
13773,1.5237255371427085
13774,1.3181095741393454
13775,1.4329901951433992
13776,-0.08038519038288175
13777,-0.022920644037305676
13778,0.7584872885914298
13779,0.725474725045294
13780,0.037105699358613034
13781,1.1751829186577227
13782,1.5174208707283323
13783,0.7936945639966826
13784,0.29406769411595435
13785,1.9744676796367397
13786,1.0162358614117775
13787,0.7574647617029532
13788,0.6591524781191238
13789,1.7063020478657376
13790,0.4549455222540242
13791,0.3886253026206723
13792,1.4822440154191576
13793,0.5945125121888547
13794,1.736291965298334
13795,1.7367711655915858
13796,1.888883151196505
13797,2.272963003347804
13798,0.8680781697789336
13799,-0.10577725077943528
13800,1.6708293280900852
13801,1.7269290064428569
13802,2.3008001051525135
13803,1.2169157514244489
13804,-0.1111709065021412
13805,0.07853379198264072
13806,1.4823482302199786
13807,2.155103163187844
13808,1.0071778762155243
13809,1.1947144127963953
13810,1.314965437132175
13811,1.7187897309404474
13812,-0.02785104839606023
13813,0.4134516963002138
13814,0.693407132812468
13815,2.0503933100627405
13816,1.3857323305828746
13817,0.07540486433384497
13818,0.9169460673328327
13819,-0.054873023442077035
13820,0.42825572122327504
13821,2.0229226654663934
13822,1.632239311680974
13823,1.8636828044414406
13824,0.5917208462214012
13825,0.7848322215842567
13826,0.8282818718067887
13827,1.3675372480719816
13828,1.1838089204102362
13829,0.8272113928535347
13830,1.1803835544760426
13831,1.3556031291019128
13832,0.6243364571433058
13833,0.6031477023087577
13834,0.7150168963275885
13835,1.4039278204234686
13836,0.7790454295886072
13837,0.5677270723119447
13838,0.4152737857721225
13839,0.7496235315293797
13840,1.7484423949933485
13841,0.5206223443836108
13842,-0.18555832561595065
13843,1.9211182547652519
13844,1.8827663526287741
13845,1.8716377125021582
13846,0.702993301850188
13847,2.31341472996429
13848,0.7745071064999253
13849,0.7259700911482179
13850,0.8926667765346252
13851,0.15009414031602059
13852,0.7115237976942625
13853,0.7129587640159137
13854,1.0176328349027934
13855,0.8940407275146742
13856,1.5475510790286775
13857,0.8838815323568272
13858,0.9218918616890937
13859,0.175152901765248
13860,0.3307905695151789
13861,0.5910051319851197
13862,0.39466958044402567
13863,1.2980431379056188
13864,0.43836011127885166
13865,0.4282925104570916
13866,0.541586092385592
13867,0.2437609980778908
13868,0.39242063542263594
13869,2.6071986030536607
13870,0.4097617631733089
13871,1.1617937150905273
13872,1.6385698469831216
13873,0.4645054726629163
13874,0.7293049536590046
13875,0.9486441323437653
13876,0.07406328025405816
13877,0.11791204535469962
13878,0.7360597017494104
13879,0.3686436571371762
13880,0.553100311482322
13881,1.0663459945445624
13882,1.273325209446345
13883,1.0391004659582328
13884,1.1469716994996313
13885,0.716827090300774
13886,1.1310916357793244
13887,-0.06345654702829981
13888,1.6085945685242728
13889,2.191193790211201
13890,1.051509916743358
13891,1.0987673112497967
13892,1.2812386327010146
13893,1.428127307036886
13894,0.019087048328629036
13895,2.121163674047252
13896,0.838976934874784
13897,0.9263305927954472
13898,1.5687925148010091
13899,1.1675046693993505
13900,1.9176417457589272
13901,0.28710084384555834
13902,0.9798698217068558
13903,2.470355327119316
13904,0.42132473708608065
13905,0.6608417658165222
13906,0.822218669594103
13907,0.541083282560033
13908,1.8321741316937281
13909,-0.0743853460895717
13910,1.2278534229164906
13911,0.4151442584568518
13912,1.071452320911958
13913,0.2972618835535773
13914,1.066906834602098
13915,0.09258357303634784
13916,-0.034774525653596566
13917,1.381679921486047
13918,0.606448418439143
13919,1.1213649325724624
13920,0.5325105248262335
13921,0.631935613582417
13922,0.1450712860667949
13923,2.208470799359843
13924,0.8125361104240703
13925,1.7689754741380386
13926,0.7667690253638025
13927,1.4034231877744348
13928,1.1365139280114975
13929,-0.30498381674304237
13930,0.22312542975640537
13931,0.1703882630204989
13932,2.1254301498008643
13933,1.3392501594459854
13934,2.007831397200672
13935,1.7946615673128359
13936,1.294289511518628
13937,-0.11038784294514331
13938,0.6776651904005438
13939,0.43152581626484093
13940,0.14406337780507145
13941,0.4935804849502581
13942,0.41194324605328897
13943,0.08297980073373416
13944,1.1447914213425547
13945,0.7370436465116839
13946,1.2231289502315676
13947,0.09160275338393992
13948,1.1255553081148368
13949,1.3399470067307884
13950,0.5118438810867088
13951,0.29317005332664814
13952,1.1770943551841486
13953,0.8224466068578531
13954,0.8055652112032078
13955,1.6144632872527969
13956,-0.10725843722457826
13957,0.14139199060492721
13958,0.3027920895699353
13959,1.673036560786437
13960,1.2680506057013865
13961,0.5766263400996026
13962,0.6996173302519859
13963,0.6958195585497341
13964,1.764093701499918
13965,1.0159713461942945
13966,-0.3198005565497459
13967,0.33545033147020453
13968,0.73630570031697
13969,1.5425102926281997
13970,3.837697034881809
13971,2.0410397784503345
13972,1.2123416426294247
13973,0.05944252044304017
13974,0.6135920151616152
13975,0.853996156819116
13976,0.15999797928434945
13977,1.2848607832194174
13978,0.4261408867055349
13979,1.2640345276120324
13980,0.9393051892587689
13981,-0.09913201947846417
13982,1.1098337412656336
13983,-0.09308274977509146
13984,0.3605584792954365
13985,-0.08913133548583746
13986,0.31569164355434076
13987,1.19220572830793
13988,1.6616556986676048
13989,0.5937513389123683
13990,0.3215004851271531
13991,0.07991825232127894
13992,1.0542341651231606
13993,0.2179173734296495
13994,1.1642397814326366
13995,0.7605511054757583
13996,0.34393875400606744
13997,0.40495309656982437
13998,0.46981755935369285
13999,0.46257214536523533
14000,0.5656228603631728
14001,0.35107399168759634
14002,0.9963168239438097
14003,0.9712201897488975
14004,0.8230591368954022
14005,0.2996885150584259
14006,1.214007262215546
14007,0.42502849920604674
14008,1.3622497632108637
14009,0.926970368512165
14010,2.022874894882671
14011,1.6701031412651548
14012,0.7403576360262974
14013,1.7554949862884626
14014,0.5605128413818837
14015,0.7278463445800737
14016,0.41354830391296604
14017,1.7193240475036342
14018,1.376095132452905
14019,0.8238052694090727
14020,0.2523848984152207
14021,0.26869150435519523
14022,0.601134920734042
14023,1.4481242337039708
14024,0.13625686302586362
14025,0.6635960143791222
14026,-0.4226657158389966
14027,1.1963761561934687
14028,0.41124931070793985
14029,0.7870961208432388
14030,1.1099378958255948
14031,1.2280044198799727
14032,1.20225976608361
14033,1.1559641290772038
14034,0.047554472059430794
14035,0.7041334166932339
14036,1.9042073438445482
14037,1.1587617012541742
14038,0.2979110230825384
14039,0.4376644296111176
14040,1.4645403062830344
14041,0.22984750562064696
14042,1.4989465838617317
14043,1.4368376541147831
14044,0.4372598797344409
14045,0.7032896633514134
14046,1.8515847497894051
14047,1.1160597543678938
14048,0.7158000941908229
14049,1.381619126109085
14050,1.392024511870794
14051,0.4104633964773158
14052,1.3463826868734379
14053,0.3784945091314089
14054,0.6613575035473339
14055,0.8604468855843315
14056,1.8892533206022262
14057,0.47265712628070267
14058,-0.219061669525661
14059,0.28931245434585523
14060,0.27134995817284013
14061,1.5798732627913799
14062,1.0085533463158471
14063,1.4220233351223917
14064,0.9407051631499712
14065,0.6840337689092519
14066,0.32588626535360965
14067,2.0943773150919904
14068,1.613590413689959
14069,1.255655271339012
14070,1.747614228214969
14071,1.140951048568902
14072,0.7017349190265625
14073,0.9923818315949441
14074,1.7852083478684992
14075,0.7529147810678711
14076,1.814511494022006
14077,0.2395054994229105
14078,1.364584268528711
14079,0.16657293741968054
14080,1.6006867184127898
14081,0.05099424143925904
14082,1.4014343238353981
14083,-0.0930433742368885
14084,1.7964902415610982
14085,0.4528914436966369
14086,1.127089161063304
14087,-0.1203217384868788
14088,0.6126011562052013
14089,0.15103898437473784
14090,0.33812999034559044
14091,0.8517184011319413
14092,1.1668136471148187
14093,0.1504961004829181
14094,0.08247713711498712
14095,1.8913930830926207
14096,1.9194454956629605
14097,0.9024214908514819
14098,1.560961776180204
14099,0.5768247243252158
14100,1.2294333439359302
14101,1.003629611537449
14102,0.12191200142318913
14103,1.6338007002201436
14104,0.6838185679456135
14105,0.30168317681706636
14106,0.5652838376331166
14107,-0.11086731209526401
14108,1.3629576258689795
14109,0.9712128615053104
14110,0.4060183656228872
14111,1.4056695855310393
14112,0.06871394226349167
14113,0.6450457721660461
14114,0.4190960405661813
14115,1.2699081242791055
14116,1.6155604497388185
14117,1.9884189671718793
14118,1.0349883440551189
14119,1.9346748197955936
14120,0.9010613797054804
14121,0.8014942563178001
14122,2.259680432808756
14123,1.5682535046687898
14124,1.4678469374556131
14125,1.4082607502745579
14126,0.2825005672026468
14127,0.3832810798540581
14128,2.65573632943544
14129,0.10352209627174616
14130,0.4477256317471132
14131,0.6902536626222424
14132,1.1878354196374825
14133,1.4809100015414036
14134,0.8307693728426915
14135,1.9439591631027278
14136,0.8841164342655825
14137,1.8760950498432953
14138,1.362370704874753
14139,1.337101029575186
14140,0.8800632930676002
14141,1.5344359482062755
14142,1.9767257509230682
14143,-0.09607196706649354
14144,0.5454941356116783
14145,0.5202605334783634
14146,0.18678186133071337
14147,1.8007017662820788
14148,1.7611328090378557
14149,1.1934300348332767
14150,1.3488629670322418
14151,1.8607589977179444
14152,1.2727334966128505
14153,0.7949711746514994
14154,1.8970331742717272
14155,1.4879961878850827
14156,1.0768976752349024
14157,0.1555884422415629
14158,0.5026346673303791
14159,1.7639659364915157
14160,1.4922509420546037
14161,1.2014675239390162
14162,0.9618761262043889
14163,0.9837756010574681
14164,1.1888864473170324
14165,1.4547751800024122
14166,0.24727915170473033
14167,1.9228691295252014
14168,0.4645414182037664
14169,2.4137423776396076
14170,0.6186980167965822
14171,1.0104972525921367
14172,0.6708567609860987
14173,1.5403663383907722
14174,0.16248755489228686
14175,1.432459873415438
14176,0.36691303807165176
14177,1.4120447243868302
14178,0.48851505819609276
14179,1.116855560383703
14180,1.7279271988834153
14181,0.4455580226238821
14182,-0.015054437050978975
14183,1.8836452614911487
14184,1.0350080047235601
14185,0.8210021927444954
14186,1.090725246079411
14187,0.3793034549022595
14188,1.2773082094594936
14189,0.12865896989649928
14190,1.1318064763251718
14191,0.6130242606843002
14192,0.3717814566207467
14193,1.6674294110212053
14194,0.42795981983311854
14195,0.15091255966573608
14196,-0.19784712420728467
14197,0.47468165131721973
14198,-0.20905829323936542
14199,0.5359668826216661
14200,1.129348540230097
14201,1.4156966742153525
14202,0.014156353725225355
14203,0.6969313494081137
14204,1.0195536516979615
14205,1.6929755190854268
14206,2.1343655051428856
14207,1.1114161159294518
14208,1.3153168848541565
14209,1.4138826311086978
14210,1.0405678106561218
14211,0.872616745607663
14212,1.0089824437926849
14213,-0.3947907260624208
14214,1.9436163959630557
14215,0.04212648303252352
14216,0.3505854707237694
14217,1.1504041936634375
14218,1.1020778296665406
14219,-0.005724134231134048
14220,0.21441084574205602
14221,0.018792693975277525
14222,1.069963738389941
14223,0.9365281812760178
14224,0.8434812483278725
14225,-0.07450940287940505
14226,0.16973967329833523
14227,1.3338068391099622
14228,1.6707216003941265
14229,1.2065320940651705
14230,1.7077678769308597
14231,0.27039759353446646
14232,0.7484793915463437
14233,1.515647391290479
14234,0.695639749505325
14235,0.4319215336015464
14236,0.5459782597436127
14237,1.1000333512932496
14238,0.09368236618399617
14239,1.0544371744585692
14240,1.6802683102249834
14241,1.6469347981857998
14242,0.8632377252681709
14243,1.2144811133134483
14244,-0.08001646278310653
14245,1.6230024660195714
14246,1.72369475587518
14247,1.7276444998595868
14248,0.42520267275076595
14249,1.619698776938002
14250,1.6221572475550434
14251,1.1901563390932
14252,-0.46620890270118326
14253,1.5877633495268668
14254,1.484139177732389
14255,1.3242584909785922
14256,1.0486669783892286
14257,0.025677959442500245
14258,0.6484215537734449
14259,0.06162448162448432
14260,0.24689084295004776
14261,0.6607225516190585
14262,1.930377608055342
14263,1.7482204434218447
14264,1.4137330121912228
14265,0.9632469138600247
14266,2.012007467063287
14267,0.6336825025287272
14268,0.9075343412717078
14269,0.5943908485803959
14270,0.7263303456341773
14271,0.09332765637811802
14272,0.7002817803380832
14273,1.4624870309612334
14274,1.667512370780075
14275,1.9662404963925721
14276,0.5015255560775753
14277,1.2288986349620086
14278,0.745005313141658
14279,0.0029628051102048303
14280,1.529549080175448
14281,0.740470948525599
14282,2.0908756726999846
14283,0.8914343545561818
14284,0.48712517774514263
14285,1.6064334312745525
14286,1.3017107386667788
14287,1.1104339174953934
14288,0.7452544035013197
14289,1.7475611363117038
14290,1.237841503646674
14291,0.933403069662447
14292,1.1248339860696352
14293,0.29048909616624485
14294,1.9679386617103605
14295,0.4112738842221596
14296,1.8362884583688208
14297,1.4864862164729415
14298,1.3794681642800573
14299,0.9500483107617145
14300,1.7186793281431467
14301,0.9922225954445517
14302,2.4412230697227844
14303,1.0950924653046368
14304,0.6535008252557559
14305,1.5845924599742882
14306,1.5425024472694857
14307,0.30793685236034857
14308,1.1575879141187562
14309,0.7397464590912642
14310,1.644242250979727
14311,0.9954773195294274
14312,1.17752364430363
14313,1.0234037279685562
14314,0.8347513689044398
14315,1.0169203079728872
14316,1.0130169388178585
14317,1.9003193854744838
14318,-0.4556421787506672
14319,0.02488152675940976
14320,1.5174998362406744
14321,-0.050873552109595516
14322,1.5224032530971048
14323,1.6824581172633797
14324,0.6391807282342609
14325,1.314561223867021
14326,1.7660555259856319
14327,1.5759698220382186
14328,0.6308089434729907
14329,1.0833208705025132
14330,1.3067433721793686
14331,0.7678770445129308
14332,1.0964630493198815
14333,1.064600599805563
14334,1.3497543521609545
14335,1.2561659187707162
14336,-0.07069615452701264
14337,0.7683580877902116
14338,1.3462661594286804
14339,0.877844026347225
14340,0.73084802773888
14341,2.040442483441497
14342,0.2068194012494209
14343,-0.05164747216277937
14344,-0.057743216713335294
14345,0.5841511628311258
14346,0.0927210633012823
14347,0.5564730915462947
14348,1.6591424980578418
14349,1.5855586812626972
14350,1.4249047526458911
14351,1.0575602686682513
14352,1.7316485535315056
14353,0.1944163046308274
14354,1.2044920943128858
14355,1.0280170404346674
14356,0.99647909986108
14357,1.0938774649007028
14358,0.6068377084714789
14359,1.1449770801622188
14360,0.9855267322440086
14361,1.3420582095933287
14362,1.256145853956519
14363,0.31591665342097563
14364,2.4241198244755924
14365,1.4921189187645398
14366,-0.00508490191786673
14367,0.3590948181495458
14368,0.8691054171925754
14369,0.4416830660289137
14370,1.960616138607687
14371,0.10369789162304174
14372,0.6849150712923632
14373,0.4841423611528706
14374,0.6062160820023315
14375,1.3024780322608331
14376,0.9342998921284951
14377,0.7601900751724138
14378,0.7986234555087028
14379,1.8283173715517473
14380,0.3842091920499048
14381,1.3616669710261013
14382,0.5531708915654986
14383,1.55463263370469
14384,1.3338917966643842
14385,1.528446440644413
14386,1.341852760328949
14387,1.9212759868251963
14388,0.9991614259854217
14389,1.929387657225075
14390,-0.054484242900157825
14391,0.21932212071133586
14392,0.4357034456674692
14393,2.2550533642156827
14394,1.8558103739044043
14395,0.21753450839095378
14396,0.14949953696935145
14397,0.2946914171279982
14398,0.11687206411381537
14399,1.3185792996238297
14400,0.5305243881097246
14401,1.7257449757192538
14402,1.4229147949958956
14403,0.5130981804833293
14404,1.289244477311997
14405,1.8170313573826793
14406,1.9641440100788634
14407,1.2661394422323982
14408,0.8055975444748376
14409,1.947318090275305
14410,0.8777607365555611
14411,1.8341113721583588
14412,1.9924253167220498
14413,1.2650301347368127
14414,0.10886387807102132
14415,2.1823636185215616
14416,0.6722252441472985
14417,0.4305889338447363
14418,1.1527640839640454
14419,0.371249133693837
14420,1.2376115501662557
14421,-0.027892664324727603
14422,1.2863260224557767
14423,0.7114971887791459
14424,0.31036679192594796
14425,0.28554512880423155
14426,1.0545505957993857
14427,1.2645846518934623
14428,0.7088085454070114
14429,0.6879371269930581
14430,1.9571672871502668
14431,1.7470675161625513
14432,0.9835092444874752
14433,1.2503345629785039
14434,0.23463303789551843
14435,0.6044620344269509
14436,-0.3609136773006245
14437,1.341984729872539
14438,1.3967919988659014
14439,1.0465080896583245
14440,0.5276453733692248
14441,0.4302673150807618
14442,0.26744984085859225
14443,0.48174666477802547
14444,0.8857684882440492
14445,0.6891159496463788
14446,1.727754305279645
14447,0.8326858457733312
14448,1.1527474773182969
14449,1.38924856003193
14450,0.14899480202469034
14451,1.0412381378833144
14452,0.4977338930843923
14453,1.1540350429642607
14454,0.5923769357730836
14455,0.7911686320701312
14456,0.1657676384425617
14457,0.8766692334963568
14458,1.1866489211832076
14459,1.0709460372610293
14460,0.12192958890003448
14461,1.487376481855717
14462,1.5152670533794534
14463,-0.10552113415246914
14464,0.3428703810231702
14465,0.8258198688260259
14466,1.1599478066032254
14467,0.8620915140384899
14468,0.672587276222455
14469,1.3782081429699917
14470,0.38855434013638535
14471,0.7819700852379103
14472,2.0510501345813594
14473,1.6417135130105385
14474,0.033389081721289196
14475,0.3373856471485167
14476,0.20169356000473063
14477,0.4878904210445473
14478,0.814256550341505
14479,1.0566177507189847
14480,0.8599480176569616
14481,2.00157880751701
14482,0.29280033388617854
14483,1.0604294265967669
14484,2.3003520686898433
14485,0.7788351385327434
14486,1.8268660890403785
14487,0.45122677188346494
14488,0.47762691982439387
14489,1.6379766713500927
14490,1.3694682065305679
14491,0.9906481392902264
14492,-0.11813505257022403
14493,1.1133833452695705
14494,-0.22598613365810824
14495,1.262402940757494
14496,1.402239750169867
14497,2.131463195800003
14498,0.42591378594793095
14499,0.4065976871791559
14500,1.160663650024864
14501,0.014155899344951914
14502,1.2002118942066144
14503,1.9593100246746578
14504,-0.09131694981819347
14505,0.10384034411516864
14506,1.8248261877052645
14507,0.41399483079266675
14508,2.0700162278552074
14509,0.6454874028291322
14510,0.019677577743383204
14511,1.7274505173597303
14512,0.7767749761377969
14513,0.9365449120172766
14514,0.15374688052727417
14515,1.0589183111692784
14516,1.5271175762524858
14517,1.2639855835590255
14518,0.2955873170873339
14519,1.234556138406599
14520,0.8923654042267763
14521,1.0604422385858854
14522,-0.08097068756853024
14523,1.2592402154113072
14524,1.0036518001984298
14525,2.002358775338836
14526,1.916115284933602
14527,1.4213180599057857
14528,-0.120815361231976
14529,0.2881494009222996
14530,1.5097372707710501
14531,1.5011848546097881
14532,1.1451524051377213
14533,1.9481137984821486
14534,2.2652567242776263
14535,1.453972902892511
14536,0.8569896871396183
14537,0.31038154176992255
14538,0.44287394366187527
14539,-0.6996155761592195
14540,0.32207285804533026
14541,0.5074081776386528
14542,0.1310196374559377
14543,0.16701195632134747
14544,1.2895210072768053
14545,1.436894822564774
14546,1.1840737028032517
14547,1.830135011251102
14548,1.1180827757020166
14549,0.830353685973564
14550,1.0207641142506523
14551,0.19967725457166446
14552,-0.1298236905695748
14553,1.4303824686774944
14554,0.8054562779968701
14555,1.560729016906463
14556,0.025323766095678157
14557,-0.09359636462208515
14558,1.693044758267467
14559,0.20344163374306223
14560,0.6544480317505115
14561,0.5068948636031926
14562,0.6206106104936258
14563,0.42239124389353394
14564,0.008402369430708476
14565,0.8994798627041172
14566,0.3875618121282853
14567,0.6764545843138828
14568,2.0601438104307204
14569,0.3844294428245195
14570,0.779392152760603
14571,1.4871379131305993
14572,0.5169339194366642
14573,1.6159058326565228
14574,1.2268760749506291
14575,1.9694311964355546
14576,0.38394318665764376
14577,0.8939479104919452
14578,1.9683371428321252
14579,0.6807752315278282
14580,0.47618185645893885
14581,0.7877522327692738
14582,1.3432385402283251
14583,1.400119651718719
14584,1.3696212936263408
14585,0.5527502678694005
14586,1.3459700171044267
14587,1.1799867632437488
14588,0.2494586344467085
14589,1.2266307351004972
14590,0.5080985650190345
14591,3.0355898270820543
14592,0.1465777061495957
14593,1.010555615819575
14594,2.4247137858073335
14595,1.7760511504571337
14596,0.08734409499191922
14597,0.12403845618092033
14598,1.884449209557467
14599,0.4600793143961436
14600,0.6948004631805464
14601,1.4878872818999467
14602,1.6646241283378393
14603,2.1755699516094547
14604,1.693829799669134
14605,0.6839227822326304
14606,0.646514952172563
14607,1.2544888899335551
14608,1.193063667488281
14609,1.562906166851641
14610,0.7430521132622985
14611,1.9943719847102486
14612,1.4858305389689008
14613,1.3791137142165357
14614,0.6999702452789023
14615,-0.316823729174461
14616,0.2558324029082074
14617,0.8144337748952403
14618,0.4860492454507457
14619,0.6076160401689386
14620,0.2872489483632462
14621,0.14804198309977368
14622,2.471879597956686
14623,1.2840303111629112
14624,1.6758964155799758
14625,1.5704700146144555
14626,0.9349871486821911
14627,1.280264013085178
14628,1.1489842427518369
14629,0.7584531133741904
14630,1.0215532176067423
14631,1.8510841561718685
14632,0.37918628548693933
14633,1.1379879243027293
14634,2.4700137737723704
14635,0.12398038200591133
14636,1.4900080508104816
14637,1.3183618011972296
14638,1.5322516923988423
14639,0.5722445078349077
14640,1.9576597639801858
14641,0.1814936795720572
14642,0.2651817416446186
14643,1.8144490016775612
14644,1.186476129743601
14645,0.380319308308789
14646,0.22828581031995568
14647,0.10335363093858688
14648,-0.047816076171551924
14649,0.24091219138603207
14650,0.2729838328886667
14651,1.1387429292563385
14652,1.8206348625690139
14653,1.4282609071822878
14654,-0.08214945784294536
14655,1.696253344169185
14656,1.4746254867651625
14657,0.6951208484283249
14658,0.3075356174578715
14659,1.8937681817125696
14660,0.4238209720919935
14661,0.4026062730242356
14662,1.1660638157430918
14663,0.5619106995781833
14664,0.8418321454731854
14665,-0.13799644029458322
14666,0.5584471607966189
14667,-0.173093522648708
14668,0.47886650525008456
14669,0.5341849364921569
14670,1.5706773978907687
14671,1.9513721888451034
14672,1.3241850168720217
14673,1.0434502791053295
14674,-0.1511720437317934
14675,-0.15219228474696425
14676,0.3485426811567828
14677,0.0974711516124322
14678,1.3085127403918668
14679,0.9813313609348464
14680,-0.21445712420821186
14681,2.598584093375827
14682,0.07863083856949944
14683,-0.0851579119052577
14684,0.3544906049645885
14685,0.3804849248009773
14686,1.9459897928112104
14687,1.1651794586420623
14688,-0.15773901351102465
14689,-0.11254995665614231
14690,0.8309464101642806
14691,1.1305586893023372
14692,1.1008454587628784
14693,1.589147389043519
14694,1.074416886080632
14695,1.6661071363097557
14696,0.08842695991680921
14697,6.389350268007354e-05
14698,1.0995863095334442
14699,0.6706349258176227
14700,1.555172876869018
14701,0.6358648626223837
14702,0.8093336454397528
14703,1.6925824971729804
14704,2.2534862847785444
14705,1.685015560599497
14706,1.9620866045748397
14707,-0.011805828168452728
14708,1.0742678701101644
14709,0.4391170943473207
14710,2.0409635376709705
14711,0.7432044532737029
14712,1.7007801548862038
14713,1.1563484777360482
14714,1.0418858967592857
14715,0.2769054459412429
14716,0.7931983496598718
14717,0.8778446059266608
14718,0.8986569860528405
14719,1.0581492354090254
14720,0.5200745110500411
14721,0.5000383115317852
14722,1.3398424491497392
14723,1.4434017726420398
14724,0.9640944914745603
14725,1.5194726500901727
14726,1.0611868651443213
14727,1.9180742138039477
14728,-0.03377541903455289
14729,2.2901411966054908
14730,-0.37716258519105944
14731,0.7258421142397885
14732,0.6046817432938485
14733,0.719251091239872
14734,0.9928053528336227
14735,0.834395044985093
14736,0.4353901755201763
14737,1.2993559532612642
14738,0.3534307784140644
14739,2.042582651121171
14740,0.595043465964179
14741,0.24184342981245008
14742,0.07584719543615465
14743,1.0462982096160316
14744,0.402454516339558
14745,1.0643241318713876
14746,0.410540292079593
14747,0.2067702401646233
14748,1.5850737985266603
14749,1.0136655105400267
14750,0.6190041226881913
14751,0.4656590963019064
14752,-0.050629032694971154
14753,0.6679777427201589
14754,1.5916826700437365
14755,-0.02008262558694056
14756,1.6092828243220019
14757,0.9172010121626635
14758,0.304617500626563
14759,1.5368586605453936
14760,1.069384278858129
14761,0.5368777581483002
14762,1.3233367247165548
14763,0.1510066392472304
14764,0.09395713690307952
14765,1.0428894811877127
14766,0.6890482651791381
14767,1.6662681628354075
14768,0.722036176582872
14769,0.8734406526665844
14770,0.18830100296399602
14771,1.685955622329986
14772,1.3163346684873019
14773,1.8759931021573555
14774,1.5315184733499918
14775,1.0412465276516114
14776,1.221132439369658
14777,1.5908614135419166
14778,-0.012099138827297837
14779,0.17877447025170584
14780,0.8668443833777811
14781,0.6902256045619557
14782,1.0398013632536898
14783,0.3085853765609777
14784,0.7581632426693843
14785,1.2931556203792252
14786,1.917213592602979
14787,1.0534288548652595
14788,0.5380162475877316
14789,1.0278316353999526
14790,1.0014139536988749
14791,2.651616031564864
14792,0.1923459316381684
14793,1.374667877323904
14794,1.2585506248834044
14795,1.3829545607935052
14796,1.1515862080835035
14797,1.9821896576466331
14798,-0.4562746136240254
14799,1.4963695204616716
14800,1.100019556235568
14801,-0.3419120422469928
14802,0.7656405674672982
14803,-0.03845555048442695
14804,0.20310269673332465
14805,0.019041312941692076
14806,1.211296464169722
14807,1.176157123935107
14808,0.7604599149279311
14809,0.8269488268352383
14810,0.006643616616035769
14811,0.8832503170822247
14812,1.353964846129228
14813,1.4430078552329224
14814,-0.10024000565325994
14815,0.4163443925502347
14816,1.2653320881700216
14817,1.6015476270659794
14818,1.8447439720603014
14819,1.020968806759739
14820,0.07418854095273185
14821,0.724443054571913
14822,0.75747310886412
14823,1.2088071238878046
14824,0.759398194810988
14825,-0.1086733998957668
14826,1.4775466299893376
14827,1.7565699006900402
14828,0.31647648190376
14829,0.3901937452888268
14830,0.6916186305178711
14831,1.992200283283766
14832,0.5722083397993626
14833,0.31451368535641644
14834,1.5658446212797166
14835,0.034987570734663076
14836,1.2705893435298075
14837,1.9730050000054864
14838,2.099421437752018
14839,1.8065487227716426
14840,0.5966778819380775
14841,0.7645384135181796
14842,1.3457715015043614
14843,1.7459655386675104
14844,1.9770118680057245
14845,1.7466989590903887
14846,1.6524081510622137
14847,1.8440391980450295
14848,1.2221348078223766
14849,1.135819658883567
14850,2.0376381944159903
14851,0.03981156701453925
14852,0.4415400749691255
14853,0.08087717621347688
14854,0.3378418631249245
14855,0.6347795191259273
14856,0.8093214352178751
14857,0.799352689984107
14858,1.0389436115099442
14859,1.3858647688539096
14860,1.3764908334788022
14861,1.6921219160813297
14862,-0.03168079255800296
14863,-0.11359369523512602
14864,1.0101497863780609
14865,0.15879871654251082
14866,1.3609496691527738
14867,0.32514172744186937
14868,0.6476289831327993
14869,0.8023715126610339
14870,2.210472481095287
14871,0.40292055135610927
14872,0.818901539537646
14873,1.5893850723949805
14874,0.14565171232619295
14875,1.2205928602515579
14876,1.8313215099246112
14877,1.157452464180338
14878,-0.0007180994676984076
14879,0.6975782525390107
14880,0.2331384800981452
14881,0.3069839216172192
14882,0.3538970737662843
14883,1.3042058291766065
14884,-0.049773591288442165
14885,0.7406632647713832
14886,0.42424117151972324
14887,0.34373108372061334
14888,1.9256966284640504
14889,0.3381154092408194
14890,1.0335132599463712
14891,0.8608587490310102
14892,1.5369580813089478
14893,-0.08606791672567321
14894,1.37513781418563
14895,1.3349910013093207
14896,0.8846239785104925
14897,0.6641166264149303
14898,0.41508030234969084
14899,-0.17206559792253426
14900,1.5287115736737273
14901,0.3078217936825779
14902,0.5280709715093401
14903,0.2919119179520105
14904,0.5629357291849191
14905,-0.011387201783172929
14906,2.058217371407876
14907,0.2539655117835989
14908,0.24898145055706128
14909,0.9262774985020252
14910,2.1351592145729876
14911,-0.14633099807213146
14912,1.9453734168488848
14913,2.2049178180477567
14914,0.6959062890722177
14915,1.234728543536655
14916,0.9165042972023562
14917,0.45761662642418505
14918,1.3020391896046217
14919,0.8120528708756236
14920,0.7562731131728206
14921,1.672734526696165
14922,0.7890817761410561
14923,1.3817753946913327
14924,1.1043919912162645
14925,1.5078986548262687
14926,0.4320218929575308
14927,1.337529109471227
14928,0.7982443231145828
14929,1.2962234581928502
14930,2.085950876503254
14931,1.5400476159309882
14932,0.2279577809805701
14933,0.9799405480880065
14934,1.7306710663625986
14935,0.9846766570364004
14936,1.9704138083943368
14937,1.4073226007006845
14938,0.7839923526915362
14939,0.30514557889062127
14940,1.2429171633352414
14941,0.4310156831656854
14942,1.1346644913135358
14943,1.855196135991882
14944,1.9429276778675224
14945,0.827027676013698
14946,1.455109744777853
14947,1.4775945498685077
14948,2.167721711164793
14949,0.38990034412927743
14950,0.7741407131661024
14951,1.2576293546288542
14952,1.3210269902954426
14953,1.8252787492169338
14954,0.11162670004478392
14955,0.13579077156469593
14956,0.8048482984196108
14957,0.943667530605639
14958,1.489606955960147
14959,-0.21045720887784292
14960,1.37052357366081
14961,1.3071052820140001
14962,0.2468017098663112
14963,1.2142847739908125
14964,0.05544800635011152
14965,0.7791599135741126
14966,1.1802383708604989
14967,2.0168761443557104
14968,1.233448060327996
14969,-0.09123403827098175
14970,1.5201038065465038
14971,0.4095995435616022
14972,-0.006316758687814561
14973,1.0671809845030809
14974,0.42308808367827244
14975,0.18838060543673976
14976,1.2713653484949206
14977,1.3747360772741697
14978,1.2027012242967738
14979,0.7932764988801028
14980,0.26578010209106606
14981,0.11605465922959377
14982,1.034057813658199
14983,0.6700898732556044
14984,1.0220819684094031
14985,1.2043220469563547
14986,1.912870447976741
14987,2.5134976661415305
14988,1.3527437029374183
14989,0.6488075255333653
14990,1.5192267558395365
14991,0.622004961054365
14992,0.7667705260026497
14993,0.5308009149051356
14994,0.8533598116119935
14995,1.8844320123038836
14996,1.4999650546921486
14997,-0.006965255607465526
14998,0.9038747713358071
14999,2.7924175270349894
15000,1.0936974920843245
15001,2.159859210947482
15002,0.681751867185586
15003,0.016646093420863678
15004,-0.03633523045518383
15005,1.3823871281048752
15006,0.9609298774847097
15007,1.3036571937417583
15008,1.0940011856979905
15009,1.2550628169044475
15010,1.5400731298484829
15011,1.8667283019541587
15012,1.5448468022269957
15013,0.06752697155739432
15014,1.723828739800014
15015,0.7326902465671113
15016,1.4309391477024092
15017,2.6346109193258496
15018,1.0265101246734067
15019,0.1540973031860577
15020,0.02516132123219192
15021,0.11280064060369888
15022,1.4358335057321807
15023,1.2362827819390703
15024,0.1328447637303497
15025,2.488511969026546
15026,0.677771341750735
15027,0.7213008188110596
15028,0.9858779309870371
15029,-0.06983407437677264
15030,1.7195259975243506
15031,0.20762728803527858
15032,0.016621699381051916
15033,1.3239439089439413
15034,0.507465965095291
15035,1.2805758958082851
15036,1.2352738909297836
15037,0.6049329252375062
15038,1.4637510050377225
15039,0.16588380130285163
15040,0.6921466720490171
15041,1.2790463242210652
15042,0.8138971969210038
15043,1.8847018647012357
15044,1.1456218722489153
15045,0.8349398770398925
15046,0.7225683210180178
15047,0.4758599327607226
15048,0.9940508542998391
15049,0.02331907470692432
15050,0.44647923582507076
15051,0.02711513746666608
15052,0.3577363587636144
15053,1.470199434013893
15054,0.13484668493580898
15055,-0.15280262469208608
15056,0.7997429734575084
15057,1.2316344239470454
15058,1.2124870291664918
15059,0.10307750474045432
15060,0.7128288684197285
15061,1.8774229605055825
15062,0.11104698343391947
15063,0.9738085263281465
15064,1.201978550383545
15065,1.1603283661846298
15066,1.0418976297028328
15067,0.689655292523403
15068,-0.07716807557961475
15069,1.232977978206483
15070,0.41330391728996485
15071,0.28563367721147337
15072,0.7352846487389382
15073,1.6051390977210043
15074,0.972449464530685
15075,1.6644809758356591
15076,0.5375656907631893
15077,0.6075140293133302
15078,0.11927632659228561
15079,-0.014839634692995693
15080,0.045298799064266086
15081,0.13745144456012665
15082,0.8230418347789981
15083,0.8505268877678707
15084,0.9592253312225919
15085,0.9097794014670193
15086,1.6294336269653402
15087,0.50177002865959
15088,0.3041085981239772
15089,0.8166406384560466
15090,0.913166613912912
15091,1.040362181036616
15092,2.6701501415735587
15093,1.3007503360253851
15094,0.3443354044675705
15095,1.488874886176307
15096,1.9241073306814114
15097,0.9137018083096713
15098,1.086744777549655
15099,0.1521297016262013
15100,0.09942062433128047
15101,1.3311633784921015
15102,1.7432503909492063
15103,0.663219020182557
15104,2.1503784069944745
15105,1.1194965233185097
15106,-0.1127212278690767
15107,1.9991166342044566
15108,0.5100838995751888
15109,0.6707801667365043
15110,-0.03880798118990064
15111,1.3562882795000433
15112,1.6247517261488387
15113,0.12689804006637
15114,0.6870633320915533
15115,0.4295056616742571
15116,1.2261319912083084
15117,0.25979182549070157
15118,1.8471387218277
15119,1.373365179542109
15120,1.4465293514195323
15121,0.9218248251432453
15122,1.6267700096350795
15123,2.0478080869329176
15124,1.9782180843156534
15125,1.1648129347838645
15126,0.3969185801507964
15127,1.075672784402982
15128,1.8036133431414203
15129,0.44698154173427035
15130,1.0454866548697925
15131,1.2777523564516504
15132,1.3575792739809938
15133,1.4146454081443263
15134,1.4212866241852364
15135,0.17600929187797162
15136,0.6366319690195117
15137,1.0324852045784798
15138,-0.5538511677464366
15139,1.7948342700422482
15140,0.9135931594471324
15141,2.0502668552923526
15142,1.1375293213199
15143,1.1839384020019281
15144,0.8914160688842289
15145,1.1359776963414465
15146,-0.04852897556223612
15147,0.8669479008731269
15148,0.17558850245128296
15149,1.590104717081326
15150,0.2947398344977087
15151,1.3479423292127388
15152,0.10142672428880216
15153,0.48180696542124346
15154,0.36284100214567283
15155,0.22949353956121465
15156,0.2802776177926686
15157,1.1990271676463424
15158,1.2533168130142402
15159,0.5963435769253309
15160,0.5535814679188578
15161,1.1678280877656237
15162,1.9580306930134634
15163,0.8772560987950797
15164,0.6018095420257351
15165,-0.32642502529851813
15166,0.40365083246486516
15167,2.0097350209621947
15168,0.0393916358816548
15169,0.9720202438190635
15170,0.7801465601813673
15171,0.018261077008133356
15172,-0.06813266606514409
15173,-0.1804543569779563
15174,-0.2856876141709125
15175,-0.41712114457605187
15176,0.14711691163006663
15177,0.38128405596716564
15178,0.29883561560598315
15179,1.3501179128356875
15180,1.155226723298938
15181,-0.09644125039547968
15182,0.7312377146833943
15183,0.1929364025420644
15184,1.5400779722226643
15185,1.2252981229891973
15186,1.617423162091019
15187,1.5143291734440014
15188,2.273713579221597
15189,1.7170962694094314
15190,0.3463126223653262
15191,0.8893295602019797
15192,-0.12188260093122266
15193,0.8312648758879803
15194,1.307803021004557
15195,0.9504604676438762
15196,1.809528964247987
15197,0.8084058410741948
15198,1.3287993032003629
15199,0.08557583580169456
15200,0.6513110417283756
15201,0.40889895099817464
15202,2.32056107178268
15203,0.7801566129067329
15204,1.1443845256322904
15205,0.702188370264769
15206,0.6613385779418329
15207,0.8474326256715252
15208,1.6526428823602297
15209,0.7016782344328931
15210,1.1496877926570466
15211,1.6381674926422742
15212,1.6350331423116904
15213,0.2612812033528472
15214,0.2695594450291682
15215,0.18859936400698288
15216,0.32897773114995565
15217,0.039013338023164236
15218,0.6962428831287384
15219,2.0067215209942453
15220,0.38926911868869385
15221,0.061385923182415064
15222,1.651518727960045
15223,2.4295967666150156
15224,1.903706917148734
15225,-0.0894254180896237
15226,1.589787404358507
15227,0.2984391079647719
15228,-0.2059611688566691
15229,0.5722274790306967
15230,2.4041672984254747
15231,1.9683348957756779
15232,0.7594390361751682
15233,1.2759978110223436
15234,0.6857163625615367
15235,1.081714188280982
15236,1.9470945313380192
15237,0.08236998168156784
15238,1.0869360185836177
15239,1.072815530694478
15240,0.3168081135812506
15241,1.6985444207465534
15242,0.6546233362898441
15243,-0.0857669979617936
15244,2.1547039165744923
15245,1.207020678427175
15246,0.36669093962243504
15247,2.0130949438128836
15248,0.602112914010936
15249,0.2274388438574392
15250,0.013001343937990552
15251,0.35118171934733033
15252,0.49735657624995466
15253,-0.06128966230098673
15254,0.08518035400445897
15255,-0.09430509734976947
15256,1.378079917714366
15257,0.338465357199794
15258,1.3777312794446386
15259,1.4931268157351094
15260,1.818472203977454
15261,0.20408123872060305
15262,1.0323493202268
15263,0.9774536519746502
15264,1.2283021934790685
15265,0.740650515254478
15266,0.37356043480002743
15267,0.14016018526091456
15268,0.8149448042375012
15269,0.16014850020116866
15270,1.8000786341077801
15271,1.4092434547754997
15272,0.7083085905072772
15273,0.6350797565701345
15274,1.2716607322766382
15275,0.5161344239367742
15276,0.8750935657973359
15277,0.7816026049027256
15278,0.08109177503335048
15279,0.8934930540450184
15280,1.8684853237385015
15281,0.15946652045608425
15282,2.0419655425592818
15283,0.15386666021453785
15284,1.307907012577515
15285,1.922687352944474
15286,0.41534836224719596
15287,1.5427719804182005
15288,1.2232284307867214
15289,1.730593662084281
15290,1.3497920269087533
15291,0.7435004715083425
15292,0.2014512035547248
15293,0.7545429288222663
15294,0.3686374583099941
15295,1.6488875788985737
15296,0.17560984146067385
15297,0.07709417351343664
15298,0.8173661324045556
15299,-0.12774257458367058
15300,1.6804517913788628
15301,1.661818249145909
15302,0.20942770877160516
15303,0.14339152383293288
15304,0.2345325064977608
15305,0.30772834945064087
15306,2.210930986375516
15307,0.2047494185090101
15308,-0.30930380484616604
15309,1.9054598314483702
15310,0.6289475822718658
15311,2.0297459865544387
15312,1.806798058915566
15313,2.1144812452868886
15314,0.8951723466965407
15315,-0.03099926959670321
15316,2.224325149633187
15317,0.3987331630634956
15318,0.1540967788726333
15319,0.13583021838764042
15320,1.3044956474811567
15321,1.1124444715759596
15322,0.454731744794187
15323,0.9159159611720169
15324,0.5295973267687284
15325,1.7778477953502696
15326,1.3479713518163827
15327,0.014244320219314932
15328,1.6873849510850458
15329,1.3008891468101107
15330,0.9107792024076549
15331,1.138977242744456
15332,0.4782756879775132
15333,0.9571319070316242
15334,0.3022994236844057
15335,0.5986630610900311
15336,1.3870646693789481
15337,1.5153642923331536
15338,1.772693754358293
15339,1.513499627070699
15340,-0.1467205536349844
15341,0.1996897155309038
15342,0.3337019758913084
15343,1.7938083359748629
15344,0.7428728941108402
15345,0.8304924585446577
15346,1.298430567046246
15347,0.6321903055172609
15348,1.3469403322922138
15349,0.01771214807510152
15350,0.3624967536518179
15351,1.242039689594475
15352,1.7162319089665714
15353,0.24646247447582878
15354,0.553175945813771
15355,0.25703859633956105
15356,1.57957619011608
15357,0.1804849095046323
15358,1.1500194036682125
15359,0.14259765495673613
15360,1.3631315517763767
15361,1.0386653482735912
15362,0.7984216565178874
15363,0.5667280530965854
15364,1.1501553524147055
15365,1.2753573890164502
15366,1.2548230196137693
15367,1.154351811494107
15368,0.5927098977217211
15369,1.3679067790691999
15370,0.3781636396634152
15371,1.4871730890414243
15372,0.6670778070350201
15373,1.1063636088678614
15374,0.13421123013286704
15375,0.845540273152973
15376,1.4465792325456552
15377,0.03918988775997263
15378,1.985404219890495
15379,1.8155500854047766
15380,1.9145652359577885
15381,0.3059176087735269
15382,1.7689994408169225
15383,0.02258678393509328
15384,0.6656643610617493
15385,1.010715705107582
15386,0.36698284881059795
15387,1.7086423287460262
15388,1.2556544941869694
15389,0.2967725690685342
15390,-0.1443091529549237
15391,0.9486441303901704
15392,2.0273575561635546
15393,2.001831395519751
15394,0.24150892631771145
15395,1.3925394354217686
15396,0.7563557485748673
15397,0.5653372451500854
15398,0.1587021422915541
15399,1.0844052470603351
15400,0.07710448115208336
15401,0.7472389259325977
15402,1.4992182371262075
15403,0.20026487428877873
15404,-0.06174916675232578
15405,1.1797803120314903
15406,0.4453492710689195
15407,1.358551379994045
15408,1.9197101809466255
15409,1.3840359729936502
15410,1.7931559397854626
15411,0.8163996378718918
15412,1.7790321809914416
15413,0.7716493349322397
15414,0.34653570001766887
15415,1.0045128105182541
15416,0.7554875555808154
15417,0.6009061055550833
15418,1.7284650643448687
15419,0.9573076248938481
15420,0.5138616661491268
15421,1.270088308308633
15422,0.32114622229486167
15423,0.1061717331237507
15424,-0.31425812009098697
15425,1.1435543651212574
15426,0.514971979419847
15427,1.7661111095927884
15428,1.4836655911761174
15429,2.174788425087365
15430,0.6381424494238861
15431,1.1153215741001756
15432,1.4908936306207123
15433,1.4874916343082978
15434,0.3005754130271937
15435,1.1009309383175545
15436,0.0963734311649244
15437,0.5594283086502693
15438,0.771095062099505
15439,0.49465122351003477
15440,0.08182531040748439
15441,1.5024840627694596
15442,1.3617612688660594
15443,-0.06027375621965185
15444,2.264342357412808
15445,0.47315645428963593
15446,-0.3129523517680565
15447,1.11623750282269
15448,0.010145913005212961
15449,1.5043814252908836
15450,-0.12926524146830473
15451,0.3835934002902335
15452,1.3386423526343123
15453,1.7067644848313182
15454,0.03653732103802297
15455,0.8683666542696333
15456,1.66876217820844
15457,0.7912728124319783
15458,1.6043918548115292
15459,0.8240673582758968
15460,2.1075122088164084
15461,1.931263296432041
15462,0.7151869769924296
15463,2.236991255842141
15464,0.7939375829318848
15465,1.9306833398117833
15466,1.0779145343602141
15467,0.07974933682028096
15468,1.5622926903493264
15469,0.01781829821077649
15470,0.8843369396831885
15471,0.3370215879371442
15472,0.5797138180338789
15473,1.4790101793221337
15474,0.14369322838586074
15475,1.5000820681872913
15476,2.0260270334322934
15477,1.929450838586581
15478,0.7501894135261961
15479,-0.02496635783994361
15480,0.3561483152036328
15481,0.9871494674505826
15482,-0.23046148406417816
15483,0.25178071116684136
15484,0.5072891227447642
15485,0.32058260660189875
15486,0.9963740793223597
15487,0.22861820565877272
15488,0.1512904229163608
15489,1.4576313612687735
15490,0.6399222412430053
15491,1.3560905672246293
15492,1.463546905420471
15493,-0.02281267266570193
15494,0.9555171834013713
15495,1.1492827968290054
15496,2.0425581220666733
15497,0.1719903782745357
15498,2.1727578249902457
15499,0.41366832186791946
15500,0.3795336256371628
15501,1.2932222129939168
15502,1.4213391875306507
15503,1.4858375867053841
15504,1.4164304470709588
15505,-0.22519075391622234
15506,1.1451023260757804
15507,2.1746998718897514
15508,1.6055844373175725
15509,1.7777690528728387
15510,1.9306194764602462
15511,0.8794512667607804
15512,0.26559645234883666
15513,1.1927490369375833
15514,1.7577484616741008
15515,0.14873763013664668
15516,0.3389268710003044
15517,1.0578902968477375
15518,0.5526577142087878
15519,1.5112235474005522
15520,1.6281901313416667
15521,0.618340858798027
15522,1.055690091649348
15523,-0.13166792316133913
15524,1.2061545361220465
15525,0.7421974263786757
15526,0.3968532167094168
15527,2.447173794436199
15528,1.1189071570107734
15529,0.18764652090343642
15530,1.3512585494372875
15531,1.7517432052556061
15532,0.9865586853348255
15533,1.3217426783040032
15534,0.5700934344552766
15535,0.2759278637840016
15536,0.5315702095802302
15537,1.3559404590991186
15538,1.577582077181821
15539,0.825909879270003
15540,0.9104968018897479
15541,0.2628628172663179
15542,0.011802265437396958
15543,2.245247826652118
15544,0.710964201103005
15545,1.418061296480874
15546,0.18863794800049244
15547,1.6929946257372905
15548,0.19624214050392666
15549,0.27150165931453246
15550,0.3747921715682424
15551,1.6792351015483022
15552,1.0905656852492402
15553,0.14077009066834856
15554,1.282875399875353
15555,0.9701084879733349
15556,1.3947345559431992
15557,1.51841199501392
15558,1.2118640277956714
15559,0.6362517550532087
15560,1.0894766576596737
15561,0.013587611180644873
15562,1.919535697809809
15563,-0.37909525821259926
15564,1.030003158899151
15565,1.5024609798804531
15566,0.0690730529238876
15567,0.649796754662346
15568,1.6633432148932692
15569,1.9406720136709075
15570,0.22030268481265738
15571,1.6020519638669917
15572,1.1073665526363885
15573,0.18584350296728863
15574,1.208009041998863
15575,0.059289466234634866
15576,1.2204246919308994
15577,1.8262580168466973
15578,0.05825584169853056
15579,2.568434270629658
15580,0.9727140522278186
15581,1.6739737126748808
15582,0.1749163569409523
15583,0.9074695277752334
15584,0.9167347552351511
15585,1.5659676628284525
15586,1.2364613339275858
15587,1.9525367607436688
15588,-0.6479676562322008
15589,-0.04296683334896975
15590,1.0250760363621598
15591,0.5955447764187549
15592,0.7744172460391686
15593,0.3468378208257073
15594,0.5253315580523413
15595,1.8002224297288754
15596,0.15520482354695722
15597,1.4813799766395426
15598,-0.5114067605284022
15599,0.4864726420115684
15600,1.4090224853207574
15601,0.9467011182446138
15602,0.20407887991918772
15603,1.3792573736511948
15604,1.548348231761587
15605,1.1184523613588782
15606,1.2756324489691346
15607,1.1813778948324
15608,1.3820713780924783
15609,1.3914111168081358
15610,0.4360346396493582
15611,0.8020121573849937
15612,1.020429668533241
15613,1.7849365777856925
15614,-0.057735284280587995
15615,1.1481223058512573
15616,1.5955533278800473
15617,1.529265281321308
15618,0.965375261251664
15619,0.8024973886980644
15620,0.034142046128246714
15621,1.6411365510300455
15622,0.7501166231993948
15623,1.937495482762783
15624,0.04076027584878966
15625,0.9195475019270857
15626,0.21344882427386785
15627,0.9749719122106129
15628,1.831509589493987
15629,-0.05814609676350224
15630,1.1935094752368527
15631,1.3911870813044895
15632,1.4958214055356274
15633,1.435525202596898
15634,0.39230283979086167
15635,0.8642476859248402
15636,1.4632699131484035
15637,0.9866264992115458
15638,-0.07818168916760962
15639,0.7027189886013487
15640,0.6265586365546705
15641,-0.041769629639467676
15642,1.404144709803657
15643,0.5110586756251356
15644,0.2571923607665992
15645,0.7768356856325052
15646,0.4971936150756503
15647,1.9810352100341
15648,2.0121064158210267
15649,0.08439248513999574
15650,1.0609603430874994
15651,2.3042669548100783
15652,0.6186285804108256
15653,0.1715565651314065
15654,1.26553022746085
15655,0.611425862959075
15656,2.4243081645185955
15657,1.4588725590390759
15658,1.3275843765854543
15659,0.4882657913189359
15660,1.4405652991329325
15661,0.08062414928777432
15662,0.17961343688293674
15663,1.2562268093745672
15664,1.4341937106555458
15665,0.22488780904061634
15666,0.33521347212432084
15667,0.9488311807735734
15668,0.5269624958935536
15669,2.051880672611114
15670,1.2054338314890616
15671,0.8741080300628906
15672,1.9470297927845492
15673,1.4012016464539305
15674,2.0765991257372414
15675,1.3028290035503984
15676,0.7961185807704997
15677,0.9157977404663455
15678,0.26467847602660943
15679,1.918887299080761
15680,0.9460977372537058
15681,0.0764301331630732
15682,0.45346927223711275
15683,0.9866850907733546
15684,1.7897914361148521
15685,0.6727781403461492
15686,-0.07281870944878793
15687,1.6656997238458442
15688,1.844237815552165
15689,-0.130480380881207
15690,1.3735393371264082
15691,0.7266767011181985
15692,1.5482322382649916
15693,0.7151918370058846
15694,0.0491784433017588
15695,1.0595050067668415
15696,1.0039288485125912
15697,0.3841098017809178
15698,0.88783992921003
15699,0.3469471774555565
15700,1.4573032353071587
15701,0.6717954457194747
15702,0.6446130450535796
15703,2.2951760212659655
15704,0.8237827777922859
15705,0.5465319332337252
15706,0.2606474143937747
15707,0.7481863851247111
15708,0.8503123991541597
15709,0.7702725380428777
15710,0.5828150329438396
15711,0.09708259966083328
15712,-0.14047672191842128
15713,0.5729940963281481
15714,0.3988719057398277
15715,1.1052331739242185
15716,1.2452871902719211
15717,0.41118924323161044
15718,0.7248532842741809
15719,1.159886253956714
15720,0.44506565005521126
15721,0.7319313892868514
15722,-0.02807849133901401
15723,0.7255075301468428
15724,1.1958094232369998
15725,1.8487876621303874
15726,1.1915413182789714
15727,0.08023470327521184
15728,1.4148805943898757
15729,1.7917081853234136
15730,2.1749016119038744
15731,1.3671089598625494
15732,1.1476629963803844
15733,2.0302766797483107
15734,1.3203791757294359
15735,0.9273976224714957
15736,1.0553387608271785
15737,1.4915308563651348
15738,1.2204837346593982
15739,1.129051052608945
15740,1.5217471460123086
15741,1.5008057563363888
15742,0.25788072407512597
15743,1.9257746496058386
15744,-0.11412077396657819
15745,0.6983270960839472
15746,0.8138341592355649
15747,1.6807958052959926
15748,0.10829765647679472
15749,1.2968883307865007
15750,1.8781611736609476
15751,0.7364160853833395
15752,0.890538540560345
15753,0.06417522806657104
15754,1.603656252523528
15755,0.2409991631873789
15756,0.5219834307192937
15757,2.0889362866829546
15758,0.32811652860776147
15759,1.7424899458309475
15760,1.4462605161294388
15761,0.9053434736333208
15762,1.3747125490990972
15763,1.4950819599766418
15764,-0.11911428576935418
15765,0.8947923869375412
15766,0.25433427850226165
15767,0.9709814562928456
15768,1.621349245682289
15769,2.191374360023684
15770,0.04082240994197504
15771,0.6629883812909709
15772,1.4269942188386646
15773,1.5313500983804562
15774,1.0804717357518492
15775,0.8751796451975742
15776,0.04511767670324808
15777,1.4140381420572747
15778,0.5849094065230048
15779,1.0814634892826542
15780,1.2516319226966637
15781,0.5826985264953832
15782,1.6019720769331351
15783,1.6662829373810673
15784,0.9223860045033334
15785,1.3116554436952852
15786,0.8262939743481501
15787,0.6683853796459249
15788,1.053690982126107
15789,1.108678028144482
15790,1.038604552878029
15791,5.826267845976396e-05
15792,-0.07552752113883948
15793,1.1032494811944686
15794,1.3300213618187513
15795,0.9952739187827325
15796,0.3094333478811212
15797,0.7351071222647981
15798,1.5165281744722696
15799,0.7645851396348455
15800,0.8056515520635841
15801,2.251908207356858
15802,0.6676373769743247
15803,0.4335738955554097
15804,1.1705943447189584
15805,0.9650387078881146
15806,1.8941259006960915
15807,0.6838871225448915
15808,0.36569600335084523
15809,0.8220410560897
15810,0.9843909796664205
15811,0.5027771357844671
15812,0.9486884433762749
15813,0.5151967895868128
15814,0.05059802327506567
15815,1.3331358642852424
15816,1.1532209557903523
15817,1.730284868199929
15818,0.5483568200242587
15819,1.4731910995566042
15820,2.282890127875788
15821,0.6065038890363121
15822,0.11978835762339962
15823,1.2721262871740815
15824,-0.10838505893951927
15825,1.0289915594923715
15826,0.37845261251595436
15827,1.967471524436312
15828,0.9354687050149423
15829,1.9507710367142583
15830,1.2887097144707287
15831,1.7276523191878483
15832,1.6142941499426704
15833,0.591962791405694
15834,0.4144154495956057
15835,0.29637503294937273
15836,0.7217963637681939
15837,0.6879696480778783
15838,0.7505717851070364
15839,0.4696624500455921
15840,1.141469671328592
15841,0.43671853432521757
15842,0.9002798335318454
15843,-0.06538890767297378
15844,1.2352194489783086
15845,-0.024481195278068885
15846,1.632590819829443
15847,1.0161134613252756
15848,1.4049376323207923
15849,1.0707663797561295
15850,1.0054606326137194
15851,0.7333723099247743
15852,0.027117891374681277
15853,-0.06600799326142923
15854,0.7846568017513182
15855,1.4887782387904345
15856,1.3109164909302584
15857,0.6280524764343954
15858,1.8202577897292245
15859,0.11925790190543857
15860,0.8327537007132242
15861,0.2570307103775723
15862,1.0762903575375706
15863,0.3590103510207321
15864,1.2116258383290386
15865,1.1581162233171207
15866,1.372414494305359
15867,-0.13726776026860016
15868,0.7508006967124452
15869,1.1979748211471644
15870,1.973561210882809
15871,0.7601516863791493
15872,1.6651498430874163
15873,0.2271282895566496
15874,0.3434275894827227
15875,1.5325830537308913
15876,1.572097089869779
15877,1.053608778620673
15878,1.3377719014564944
15879,0.40296495710754965
15880,0.5171439982241772
15881,1.523596491784065
15882,-0.13242928310969343
15883,0.10970581931207288
15884,1.2042162833734298
15885,0.3223755254539391
15886,0.7805745082756882
15887,1.7356163076219442
15888,0.36944374677585123
15889,1.6064696860460603
15890,1.371497508345926
15891,2.007799443047806
15892,0.37403951774561106
15893,0.16955660465658
15894,0.6493806106236263
15895,0.3450861688659077
15896,1.1678858714963791
15897,1.2325964015227464
15898,1.8616811403702704
15899,0.6191771582086116
15900,1.9494598621067731
15901,1.3053847919067945
15902,0.5834269225015841
15903,-0.01909061018923712
15904,0.36589304602709855
15905,0.3107026096521247
15906,0.2758845309701724
15907,2.123653619811626
15908,0.15052337360092058
15909,1.2283848559121868
15910,0.8202139193638862
15911,1.4446167836512367
15912,1.5594694171820571
15913,0.6655443440992638
15914,-0.04681633163234741
15915,1.70224680534456
15916,0.5298336208489116
15917,0.41044265893146004
15918,0.37909076745814113
15919,2.1148463344503425
15920,0.7129313785769535
15921,0.07505305803808539
15922,1.4901594344787847
15923,1.3358873305680448
15924,0.7347459524471935
15925,1.6045113872927168
15926,1.4814530159814403
15927,1.319485304975438
15928,1.1758056513387298
15929,1.6984015236998802
15930,1.5516066347118649
15931,0.2988777223417064
15932,0.9101609403503618
15933,0.21074627129298504
15934,0.43048045910255284
15935,0.17714213587432195
15936,0.7674408768539809
15937,1.6232718456032469
15938,1.4105965728014314
15939,1.96429927250692
15940,0.21195863057277922
15941,1.8651162702695814
15942,1.1663816947831491
15943,1.4737418238461522
15944,0.22460646871254125
15945,0.3536012935500189
15946,-0.03390994226198017
15947,1.1318662109636795
15948,0.5015154494838181
15949,0.203014503307382
15950,1.1016988719624399
15951,1.4380809778736925
15952,0.9799396741714754
15953,1.5350677614306139
15954,1.611760342910455
15955,0.154450068957208
15956,1.1731373643451668
15957,0.40796387431129116
15958,2.3774774307571747
15959,0.2876891655060579
15960,1.5479455883444158
15961,1.0580431016999334
15962,1.859263941516106
15963,0.4277202856253911
15964,2.018488141961573
15965,0.3727107818153383
15966,1.6121166246389707
15967,0.7031765494058053
15968,2.037648559045369
15969,-0.04711838553306258
15970,1.797554531778425
15971,1.805325180256868
15972,0.828665992176418
15973,1.8374910845625427
15974,0.963931331428089
15975,0.2528959969153378
15976,0.14895699833701698
15977,1.965566534218833
15978,0.6518773444372051
15979,1.3547665671387408
15980,1.3730404822882951
15981,0.3842946150733175
15982,1.5017551493869723
15983,0.9589594373832693
15984,1.4259873763928812
15985,1.603067338112288
15986,0.5839441836964062
15987,0.864187717148148
15988,0.8550041232753731
15989,1.3282044702747524
15990,0.9115298365194673
15991,0.5843134032935251
15992,0.8860150097486977
15993,-0.044122796657102614
15994,0.10314757256256192
15995,0.11717525383747449
15996,1.101875548972651
15997,0.8873473646483091
15998,1.1468787174881656
15999,1.269127904158469
16000,1.4958455274894151
16001,0.6224011508672767
16002,1.0580916363972654
16003,0.4078855798223987
16004,0.5453294767665549
16005,1.594430350857548
16006,1.239391961256845
16007,0.2578285968079791
16008,0.21852822019916193
16009,0.109392822193868
16010,1.5724051708162126
16011,0.43737627284736647
16012,0.4471881686054644
16013,1.984430483510701
16014,0.4568034027237082
16015,1.2503386192592003
16016,1.4317251268311826
16017,0.041568937681820885
16018,-0.07623486297676368
16019,1.0569835128917215
16020,0.9701963712734759
16021,-0.0904047649861876
16022,-0.1278526750630013
16023,0.6129476194962515
16024,0.34125134792847445
16025,1.9954971590470605
16026,0.8288384788537968
16027,1.4465355178755845
16028,1.4749487693236112
16029,1.4431256522613194
16030,-0.2193663559282696
16031,0.5570229585320663
16032,-0.33577775505430707
16033,0.4905897946477775
16034,-0.07073411389184867
16035,0.031155422785523038
16036,1.9086989375005654
16037,0.381679206318166
16038,0.5629496399257985
16039,1.9763284997158923
16040,1.7346639812352131
16041,0.6470978458093
16042,0.30883893762112785
16043,1.3045810534123503
16044,1.3923433262881892
16045,0.7137951654702197
16046,0.6464256125455148
16047,1.2732121056995844
16048,1.7285252394572697
16049,0.45296669546278645
16050,0.016844157171284
16051,1.6599222164301717
16052,0.24922594146417631
16053,1.5293516955860427
16054,0.5060966589579023
16055,2.0544654227230725
16056,0.184099555735736
16057,0.44219723629904556
16058,0.5627313484440133
16059,1.8626363512371893
16060,-0.09037294782272864
16061,1.0894878187309305
16062,1.1164734943459096
16063,0.2125573116307639
16064,0.8299420270642457
16065,0.6967747284007382
16066,0.8003813904981393
16067,0.2525483900351289
16068,1.4918278815301114
16069,1.682629150874384
16070,-0.005580581875078788
16071,1.7001683676448767
16072,0.9274722095874446
16073,-0.2341318343650327
16074,0.37740556125449376
16075,1.0032644827537178
16076,2.239680516368359
16077,2.136659146100492
16078,0.4523658757694653
16079,0.39374856113588563
16080,0.7881177893181177
16081,0.3412601650009126
16082,0.30848527260390474
16083,0.8800680935101561
16084,1.771034243337955
16085,2.0192383957139812
16086,1.0465183812267187
16087,1.8974214019588453
16088,0.4822259380788194
16089,1.462188040036071
16090,0.5326031507088947
16091,2.062736412401911
16092,1.701422258703308
16093,1.5265245470982083
16094,2.128110188652656
16095,-0.11021832920747215
16096,0.14074261233912194
16097,0.9456017707723054
16098,-0.14428387883057103
16099,2.368298271912962
16100,-0.07713944431352215
16101,0.8033198015051431
16102,0.23399651757488704
16103,1.2711270268399875
16104,1.0622054754642059
16105,0.9932386750972733
16106,0.3372232414270149
16107,0.9996963671634305
16108,0.07803205747941648
16109,0.18769335297846818
16110,-0.05030503388524232
16111,0.34246476935432507
16112,1.5079202970597325
16113,0.40122407227630297
16114,0.773113065452863
16115,0.22363973671195808
16116,1.3100676351324558
16117,0.8706447616753258
16118,1.2480374331476425
16119,0.36880518856019395
16120,0.21397861906637283
16121,1.542204429307461
16122,0.3919385520560289
16123,0.7387635082836447
16124,1.5636956574540242
16125,1.486093815802148
16126,0.10671646691727128
16127,1.0644236877002868
16128,0.6405682652660953
16129,0.36798859580909193
16130,1.4249170187734868
16131,2.0278328790425686
16132,1.6104927686736756
16133,1.0320315300223746
16134,0.09385292244924008
16135,1.3902681362152003
16136,1.0410934986567641
16137,0.9102375211805974
16138,1.137043944605242
16139,0.17009279226815943
16140,0.7069218330375311
16141,1.443907996865928
16142,0.6888198209587759
16143,0.5869755520264122
16144,-0.015414990172735774
16145,0.7258921922743737
16146,1.101685734018157
16147,1.0377290923621534
16148,1.9988135312580841
16149,0.22425240531804913
16150,0.5595928836309279
16151,0.31972502349421755
16152,0.9347056361006746
16153,0.24788904990604338
16154,2.1683459311059927
16155,-0.2864130754284821
16156,2.8670519509580332
16157,0.8189831625944989
16158,1.3756470918821722
16159,1.2385921975973933
16160,1.9252771354379101
16161,0.7409044008840486
16162,1.0742275208762617
16163,1.2711677302209243
16164,0.3042140282373525
16165,0.4118703728298073
16166,0.6642506645486694
16167,0.7437949102265371
16168,1.3460244264181211
16169,0.8962062651327973
16170,0.44357691766635476
16171,1.9082490355375255
16172,1.2314866167971774
16173,0.6333581223865308
16174,1.1257075197081787
16175,0.9275147041022898
16176,1.7578836260563286
16177,0.7552588077866254
16178,0.4372991810680652
16179,0.7383721202546742
16180,0.15614008293789522
16181,1.0881883420960703
16182,1.3363939729406966
16183,1.1375775610807244
16184,2.2417572991857124
16185,0.6347603005398463
16186,0.026796340664582557
16187,0.7098236952292452
16188,-0.13215217060587786
16189,1.192469890293626
16190,0.7973086691238955
16191,1.1110102736390077
16192,0.27345062657867064
16193,0.16078774190568879
16194,0.22062171340193673
16195,1.9719353320884092
16196,1.0421659055308012
16197,1.1271023066046215
16198,1.0031085067047762
16199,0.4705026629642761
16200,1.3146312184645335
16201,0.5088949921958896
16202,1.1525085347605248
16203,-0.10940537830782895
16204,-0.4663381745570045
16205,1.1317022941748391
16206,0.7066269729003685
16207,1.4397756314219905
16208,0.2514321104681797
16209,1.029334239613454
16210,0.09489552406420224
16211,0.8786314970031563
16212,1.4492266907975488
16213,-0.18040753923071703
16214,0.370416212531288
16215,1.3634793151883073
16216,2.0752052350667833
16217,1.616013480801612
16218,1.102044453364706
16219,0.10199769394904296
16220,0.7613405815847819
16221,0.1551002463139981
16222,0.39364616178402745
16223,1.3932617033087433
16224,1.117179527048608
16225,0.915157630758013
16226,3.1708257694780837
16227,1.5267246287450735
16228,0.3723423543593184
16229,0.41764084373901217
16230,1.0182462836803503
16231,0.6827733709135142
16232,1.4382140773015535
16233,0.7912496518996199
16234,-0.062998669326817
16235,-0.067138744656634
16236,1.107301688266876
16237,0.6386661934419924
16238,1.0514338511177919
16239,1.898089547045844
16240,0.48265175351072254
16241,0.43818565580551194
16242,0.35226573997343896
16243,0.7114712421982754
16244,0.2653024938237999
16245,1.4387295646735192
16246,0.043490370254062716
16247,0.019127951615443756
16248,0.4079838514538423
16249,1.5354266230720737
16250,1.0471345450564375
16251,1.4423652005353242
16252,0.6993920578455209
16253,1.4735875932715314
16254,0.3277008097176619
16255,0.6966214264148973
16256,1.1215639882769526
16257,1.7003842105564837
16258,0.4569070772377043
16259,1.7699957402554192
16260,0.6735213459127762
16261,1.6588727903129512
16262,0.8520683846892204
16263,1.2533506631565816
16264,1.3388104869791917
16265,0.23963539671730513
16266,0.823848909935382
16267,0.8211643378927228
16268,0.6397517459475439
16269,0.9086640266084205
16270,2.0178423066067013
16271,1.8571046184885762
16272,0.7141713102301629
16273,0.8063136028873128
16274,1.7077777609184746
16275,1.2607119149310009
16276,-0.12713700966437738
16277,2.6378137464514357
16278,1.2170275613656107
16279,0.5357986428914556
16280,2.042237195159369
16281,0.2832430287782909
16282,0.5648656646654409
16283,0.45968701191924344
16284,0.5221181425904549
16285,1.0628799412869285
16286,1.6563130614288806
16287,0.7833145502752851
16288,1.014759859825283
16289,2.3641532173479063
16290,1.2867940887210296
16291,0.00826625100436032
16292,0.9831572127483137
16293,-0.07304502661813012
16294,1.282254555073833
16295,1.2703119266399976
16296,1.4272927835003688
16297,1.308824318265033
16298,1.6454406871354768
16299,0.6843325216047708
16300,0.6972671015553648
16301,1.2838357877076287
16302,0.3731110858422442
16303,0.33816552115983534
16304,1.6896521161052467
16305,1.6163567495716693
16306,1.3140175612057983
16307,1.4234812415039797
16308,1.5435470372321831
16309,0.2807599323324702
16310,0.010609571559026226
16311,1.3982734405065822
16312,1.1167747965237302
16313,1.4692832524161874
16314,0.04892970365273952
16315,1.942455131709259
16316,0.2817257774230485
16317,1.0718425765867396
16318,2.5801145560507344
16319,-0.0515943091399802
16320,0.8958660936292335
16321,0.5413475392576741
16322,1.1063499241689945
16323,0.3961037813641062
16324,1.5803525783021295
16325,0.36600292859961414
16326,1.0674313275612233
16327,0.2513293668311486
16328,0.45133371919001364
16329,1.3273602202861898
16330,0.6574622249621039
16331,1.0474685412537665
16332,0.3645021399433487
16333,0.9917052820557307
16334,1.3803800061095903
16335,0.6252525592762328
16336,1.6544137190291817
16337,1.1434921349258949
16338,1.551581418905116
16339,0.1564264985389684
16340,0.7600983824917952
16341,1.3253396891168452
16342,1.5529850484706706
16343,1.0916193577178426
16344,1.4716177266907249
16345,0.5573024957682712
16346,0.7724584311939966
16347,1.5647589224724106
16348,1.9682863545726677
16349,1.2380736689732643
16350,1.4088950795861517
16351,1.382791726564666
16352,0.1346940049008796
16353,1.136736369860536
16354,1.2600437612647566
16355,0.43654746266822614
16356,-0.13868398466424153
16357,1.4700285389067052
16358,0.23143390607335856
16359,1.6315300367038532
16360,1.4116981865644198
16361,1.551159877541565
16362,1.820513856979002
16363,1.0568695117273128
16364,-0.06926830553228944
16365,0.778497200374457
16366,0.9045091447817818
16367,0.3851258510512273
16368,1.620451131264479
16369,0.495056649299049
16370,0.5865434352076148
16371,2.1540830486552194
16372,-0.044914087033678024
16373,0.9332413406243685
16374,1.0278667558437113
16375,0.866543017566159
16376,1.7590973133970027
16377,2.0665338203655845
16378,0.18872744766589578
16379,0.15935894922120672
16380,0.35281254960852515
16381,0.8749130425862445
16382,1.6166464308107067
16383,1.3262005850021
16384,0.708663576414378
16385,0.540967486615644
16386,0.1948821792539677
16387,0.24233326138219063
16388,0.5738842523181394
16389,0.35530710759776263
16390,-0.5577447130488782
16391,0.6482417533158447
16392,0.04791024556704471
16393,1.231912834092641
16394,1.6955885128114763
16395,1.5594398218963053
16396,0.6122921680974245
16397,0.09772557326244649
16398,0.605745120803838
16399,1.230637589196918
16400,0.7936686580083425
16401,1.8393321278840011
16402,1.0917261159275835
16403,-0.01819487841224096
16404,0.7461724045948073
16405,1.6736460621730478
16406,-0.16694498054962378
16407,0.27449202213456203
16408,0.8328214505164173
16409,1.2387069330059013
16410,1.067345520208162
16411,1.5292615746968936
16412,0.5160394600128282
16413,0.25240142531321974
16414,1.7158003241080373
16415,0.7485645476540348
16416,-0.6188959302393797
16417,1.1191894366385005
16418,1.0773555445830418
16419,0.2058471571761724
16420,0.8857387433599864
16421,-0.03924150386738218
16422,1.6776840422144867
16423,1.20233177025179
16424,1.305862937644627
16425,0.979071676372844
16426,1.1422974749168304
16427,0.32011914340227815
16428,0.7206381325259436
16429,1.06384122771683
16430,0.06469319904208809
16431,2.0020560973128743
16432,1.008639305914444
16433,1.2023378607478954
16434,0.0016460600394891112
16435,1.6500750742525376
16436,0.3929737390119016
16437,1.5307886392570114
16438,0.5398061002472767
16439,2.2646810944578197
16440,0.7838798772431093
16441,2.820296945158452
16442,0.32944793334475075
16443,-0.18537387048486834
16444,0.1688317156562292
16445,1.2897379150616817
16446,1.8083858932981627
16447,1.2434170716608253
16448,1.4821974380240648
16449,1.6299736438356656
16450,0.1767173137518744
16451,0.24245363637765951
16452,1.113057762300126
16453,0.8683246475024803
16454,0.9119050334067895
16455,1.5102057512716431
16456,0.614630186857914
16457,1.780274609822453
16458,1.8263429131353865
16459,1.1899326052890535
16460,1.1176570652099038
16461,1.3859844546102458
16462,1.4770187653352327
16463,1.5589711788860725
16464,-0.18780112105979627
16465,0.7245913569205387
16466,1.5474936875592196
16467,0.721056827563176
16468,1.4381044599282458
16469,1.1174808175177975
16470,0.4800256171283296
16471,0.08762655181679242
16472,1.215012187850358
16473,0.9620654256904473
16474,0.02747346313074081
16475,1.4577065789764903
16476,0.610599953688806
16477,0.6098815368167444
16478,1.6610546153346277
16479,1.1543327468182458
16480,0.050470515983768165
16481,1.3766919304496128
16482,1.10532045135073
16483,0.7750831258198794
16484,1.3755914007142391
16485,1.1792770989794246
16486,-0.02699584137104033
16487,0.9701646130076202
16488,0.6574388466194465
16489,1.2767605294647546
16490,1.0128526860493274
16491,1.1621678549658967
16492,1.6491710819847087
16493,0.6102310641658393
16494,0.5489142186179179
16495,0.36137332285436485
16496,1.346837264453065
16497,2.443293066528793
16498,0.07119782386463491
16499,0.9640820124835922
16500,1.5827153955751272
16501,0.540860702450396
16502,0.5070113154902958
16503,0.3508185459620078
16504,1.755129402316635
16505,0.879380749282513
16506,0.9537844148438815
16507,1.7224856003057296
16508,0.6384162499343886
16509,0.7634333045757624
16510,1.1913414838625178
16511,0.28897290304047274
16512,0.20623675074530096
16513,0.9775840368434813
16514,0.6084484416758328
16515,1.8481491991322783
16516,-0.5423914821051656
16517,-0.34421372586582266
16518,1.1536841593970897
16519,0.8239261727606308
16520,1.5123253505850927
16521,1.0841739004431086
16522,1.5785926553380765
16523,0.703176175257467
16524,1.197322087651422
16525,0.8915256016763855
16526,1.8867255425525007
16527,0.11287352100525877
16528,1.460991667847812
16529,0.9615772766015042
16530,1.1476084055472786
16531,1.4998089669032464
16532,1.3870500117623563
16533,0.33303620364608816
16534,1.6977893350866922
16535,0.26977906951245434
16536,1.983694731648674
16537,0.12294048749716073
16538,0.14213486622995386
16539,1.4458061149049368
16540,1.0931538027961882
16541,1.4269859963417515
16542,1.2131038916224233
16543,0.24756537773364962
16544,-0.8694222990682408
16545,1.051258866123063
16546,-0.18254225340464394
16547,0.03336493496370728
16548,1.3359486768763753
16549,1.0918873214226597
16550,1.1688533789117246
16551,0.9367515719705015
16552,1.5113758569242475
16553,1.3142249760259113
16554,1.3133027665062074
16555,2.079250013709987
16556,2.0018962413276267
16557,1.6215382603609148
16558,2.0421867441873847
16559,1.3816723247223277
16560,0.7331543603903812
16561,1.603620005124678
16562,-0.00021240646270559438
16563,0.5437693140406348
16564,0.8759264254596704
16565,0.2980939190368083
16566,0.08382628069392639
16567,0.7188244946211994
16568,2.097917628466406
16569,0.2913681455189147
16570,0.3108536860025113
16571,1.0385122180312472
16572,1.1518067628114326
16573,1.1736813702344964
16574,0.11974166854516048
16575,0.6413189080784566
16576,0.8468806468541115
16577,0.23936659015938064
16578,0.15461918618641593
16579,1.148103879062617
16580,0.029816990583212077
16581,0.09386361113433672
16582,0.512080960127029
16583,0.9955465639517791
16584,1.9495052573474125
16585,1.25254650630323
16586,1.7886829099423327
16587,0.04460014743348256
16588,0.9837883107848615
16589,1.0662775481911906
16590,0.6870051175869871
16591,-0.007689877655851607
16592,0.4257078756305507
16593,0.9324872426473757
16594,1.337844215885898
16595,0.6424165045326564
16596,1.8983534304957133
16597,0.6225786514849432
16598,0.6252320085497401
16599,0.19513875726362562
16600,0.5044993548054714
16601,0.6590230270674751
16602,1.8006942204945047
16603,0.8882869169410466
16604,2.363415371731088
16605,1.1190456924422434
16606,0.3497335993152906
16607,0.2122653985030682
16608,-0.23148372843438647
16609,1.1555165519918245
16610,2.2752840548550903
16611,1.0824026075306072
16612,0.47868814902292
16613,1.037598761604122
16614,1.552768921683262
16615,1.1057260626632737
16616,0.9820150907920981
16617,0.9610990122684543
16618,1.5859736763338315
16619,-0.04697029574276361
16620,0.7178985659014474
16621,1.7047990293193673
16622,1.751220158129136
16623,1.4224110501828224
16624,1.4281476909396909
16625,-0.6082638820643226
16626,2.0425107103748843
16627,0.39632986708832574
16628,1.0571914184988973
16629,0.8275240395414535
16630,1.945292315281097
16631,-0.1463709323336748
16632,1.562407818226261
16633,0.8215137735155079
16634,0.18334154775688233
16635,1.2165010881045033
16636,1.0707077459336
16637,2.2822163884768982
16638,0.4940853822807415
16639,0.411869873968286
16640,1.5514561695633604
16641,0.4634780510827835
16642,1.524523324134463
16643,1.0618155117548904
16644,0.4793321590617785
16645,1.2186968426439242
16646,1.3614360492058433
16647,0.5683970989572724
16648,1.5382680647740736
16649,1.1072595774097524
16650,0.6118924484268505
16651,0.6523888106934379
16652,0.8206007000236073
16653,1.1486667990896167
16654,0.15883724118784798
16655,1.4339396291258355
16656,0.3729580008850526
16657,1.7589204899549804
16658,0.2994454669628338
16659,-0.03415270299556872
16660,0.9627078958543228
16661,0.8338781652222746
16662,0.8282389971446973
16663,1.2466403028593016
16664,0.107720413264416
16665,0.139043637744262
16666,1.2376852147090338
16667,0.700428301521307
16668,-0.1468390436265844
16669,0.4877529462342779
16670,1.0943017706127216
16671,1.888573304632342
16672,1.5106127341005553
16673,1.1118820644662901
16674,0.8716139782575628
16675,-0.11679528971159739
16676,1.961287058879603
16677,0.08243939597096303
16678,1.0200634460983347
16679,1.7510680904969096
16680,1.1465581883135982
16681,0.7906881125628368
16682,0.07915340898947593
16683,1.87146197759967
16684,0.5420475180072117
16685,-0.060689141198844804
16686,0.779414256823642
16687,1.0944394557796608
16688,1.1683395505381193
16689,0.13415131365023872
16690,1.75011552634706
16691,0.9056289529658164
16692,0.16360067830475655
16693,-0.0030006792617114503
16694,1.9832756055787741
16695,0.7567022444578351
16696,0.8940413250950051
16697,0.6382831234926469
16698,0.8750837998795953
16699,0.3341800252069338
16700,0.8481156549742506
16701,1.965091540092609
16702,0.6382700815728819
16703,0.6818702417023612
16704,0.22117260344300732
16705,0.5651211495122388
16706,0.9474648266695193
16707,0.7508478740790443
16708,1.811344248996489
16709,1.4545764083616604
16710,0.43603702686296225
16711,0.5014767130646298
16712,1.1967285397545195
16713,0.34691236457482466
16714,0.8610341930103216
16715,1.4829059527888324
16716,0.09288647364690585
16717,0.8122006700851947
16718,1.2760405010832698
16719,2.0102844175774877
16720,0.15557081724494282
16721,1.2214886651152694
16722,1.9293154270400072
16723,0.22712306205762708
16724,1.3451249864028967
16725,0.9921954237679426
16726,1.5704087829002562
16727,-0.08888093776549874
16728,1.3500590349288224
16729,0.8441732567157666
16730,0.17749959019689662
16731,2.9895107527491263
16732,0.04429461908291003
16733,-0.015148934312838258
16734,0.35248558160272536
16735,1.052871925910678
16736,0.814528821850709
16737,0.5310737671297794
16738,1.8877017903991893
16739,0.0784411034428836
16740,0.14285455649516066
16741,0.942477680712906
16742,1.3503040929251517
16743,1.7543405768575973
16744,0.6195220847523738
16745,-0.07731435581010426
16746,1.2420649208283367
16747,2.2792003833580883
16748,1.9378305788335308
16749,1.2110334131104665
16750,1.7570327822366838
16751,1.3952482562714779
16752,0.522213953542547
16753,1.1717208591288726
16754,0.06315702662726375
16755,1.6678007097878624
16756,-0.04246383038665273
16757,0.12213036339444253
16758,1.6800595819005748
16759,1.0204023765259247
16760,1.4442884305655639
16761,1.0692250966220556
16762,0.5708124671460079
16763,0.08467633972908832
16764,0.08072832547616851
16765,1.219627319749927
16766,0.17598899227401946
16767,0.722287353851154
16768,1.5438263475615015
16769,0.15852341706050238
16770,0.7284355846728898
16771,0.7785142669122994
16772,1.1322639573213582
16773,2.1261869157927182
16774,0.3139402363215151
16775,0.44893594516732904
16776,0.3974162297577384
16777,2.3362753599958634
16778,1.6825979717654662
16779,0.8057141857257214
16780,2.257427266954356
16781,1.0663528280945176
16782,1.4133157697556407
16783,0.07203423976986431
16784,0.587301529671899
16785,1.154411213874946
16786,0.6320959570839754
16787,2.0426984704073643
16788,0.20269581354520344
16789,1.816697125217512
16790,0.5801857909402888
16791,1.5244696736703158
16792,0.19612664601586136
16793,0.9525181547366468
16794,0.8773241848266482
16795,1.4680990699280854
16796,1.5447233334848058
16797,-0.26862827863812827
16798,-0.08632538785964664
16799,0.39858239340104856
16800,1.2160934031096764
16801,1.2189548350239772
16802,1.7004107466009768
16803,0.0027075180217499203
16804,0.1356715467927827
16805,0.8015087677502724
16806,1.7120228484462077
16807,1.7478821200456616
16808,0.00944596818225392
16809,0.7495273242991661
16810,1.5344183116254841
16811,0.7226902546655778
16812,0.44996606788554006
16813,0.6743437765351866
16814,0.5058259626112674
16815,0.9867879407480636
16816,1.82268068788387
16817,1.0300908236379929
16818,1.8294013772685591
16819,1.7141700085859037
16820,0.7368864297178831
16821,0.5975010235965872
16822,1.4804617150143375
16823,0.44456284571486415
16824,-0.27475773879263593
16825,2.219949169821007
16826,0.5275108945892851
16827,1.2424015214081217
16828,1.6608269416860282
16829,1.6231388157514655
16830,-0.8968942649947
16831,0.5963206346793843
16832,1.4854590084612163
16833,0.8167672796894372
16834,-0.05744536909799122
16835,0.42700881064155527
16836,1.4993411795874323
16837,1.9160320967191842
16838,1.1037547639698304
16839,0.45551028864764936
16840,1.7336729065662206
16841,0.8248027059634848
16842,1.6425526018773133
16843,0.6007592399830535
16844,1.2118056672540798
16845,2.4420239596130036
16846,1.3599085890708078
16847,1.3656325746955944
16848,1.3605680620589022
16849,0.7324758086902834
16850,0.7369482835092742
16851,1.9815390905408488
16852,1.0333137412896187
16853,0.8391354256331407
16854,0.9041358781862016
16855,1.114628233261809
16856,0.5566608824065087
16857,1.458330788810328
16858,1.0883327597103403
16859,0.6983190802732469
16860,0.19129575894990336
16861,1.3667480425453087
16862,0.4490002479307652
16863,1.7860447936666668
16864,1.7574829377589087
16865,1.842796322403938
16866,1.3467602516735246
16867,0.8012982119558707
16868,0.1910026273250504
16869,0.31902264365697025
16870,1.4178029185765262
16871,2.0045204838267403
16872,1.5205396064168846
16873,1.3206021994039716
16874,2.4720767946251927
16875,0.7762855437809825
16876,2.0646380579122727
16877,2.1377304268673747
16878,1.9977518201281923
16879,0.7969403597700688
16880,0.8391342913623852
16881,1.2789021167169647
16882,0.7571039591289116
16883,1.2499375932696053
16884,1.84197128261495
16885,1.142665022081469
16886,0.14900574100662672
16887,2.0170411709719245
16888,0.9553681994960299
16889,1.2117208892714064
16890,0.24923403035952216
16891,1.0215690346380428
16892,1.4668302861167464
16893,0.8684922241483342
16894,0.0812000343860116
16895,0.8059467587386542
16896,0.20894253605670088
16897,0.4650261407954821
16898,0.9330304530718616
16899,0.27081471463651885
16900,1.8105609290912774
16901,1.8532831517397894
16902,0.9504448980038263
16903,0.9463294192464913
16904,0.8208066309263956
16905,0.7110410926691636
16906,1.0866976589469632
16907,1.7549928956284475
16908,1.7722232346529991
16909,1.1256780056113835
16910,0.7059342229087474
16911,0.6307853464034601
16912,0.735428889274575
16913,1.3949495554591906
16914,1.9473448178954025
16915,1.3996998621009586
16916,0.8033957842550786
16917,-0.06153485521212984
16918,1.4858407103011455
16919,1.0759820984417985
16920,1.6162455245731606
16921,1.7734941855448363
16922,0.06120694182228696
16923,1.5369347314183621
16924,0.18518284537340393
16925,1.7275245032823279
16926,0.8971227707385943
16927,0.6348441733235364
16928,0.32978999272159804
16929,0.692402359599709
16930,1.8417495050572001
16931,0.5674597461286777
16932,2.027374012585741
16933,0.32482768099627635
16934,1.7513004382842317
16935,0.07138865934858937
16936,-0.14053937198354238
16937,2.040078592495945
16938,0.9494568115703428
16939,-0.05113412938749423
16940,0.41089452575775914
16941,1.1790787416708233
16942,2.3253926054440153
16943,0.7310231548631283
16944,0.35811583912392797
16945,1.907859279878458
16946,1.345986025604935
16947,0.10396354595054592
16948,1.1944175751917863
16949,1.0358580737679042
16950,0.8885645564386556
16951,1.3209881810156499
16952,1.7681391087104914
16953,1.487268284574132
16954,0.7984946499031884
16955,0.5544196680254497
16956,1.0848425109763666
16957,0.9057912913798363
16958,1.0902675315486252
16959,1.3923952007077756
16960,0.6313732412543065
16961,1.8009790585759633
16962,1.3146365181297566
16963,1.899438070572781
16964,0.5856706186230528
16965,1.250686867938779
16966,1.6978418762348193
16967,0.4445502072657026
16968,0.20613713393647903
16969,0.662424271677744
16970,1.5138372798779363
16971,0.2269077449028996
16972,1.2283450468204224
16973,1.5352978260392567
16974,1.2251729590100588
16975,0.8348675155793399
16976,1.5619643866355672
16977,0.5314185876457822
16978,2.0208308394922305
16979,-0.26608458348194564
16980,0.4870893741536172
16981,0.01764938507069852
16982,1.6889832187575318
16983,2.2794476585500147
16984,1.153298465281975
16985,1.1264582911170946
16986,0.6168329631035793
16987,1.1363419843706772
16988,1.803974104864372
16989,1.1317309772412116
16990,0.8702028334660485
16991,2.041970018451096
16992,0.2495270139246872
16993,0.531729673550543
16994,-0.1308019253055212
16995,1.6750698613696187
16996,1.141164612454068
16997,1.310853752681973
16998,1.4339182863288964
16999,0.16021855690029813
17000,0.3111439868931213
17001,1.8808143440162732
17002,0.4988702569967195
17003,0.338910440424519
17004,1.9309902754254291
17005,0.9110283110630135
17006,2.124351240606948
17007,0.78559612922743
17008,1.0646317046368228
17009,1.7331222197757263
17010,0.011222774613275671
17011,0.5794696314939595
17012,2.1552900631368743
17013,1.4473205838177239
17014,1.6915169263011713
17015,1.1806825577027007
17016,0.9677814192829679
17017,0.8031641171770812
17018,0.16471910290090114
17019,0.048886860472350004
17020,1.2408076319084045
17021,0.30056144936606527
17022,1.3653184875416704
17023,-0.05355860022407993
17024,2.6652092375382432
17025,1.1958470289564431
17026,1.630469285864557
17027,0.8658103506271121
17028,2.487329783146047
17029,-0.08996576744945689
17030,1.0838061137328039
17031,0.5224849090115125
17032,0.832323822864194
17033,0.6925708185926194
17034,1.8125666084715442
17035,1.4649840308393638
17036,1.8823613639309813
17037,0.8955825051984774
17038,0.9616937254006962
17039,1.121519298498351
17040,1.480852933407382
17041,1.1236926292561624
17042,0.745944902150025
17043,-0.023575210066161048
17044,0.06860126809951433
17045,0.9575695682992017
17046,0.8342398752942958
17047,1.3960906711947487
17048,0.8573076604457661
17049,0.003602812542830486
17050,0.619304769202132
17051,0.24875214015793154
17052,1.7153497079671278
17053,1.7058016138209227
17054,1.332138980641427
17055,-0.1855193348754248
17056,0.37946617835026186
17057,0.9078195289491124
17058,-0.029490053324503912
17059,1.6905541412380032
17060,1.1987981187689478
17061,2.070310997331073
17062,1.3551152613688668
17063,0.4732096635290637
17064,1.1999149956480835
17065,0.2994562445255643
17066,1.4281155788989093
17067,0.9545777130086234
17068,1.5598048563779134
17069,2.1814167559359667
17070,1.6292957565553754
17071,0.6342515116934397
17072,1.0491804632583488
17073,0.3117318853083842
17074,0.24050697910570568
17075,0.41776473081996013
17076,1.841161950336637
17077,0.9971405202955342
17078,0.7617834954210807
17079,1.0230001221461082
17080,1.0032682853994745
17081,0.7941912775565669
17082,0.38612463392022434
17083,1.3288615165826487
17084,0.8079042716944012
17085,0.49924722477286465
17086,1.7525591721071219
17087,0.3843835664589114
17088,0.018767262025940368
17089,-0.4417293456964934
17090,0.9099262007568174
17091,1.8403710484923832
17092,1.8253210346438873
17093,1.4468037464463732
17094,0.3783449471058134
17095,0.6310342203107687
17096,1.185891553624539
17097,0.6716484850815501
17098,2.2749187052024498
17099,1.5567081925269934
17100,0.3498315571350873
17101,0.21358316092996033
17102,-0.04921194850682303
17103,2.1814003483501043
17104,1.4007041993624463
17105,1.0530953458390095
17106,0.2422144604557594
17107,0.958258103502712
17108,0.441009547435824
17109,2.2599632746172493
17110,1.1169047614522745
17111,1.283854984849135
17112,0.7422513020865633
17113,2.0395695261696805
17114,1.1691532029448155
17115,1.544491146241432
17116,0.6378710992720533
17117,-0.2132806670333689
17118,1.2364969841652622
17119,0.1159742787200724
17120,0.7433837414013378
17121,1.892724058972353
17122,1.2594821741286157
17123,0.4000954157964757
17124,1.734605885424898
17125,0.5485214941650796
17126,1.3836274161635578
17127,1.1273622160961392
17128,0.9130258162306163
17129,1.1386889795915534
17130,1.779701933553672
17131,-0.11661061229679026
17132,0.5384876342306567
17133,0.43132131951458696
17134,0.4389637795248779
17135,1.7844397899627833
17136,0.4661959928783888
17137,0.35293638984433784
17138,0.4524144304403277
17139,1.3814865761704511
17140,0.967082320114126
17141,0.43511915556391767
17142,2.2989415757799536
17143,0.9320182555513572
17144,-0.05547172473165288
17145,1.3234067185473128
17146,-0.09987721694109747
17147,1.74996380191214
17148,0.08954051079771888
17149,0.18971023244617208
17150,0.35108408928836676
17151,0.8201788437314238
17152,0.2490398581327116
17153,1.5542774219197137
17154,1.1848615227891774
17155,-0.40894071563067447
17156,0.8429182851310223
17157,1.6181482112573071
17158,0.9097590571576868
17159,2.232243516959116
17160,1.3112878373288424
17161,0.3543779014558529
17162,1.1174826869690628
17163,0.7756845718087471
17164,2.036407639244084
17165,1.4699184390799083
17166,1.6956371202848426
17167,0.9287766452583914
17168,1.112907671723403
17169,0.5425659368473722
17170,0.7755475445319648
17171,0.714794299834091
17172,0.45209278456949453
17173,1.1786809143697463
17174,0.2439684824677435
17175,0.26230652869363613
17176,1.1595531587339298
17177,0.8671080608602043
17178,0.5770222836205907
17179,0.6309276536665647
17180,0.16039640717908757
17181,0.683347038329289
17182,0.4840380778622432
17183,0.5982190145057558
17184,1.9896737848693828
17185,0.9475319604533544
17186,0.8337969872015645
17187,1.41857136946677
17188,1.6067934674598139
17189,1.3124634027280486
17190,0.8629324965499315
17191,0.768856932377985
17192,1.6936772534894644
17193,0.030630660164325196
17194,-0.056224339685033126
17195,0.2728996016884526
17196,-0.05013282349442409
17197,0.8380164821847909
17198,0.6720965918971104
17199,1.0956753958877017
17200,2.5442146177442586
17201,1.438274506048121
17202,0.39850943250201654
17203,0.9481608799012425
17204,0.8121353085856361
17205,1.241970708210336
17206,0.6995166486672553
17207,0.5933688689621333
17208,1.9924471876023688
17209,1.7967324676024319
17210,1.7845377922149153
17211,1.2292487745111964
17212,1.3503838273776037
17213,0.2698739416006293
17214,2.028762239530054
17215,0.8320385279735056
17216,0.938689300485716
17217,-0.42782723457562166
17218,1.7184290321886708
17219,-0.00324611158316368
17220,0.141746015816514
17221,1.6125265931055375
17222,1.808646210415586
17223,1.7268130148231395
17224,0.6991312049262096
17225,0.35646577827147885
17226,1.2255175659753086
17227,0.17249719689267745
17228,0.8089280952084408
17229,2.002976111335189
17230,1.5469642049980594
17231,2.1052612642399877
17232,0.09480054389492017
17233,1.4597494258348962
17234,0.1249506663552032
17235,-0.02228008383674225
17236,1.5621004587710574
17237,1.5634344171667514
17238,0.7494457940851897
17239,1.5071703989130842
17240,1.0112021489779868
17241,1.7490233360943923
17242,0.00017904629052359344
17243,1.3859140962696113
17244,1.413513301543885
17245,1.8977100849322779
17246,0.28389987290182545
17247,-0.17361138946090435
17248,2.144834415456416
17249,1.818558139673033
17250,1.4400524079977992
17251,1.7044141236088988
17252,0.096670596998432
17253,1.9150342268160352
17254,1.4426951668894883
17255,1.74444456453617
17256,0.12066887454300133
17257,1.2296303627370035
17258,0.33907512164393416
17259,2.128763458415085
17260,1.3311987231761497
17261,0.3993026263766782
17262,1.378738237403054
17263,0.14698906685489066
17264,0.7337495409406842
17265,1.0741845316077967
17266,0.44916591220151353
17267,0.65031564146385
17268,0.2240659990539176
17269,-0.2814065921095155
17270,0.489284738663714
17271,0.8599688734744694
17272,2.087262315616689
17273,1.9675855501586192
17274,1.095230556984117
17275,1.1129087016357568
17276,0.3101995065101526
17277,0.7832498860232118
17278,0.2216790769521172
17279,0.8975262198524818
17280,1.358136448869344
17281,1.4550337051253668
17282,1.2399485541848163
17283,0.33243827921884217
17284,1.7142208899057096
17285,0.5863622772840797
17286,1.4639740932130558
17287,0.7383065975097
17288,-0.18110240045346562
17289,0.42539306768118057
17290,1.962962901347309
17291,2.0470072468116243
17292,0.2717504870811879
17293,0.72923105697584
17294,0.878221470022123
17295,1.3039173660322871
17296,0.7062925136302987
17297,1.857149593537523
17298,1.2233771661329627
17299,0.08614117730861609
17300,0.7872184604528817
17301,0.08500811921581529
17302,1.7019878225298846
17303,0.5328056683205977
17304,1.9654846476158616
17305,2.1623142857714246
17306,1.5270775121074915
17307,0.433734526763221
17308,0.5502878802019762
17309,0.25341800735428677
17310,0.5426223268921784
17311,1.1342147782763392
17312,0.8164059323997774
17313,1.3076873117230075
17314,0.7321937655735432
17315,0.4463618602627747
17316,0.9989635417344243
17317,0.21677993680634497
17318,0.496201956598819
17319,1.0639807631578915
17320,0.873923522771379
17321,0.3134629152189123
17322,1.4136974747648954
17323,0.07273533943750801
17324,0.294303467166249
17325,0.8876454042622814
17326,0.5566827548178479
17327,1.072549038268733
17328,-0.11702754277658778
17329,0.8518488623058207
17330,0.7497058884960996
17331,0.8138404615954893
17332,-0.15676255019950006
17333,1.1073753176825418
17334,1.6634256316298577
17335,0.5516469985132764
17336,0.5963114185631516
17337,0.4336501314622935
17338,0.5616983087021543
17339,0.9736227165177933
17340,2.2484798712364262
17341,0.37011959643051107
17342,0.5631561226376054
17343,1.21051125008003
17344,1.1195899926218749
17345,1.2714048503115158
17346,1.4372754750673955
17347,1.02969250236476
17348,1.70982054622653
17349,-0.19124744517230913
17350,1.2088556243884692
17351,1.2007626570482175
17352,1.045683860005595
17353,0.2777987870859014
17354,0.901915808919994
17355,1.0780510056390815
17356,1.0716775366837314
17357,0.5229492398542257
17358,-0.3674657586994938
17359,0.09030159287854585
17360,0.5970970702905232
17361,0.34503378743828983
17362,1.269201980332262
17363,1.4677006482418764
17364,0.026141220378465765
17365,1.5407020670456615
17366,0.28231053287455904
17367,0.7659156500041288
17368,0.6959649715315446
17369,1.6295698575397686
17370,1.5345818226598928
17371,0.9415820736459567
17372,0.07117679273890187
17373,0.16451820746034423
17374,1.668293138715366
17375,1.2104535456237817
17376,0.6203923611097172
17377,1.6784657070115905
17378,0.06198510564768514
17379,-0.10563892455856633
17380,0.13219075675758762
17381,0.528960076010622
17382,0.25053732513572496
17383,-0.08919967803540296
17384,0.18081010965826178
17385,0.33605856345616236
17386,0.3103589446710606
17387,0.4451719541242328
17388,1.8633063169962925
17389,1.1756838730036474
17390,1.3316619659449147
17391,0.19218065340912424
17392,0.9348881189152369
17393,1.0502450432602282
17394,2.538456809724637
17395,0.005139284939477115
17396,0.3300499250428476
17397,0.9676203667581915
17398,2.1200709283326042
17399,0.8422445960172544
17400,1.7542503488303856
17401,0.13703310654581913
17402,0.6067063017014418
17403,0.333095171250849
17404,1.4607190181730458
17405,0.6775295787784907
17406,0.9574172738373082
17407,0.4399928987358366
17408,0.6966143768117952
17409,0.02223049910944784
17410,0.5453089807952893
17411,1.6585621165651614
17412,1.8967274729107326
17413,1.1480101451168505
17414,1.4230799919008066
17415,1.7249553336125312
17416,0.36464766416216443
17417,0.47148149191949806
17418,1.4448425772005886
17419,0.7113803956581041
17420,0.35148096150684394
17421,-0.18600499996693898
17422,1.1151746500889481
17423,-0.06556029488782561
17424,1.0147661683602107
17425,0.7808594970680112
17426,1.5874604951984024
17427,0.23519317873097031
17428,1.4270914150308056
17429,2.2267452832434382
17430,1.3001606724403547
17431,0.6645762736016133
17432,0.9911032025231256
17433,0.7341753313259091
17434,1.5328686770357418
17435,0.2837967649342631
17436,0.4536016227617513
17437,1.048384461698354
17438,1.5352050661238104
17439,-0.5257086106480364
17440,0.7823413404202956
17441,0.8013656050041009
17442,1.4567221254691916
17443,0.720960667461751
17444,1.2259615091845473
17445,2.0144851795328393
17446,0.37793644365257173
17447,0.8820634094194447
17448,0.6291923371442822
17449,0.1047262269096248
17450,1.2167992090707607
17451,1.428922230031733
17452,0.3744705821335719
17453,0.5373239148223388
17454,1.7999639451099834
17455,0.9611569154100235
17456,0.7398105581477596
17457,-0.025156144465522973
17458,2.3647883471773556
17459,1.4830654670100476
17460,0.42523697212064127
17461,1.8235864254202117
17462,1.0083175612759276
17463,0.602520331181648
17464,0.33528932757226637
17465,0.49858558799005104
17466,0.056937159915618485
17467,0.32318078805527184
17468,1.4887626442477946
17469,2.0428189850516416
17470,2.1403427261932437
17471,2.161215260176716
17472,-0.09122959661824698
17473,1.9720662326216627
17474,0.188217978754568
17475,2.1494638456206916
17476,1.2016541166675234
17477,1.9791259219718809
17478,1.326229059866274
17479,1.7160820797609622
17480,1.2739354204948807
17481,1.395668760594788
17482,1.0988977027412576
17483,1.9048316482678844
17484,1.7728792941169604
17485,0.6098439557696649
17486,-0.086002073308972
17487,-0.07142754658422457
17488,0.8176024234096537
17489,1.8524560581300518
17490,0.4011444935443571
17491,0.5747859820628807
17492,0.2711474330374505
17493,-0.18446895248185552
17494,1.1216917445907801
17495,1.4328487133144308
17496,0.8122025964344467
17497,0.2150762361907977
17498,0.8022392718265229
17499,0.16789531742733826
17500,1.4846441919690156
17501,0.9828946007139328
17502,0.7290711016472078
17503,0.31672703493633625
17504,0.929337119912565
17505,0.05337289406567969
17506,0.857271210479602
17507,0.6731755990788046
17508,0.8915380236858084
17509,0.42081867622415703
17510,0.10809077592058561
17511,1.1848313771735746
17512,0.9425579262631057
17513,1.748715438157675
17514,1.3061807032367434
17515,1.137842701939465
17516,0.24802385072228939
17517,2.065758597253398
17518,-0.3734182537132977
17519,1.5312285840097697
17520,-0.09034635897255369
17521,0.7908041052184792
17522,-0.2178960363325496
17523,0.8166190496780161
17524,2.9341201609081438
17525,0.189402042864574
17526,0.6077231280497352
17527,0.2911711229499633
17528,-0.5680745138333403
17529,1.597955081514452
17530,1.9513549088014575
17531,2.094583200717703
17532,1.217893179336996
17533,0.09651385792593009
17534,-0.38809768464863353
17535,1.3587481663903316
17536,1.0495676383280692
17537,1.2599981596400296
17538,2.6738433901598073
17539,1.482142994386758
17540,0.0694886777597328
17541,2.6559575499380226
17542,1.2061513471416407
17543,-0.10898538420909559
17544,0.29672225191079554
17545,1.158357375493078
17546,1.2026954821365905
17547,1.462035770927913
17548,1.4306827979009427
17549,1.175929079158141
17550,0.23167662227154356
17551,0.05250232564834295
17552,0.38913609959040707
17553,-0.34709468297277046
17554,1.413759045719467
17555,0.418173120904468
17556,1.837866797565674
17557,0.5214197742289789
17558,0.4553844470385618
17559,1.0722313603249194
17560,0.17765662460336049
17561,1.2132303843382843
17562,0.9206326903309249
17563,1.0302557410345052
17564,1.3705568641334263
17565,1.3752444633605863
17566,-0.10272757059036319
17567,1.0491135733658274
17568,0.4065473549047259
17569,1.1066087471604649
17570,1.7086854731274081
17571,0.5502565108787677
17572,1.1787663854602202
17573,0.6755130937934309
17574,0.7170865813341649
17575,2.1464048129906947
17576,1.2900690640814847
17577,1.0794187102877808
17578,1.9621875976506442
17579,0.24432264668670506
17580,0.635649193116722
17581,1.4559061872798196
17582,-0.14537623577309897
17583,1.146123264588161
17584,1.2366875138569027
17585,0.30936216949996753
17586,0.5259519612507019
17587,1.618057930329841
17588,1.7940582047931504
17589,0.004027049563878879
17590,0.424515896490069
17591,1.112638949342924
17592,0.5419279542142152
17593,1.7474708422078
17594,1.1460579847435306
17595,1.344847350639128
17596,0.8394672060269945
17597,1.01435474106576
17598,0.930700452086015
17599,0.6406998250413327
17600,0.25964879964924287
17601,1.6335873057128445
17602,0.18281333917360393
17603,0.48468631987742017
17604,-0.061815790239773766
17605,2.4815987731182383
17606,-0.07036585292972095
17607,1.585954653008093
17608,0.7441882276340146
17609,1.8604330444261272
17610,1.243527198751563
17611,0.9589518107439964
17612,1.162157675383315
17613,1.2408423675736426
17614,0.974927618046467
17615,1.5698878919765575
17616,0.48682730356814247
17617,1.3711724965596868
17618,0.839326612203839
17619,1.184728425121011
17620,0.7853484462852119
17621,1.1306783899579322
17622,2.199540788688504
17623,0.901480083805746
17624,1.28016510281373
17625,-0.16336524572337657
17626,0.9471381982078056
17627,-0.0723484735087696
17628,1.1981664107394536
17629,0.6488172595686894
17630,0.40670455992781285
17631,1.1250466483436696
17632,0.7515077661448688
17633,1.391591961273786
17634,1.4012094283047363
17635,0.841559284317306
17636,1.4221219592425975
17637,0.1748631635062241
17638,0.5891470101109002
17639,0.2787084281589412
17640,1.421233994603381
17641,1.263625890917627
17642,0.9816705908653198
17643,1.8784458611727886
17644,0.9816689730484356
17645,0.5063780450752933
17646,1.4493081769304121
17647,0.6997253751123104
17648,0.9259043189808092
17649,0.18812039324256505
17650,1.4963307890905404
17651,1.0314480615643284
17652,0.0943242137543582
17653,0.8774227978533737
17654,0.5816560693837773
17655,0.6622945148101962
17656,0.24749091133338458
17657,0.9635004576144484
17658,1.0841381471277343
17659,2.2372919477145095
17660,1.9997719841952852
17661,0.7621814996635681
17662,0.5964981756789194
17663,1.199844009110789
17664,0.8068114162006843
17665,1.5231425035918795
17666,1.2861160081868033
17667,1.8897883658822152
17668,0.5575722947806058
17669,1.6704839771236584
17670,0.921597637780572
17671,1.9558206984228725
17672,2.1238402277896546
17673,0.6331413146844211
17674,0.10423588331350828
17675,1.1600509779081885
17676,0.5061973474655258
17677,0.014104201620675633
17678,0.7571233739154642
17679,1.4214622837822395
17680,-0.1649569797025359
17681,2.3944880225229603
17682,0.8305719756593297
17683,1.3544114330049992
17684,0.055426399583414956
17685,1.2967051497651298
17686,1.1707518253209246
17687,1.705733324041538
17688,0.9483442926411118
17689,0.7850659129188199
17690,1.4153286978023139
17691,1.7660664881913286
17692,1.805271157992676
17693,1.5657650826701732
17694,1.1717891069046995
17695,1.4733921025453725
17696,2.322206008194447
17697,0.5511249090003673
17698,2.0041312273310625
17699,0.8090665174853837
17700,0.9513707838727469
17701,1.7415399887268195
17702,-0.06510865473722655
17703,0.9724036822888806
17704,1.6264112876444776
17705,0.7728544750155097
17706,0.01800922700909799
17707,1.2402956345839162
17708,1.009467678884825
17709,1.2084770137972338
17710,0.2735015579722829
17711,1.5659520494365102
17712,1.3263286381871058
17713,1.2037533250640684
17714,0.6060036270281164
17715,1.8220898232277634
17716,0.1872035940146228
17717,0.45369279694120423
17718,1.0213140743912517
17719,0.9074226770152478
17720,0.10499522916660704
17721,0.7950882080297734
17722,0.11549821647186231
17723,1.8650793801532886
17724,0.20133922208292065
17725,1.4464012921277085
17726,0.3538594826246323
17727,0.33863075011991406
17728,0.31586251510942304
17729,0.4403423214155434
17730,1.1701674109204994
17731,1.4744602022356428
17732,0.30552372580229975
17733,-0.052883312336786475
17734,1.4047342830098994
17735,1.9124863330971784
17736,0.816512355591852
17737,1.3341429921533536
17738,0.3787890918830713
17739,1.9036883508887799
17740,1.2461795528642619
17741,0.0002752170888432881
17742,2.086552604395801
17743,1.1887211608891892
17744,1.0361259848855946
17745,0.7467285742025568
17746,0.734582792652763
17747,0.41633946942212097
17748,1.4068294523992861
17749,1.7736985748090175
17750,0.26745060116892544
17751,1.6770794718063216
17752,0.3057441859911617
17753,0.38601290435492347
17754,0.21282048117506744
17755,1.3940857712273964
17756,-0.2818387546084232
17757,0.10995449513848624
17758,0.5912132878109738
17759,0.6233995061741421
17760,1.3649505031936142
17761,0.6948320207781238
17762,1.1607466289757942
17763,0.9583308337865631
17764,2.4685624214821082
17765,1.868454708332992
17766,1.4912393033073266
17767,0.5060808374306729
17768,0.854563388385865
17769,1.6151632760253274
17770,0.49578763651501123
17771,1.7108392284380443
17772,1.9790290637923056
17773,0.02883089822546983
17774,1.1250096298760726
17775,2.5445176732846155
17776,1.6629500293755242
17777,1.4932529049586885
17778,2.10944172248276
17779,0.8863532756785455
17780,0.3189725123393395
17781,1.1472721324063841
17782,0.22381027094242345
17783,0.5332993614593015
17784,-0.08329748162893305
17785,0.31858232383544227
17786,1.7919644880257182
17787,1.6194457739945403
17788,2.0700371361795855
17789,0.7386725320184604
17790,0.8061746098766805
17791,0.2538192104590309
17792,1.413219532369018
17793,0.1843097407018449
17794,0.8652103026854248
17795,0.4002710883677731
17796,1.196317016639931
17797,1.6073695742074678
17798,-0.08654191374463616
17799,1.3336576193910534
17800,0.3249003704189873
17801,1.1411750748049319
17802,2.0557867670134664
17803,1.3046932391784216
17804,1.8819846505935993
17805,0.8890764573599165
17806,1.1743557559790239
17807,1.9237654130721635
17808,1.1161729990271791
17809,0.21641988326857825
17810,1.1361771588755438
17811,0.357443334715492
17812,-0.09343845165186335
17813,2.099704442500188
17814,2.1757230914661263
17815,0.524911527007329
17816,1.3809383930285004
17817,0.6138908035592556
17818,1.6240044219175005
17819,1.512378890311551
17820,1.0150999155281897
17821,0.27085758176111796
17822,0.1481649367864307
17823,0.17638344847575851
17824,1.234712324545402
17825,2.0336953346507025
17826,0.7640608270741083
17827,2.579358685509189
17828,1.3862094735800128
17829,0.3434404356971499
17830,1.2046441860536206
17831,1.2040356245461947
17832,-0.06287923578107041
17833,0.3384275013158139
17834,0.8330693324958085
17835,-0.1348991281854241
17836,-0.04401033194114379
17837,1.6048831837163573
17838,1.3416282563993311
17839,1.4466940314710859
17840,0.7673406274012876
17841,1.848973790161003
17842,-0.007988867475861527
17843,1.7520295264126011
17844,1.1262519241606073
17845,0.668787829045296
17846,0.32706563289333823
17847,1.3817062881537425
17848,1.5720812161896978
17849,0.9498704990235618
17850,1.770392733088073
17851,0.727831843829557
17852,0.9988927423034369
17853,1.2114720092336286
17854,0.3115758595678372
17855,1.180671851957605
17856,2.225718231663434
17857,1.1640435113160605
17858,0.2900418607934908
17859,1.884482046069468
17860,0.572489688561419
17861,-0.14782269390263664
17862,0.5574484294622589
17863,1.1763031798425292
17864,0.235761300342832
17865,1.4153988641347492
17866,1.227448864534446
17867,1.4693529011118573
17868,0.058061667973557364
17869,0.8784583104363375
17870,0.3733125155684259
17871,0.6418012580689462
17872,0.3388138328459914
17873,1.460358590487463
17874,1.3303531336585046
17875,0.03663985556193416
17876,1.2755545712687169
17877,1.3194911165656298
17878,1.8408894182381408
17879,0.5996804847393541
17880,1.4411245282129024
17881,1.30413551170581
17882,1.773205270886604
17883,1.8445312756686736
17884,0.7346101544860132
17885,0.7511274784970031
17886,1.233373020928002
17887,1.2298421059939886
17888,1.1078945145912287
17889,0.6372744235276758
17890,0.6932058290478074
17891,0.9953813889652049
17892,0.20829141326722336
17893,1.7779660424198496
17894,0.5495541439363748
17895,-0.038673559507357264
17896,1.4466913766516623
17897,1.4638875627349681
17898,1.6730321699783133
17899,0.21375901461106842
17900,0.7830212165340669
17901,0.5523031998066429
17902,0.5802088540719943
17903,0.5842165479805094
17904,0.08967685961224887
17905,1.455809009933581
17906,0.10345073200451664
17907,1.6741715272588074
17908,1.4043218701945497
17909,0.09645948882505817
17910,2.0174750908753323
17911,1.3296919936496927
17912,0.12348361428774457
17913,1.6315257264865113
17914,0.7100972012005557
17915,0.79832384408174
17916,0.2608061816701285
17917,0.6254519533143409
17918,1.4979181310617702
17919,-0.35246176191443535
17920,0.800699252083576
17921,1.8295508992937144
17922,2.1041438471015135
17923,-0.18886920438196447
17924,0.3885902089560451
17925,-0.04895261392868064
17926,-0.11690724143859776
17927,0.1858834324476112
17928,1.1458385583430317
17929,0.168641009899145
17930,0.03318434787790392
17931,1.36752499490842
17932,1.8850152218733895
17933,0.03901121039940552
17934,0.22489478021745224
17935,0.7854227757041677
17936,1.4288180516530455
17937,1.281367766550573
17938,0.24689177552468705
17939,1.12800813783826
17940,0.5091297585738352
17941,-0.014336544495437115
17942,1.604126146046432
17943,0.5562778623265578
17944,1.9615084849151196
17945,0.3237686033473861
17946,0.7716171283492337
17947,0.8685153949662933
17948,0.13700514487276735
17949,1.4892587803631603
17950,1.0733381429836992
17951,1.6232331170780123
17952,1.9015761158043583
17953,0.3254754566013753
17954,0.2765131605852871
17955,0.4906938724957447
17956,-0.21345413148204673
17957,1.5748982742928777
17958,0.16059732037982632
17959,1.1634627787419956
17960,1.7439575853048332
17961,-0.10771792756035825
17962,1.3492463544832733
17963,2.3238342705745696
17964,0.05680570307367456
17965,1.262678246194722
17966,0.6835162414189835
17967,1.7029264015033385
17968,1.6641550577653978
17969,1.839639263743015
17970,1.693487805073385
17971,0.6232640397881253
17972,0.7902432756163085
17973,1.1417231384082993
17974,0.1713947721532576
17975,1.775624965559461
17976,1.1281080271312427
17977,0.972937603728117
17978,1.9171394667044683
17979,1.1171771842750997
17980,0.07658073307817088
17981,0.31317807067690095
17982,0.34427774288750634
17983,0.7507305625096167
17984,0.9253617766907333
17985,1.0029063455693277
17986,0.51280842428254
17987,0.8450118423190454
17988,1.6966894618879338
17989,1.173464263603448
17990,1.084821409017881
17991,2.434257831124212
17992,0.14714731931660113
17993,1.306982312836741
17994,0.6033330259119807
17995,1.3828501531311765
17996,1.251556263644041
17997,2.3999690587643028
17998,1.3246539319326232
17999,1.5826337011858964
18000,1.23722225958541
18001,0.015211041925498471
18002,2.3130146193909606
18003,0.1183855327546596
18004,1.839952093889862
18005,0.4650640371687391
18006,1.488107119718163
18007,0.626824289641469
18008,1.6812217191091743
18009,0.3888496479161295
18010,1.7609450654533956
18011,0.8193664852700522
18012,-0.09475764859405889
18013,1.1721265953742375
18014,1.1346257232716133
18015,1.7104526784414948
18016,1.871980851170046
18017,1.722642266044251
18018,0.7222168387286096
18019,0.3551430085892642
18020,1.2800774450427945
18021,1.1296453044288974
18022,0.9695008160383228
18023,0.47264815628895007
18024,0.12677627246072584
18025,1.251650547639202
18026,0.23509995136249673
18027,0.928418943956239
18028,2.757507659611393
18029,1.075303077848379
18030,1.4695775746908306
18031,1.075204785707305
18032,1.6219755635824278
18033,0.8485825240268258
18034,2.06386025794867
18035,0.344059064724172
18036,2.871048891459094
18037,1.190842953769029
18038,1.6689548727292838
18039,0.9452798327934759
18040,1.2873979442737151
18041,0.8816253470484963
18042,2.606564622309046
18043,0.9109064273797708
18044,-0.14841542835390129
18045,0.7536289587996718
18046,0.3219491669511205
18047,0.17803822678251846
18048,0.8134652986345746
18049,0.40367418063174926
18050,0.8472046708456762
18051,0.7927350032740644
18052,1.8144003667027977
18053,0.30394199751326345
18054,1.030421181363895
18055,1.3856953251313624
18056,1.4326251607492786
18057,1.7737651508033432
18058,1.7403641562304772
18059,1.5872164332822818
18060,0.02532502567331746
18061,0.5032992815897968
18062,0.5460854346103599
18063,1.752508907914024
18064,1.885680269777746
18065,2.042351678094575
18066,1.594897518998873
18067,0.8580314133911741
18068,1.1416313798929822
18069,-0.004695711147890802
18070,1.4162438028753868
18071,1.7084764164756245
18072,-0.22828137991661396
18073,0.8144046120727082
18074,0.46002961887211563
18075,2.6850795476851292
18076,0.2542898993031524
18077,0.503840479112334
18078,0.2474637435565753
18079,-0.02518471469769401
18080,0.6594753664178932
18081,0.2599054636559982
18082,1.0270447193367442
18083,1.869589070756608
18084,0.41378632150422157
18085,0.04049844705849527
18086,-0.2269220522205475
18087,0.23083513745908738
18088,0.3234355740868714
18089,0.9936416007179024
18090,1.795756802259886
18091,1.3359774998862917
18092,0.5148852285976551
18093,-0.27055540863832406
18094,1.9969777843462746
18095,1.7871265836444834
18096,1.0121790458163122
18097,0.27826197252137025
18098,1.22967715487985
18099,1.0562832371162
18100,1.5114888135073739
18101,1.9640001749688663
18102,0.37063607856544123
18103,0.7565444695278528
18104,1.3342512592282094
18105,1.1348565070517183
18106,0.735422874989534
18107,0.12600608928546253
18108,0.15910847667063824
18109,0.8598281663651108
18110,0.34322309613120433
18111,0.85356428590988
18112,0.7443019338303937
18113,2.1718282349417404
18114,0.24957578946416473
18115,1.4323740584555849
18116,1.0970401948927178
18117,0.07161851093905952
18118,0.9579679837216429
18119,1.1345089586266395
18120,1.5985740783848983
18121,0.033090307542994635
18122,0.8976546094695712
18123,1.8465175207748428
18124,0.8921142952035405
18125,0.5601246359395462
18126,0.8001495099687372
18127,1.0772968526705473
18128,0.16381855197231593
18129,1.4394523212801882
18130,2.1112135306113586
18131,1.2993147719720988
18132,0.2886618535458619
18133,1.6745004051237078
18134,1.493859286097328
18135,0.37122857771988627
18136,1.505190893916086
18137,0.6861933285157167
18138,1.885477732609113
18139,1.7652006341203208
18140,0.49796537536472135
18141,0.5742798484300831
18142,0.07603017415930208
18143,0.6793396608756244
18144,1.2614534033312466
18145,1.0136779367482234
18146,0.17369049184594504
18147,0.7861273680971733
18148,0.9553909216851795
18149,2.173669182107158
18150,0.8762007661878093
18151,0.5374687842872659
18152,-0.17814919013713967
18153,0.33317935424022505
18154,1.5525576026864996
18155,0.9801895375984149
18156,1.0943537073213474
18157,1.2654043543967228
18158,1.157155995499353
18159,-0.1515005259919277
18160,1.7560272148540526
18161,1.5884829891234435
18162,1.5837125843910327
18163,1.253450715153915
18164,1.4888834470650512
18165,0.8328631301363381
18166,0.6624191921051423
18167,1.5127470776248855
18168,0.1918834017075704
18169,-1.0209994103942146
18170,0.7938423694359102
18171,1.6026461485783492
18172,0.5892348872470636
18173,1.4407129310937525
18174,1.5183588607073304
18175,0.015090108466725566
18176,2.2141964663917846
18177,0.7429332357043725
18178,2.254752480752992
18179,0.3737743415176005
18180,1.8501826868445428
18181,0.17224670532631725
18182,1.0459432581656154
18183,1.1305725576632317
18184,1.6134198960271215
18185,1.1039925533934567
18186,0.9922220644038934
18187,1.605371325135106
18188,1.4356815722449394
18189,0.2856925107294716
18190,0.1220436679184472
18191,1.8668800026680232
18192,0.034233708810920485
18193,1.7281253993416053
18194,0.5173309345303668
18195,1.6624440241838523
18196,1.897182095165341
18197,0.1496224444334183
18198,1.5365374722482343
18199,1.2747792275239287
18200,0.8697800260839035
18201,1.1451607842187495
18202,0.6375457328733833
18203,2.0459095079600425
18204,1.233671034673802
18205,0.21825567106300817
18206,0.5127394844525032
18207,1.4256466930147327
18208,-0.0645404156420972
18209,2.42649993526879
18210,0.6118914226445752
18211,1.2604802171196814
18212,1.3157602656482832
18213,0.7968880917011703
18214,0.701967957079763
18215,1.98282236239733
18216,0.8611075197171312
18217,0.745256232767416
18218,0.44170867453871554
18219,0.9849346877461586
18220,0.9850090233780997
18221,1.2676457653667041
18222,1.8367160473062811
18223,0.2616973151717829
18224,1.5934516050657692
18225,-0.08375378958786617
18226,1.5603313305618027
18227,1.1780436728156816
18228,0.539505758128417
18229,1.192422853766073
18230,0.6730501167064489
18231,1.396138391554889
18232,0.8435260686182071
18233,-0.04836611517954609
18234,0.2797630065353639
18235,1.101885698897977
18236,0.6618510398158672
18237,0.0135896163543468
18238,-0.03321677286930608
18239,1.527717876186501
18240,0.16649418199007698
18241,0.9382310605204245
18242,0.8689457556653386
18243,0.0004250499628855181
18244,0.58653945135102
18245,0.24261186742736865
18246,0.9507845286946227
18247,0.8274159008464729
18248,0.5176708144821252
18249,0.35484062718871767
18250,1.9223369485269617
18251,1.6036792669801265
18252,1.060954723733244
18253,0.06042099066908232
18254,1.921133385058909
18255,2.0444638365988155
18256,-0.41262485361110623
18257,0.6768083849138191
18258,0.40024305483807965
18259,1.4072914056636834
18260,0.21577629163618273
18261,1.6416317962061664
18262,1.7512489723654938
18263,-0.31601356435605915
18264,0.9717519643585097
18265,1.0615828839652866
18266,1.6902400266524116
18267,0.7368451538592313
18268,0.6665776495861206
18269,0.839745181249449
18270,1.2721341777672606
18271,1.5854609707750615
18272,0.6057427843783386
18273,1.611247131003978
18274,0.6738594971196672
18275,1.5399391948214243
18276,0.7425464922993654
18277,2.0089552963690744
18278,1.5684804276508402
18279,1.3534521401113677
18280,1.7975677617739316
18281,0.7267053489077187
18282,0.19913590373072657
18283,0.7463023593355076
18284,0.5686322878712984
18285,2.243240123865159
18286,0.5480756324604704
18287,0.3413801745617637
18288,1.6548843739988501
18289,2.1650181954692744
18290,0.09230779540122448
18291,0.1027344610655847
18292,0.6751002112910571
18293,1.851109171847115
18294,0.36314186801553167
18295,1.5463827672744508
18296,0.5182707159553233
18297,0.5641709324833002
18298,0.4635200396058362
18299,1.494174400267044
18300,1.5504523714948877
18301,0.3561975035956485
18302,1.830166762107957
18303,1.1426903994539162
18304,0.8238891208347758
18305,1.3409516604488132
18306,1.218593553056792
18307,-0.14255751618508047
18308,0.8378887236707486
18309,0.20651261205401575
18310,0.04682460924790856
18311,1.903886220775673
18312,1.1617740158921033
18313,0.8722901641177523
18314,1.8412283907124443
18315,1.5084171044013979
18316,0.3885301864055658
18317,-0.015250426746478224
18318,0.12476470510920089
18319,2.0683145059733095
18320,1.2611891732705136
18321,0.6699993509369175
18322,-0.10330463160159167
18323,0.22528231840263152
18324,1.366356494537117
18325,0.8314649395515047
18326,1.4689296718920541
18327,0.8187514947307108
18328,0.14743060290877824
18329,0.8199065937052111
18330,0.9148887821291315
18331,0.09262131189897337
18332,0.7593382721903277
18333,1.3025665438261411
18334,0.20562289577654272
18335,1.6934962350922471
18336,0.9647824963983416
18337,1.1089975012338673
18338,1.6887922301359515
18339,1.7698944517594624
18340,1.5353140706707094
18341,1.9027455104201116
18342,-0.004190284325982244
18343,0.7798595908098662
18344,0.7484634663582885
18345,1.2046819082683942
18346,1.8263422931952762
18347,2.3032761029101927
18348,-0.13743196131505817
18349,0.29393892332191657
18350,1.532751502778074
18351,1.5868632989626126
18352,0.9951564239963367
18353,0.010773942025585515
18354,0.5411214749613042
18355,0.6927532392711532
18356,1.1266204231946901
18357,1.5843670396410208
18358,1.042638588793571
18359,2.1715647808414715
18360,0.10838819314884887
18361,0.13210748241016537
18362,0.5952349676541753
18363,1.442992704398494
18364,0.5695776752850195
18365,0.8136775732415321
18366,0.3153409872451873
18367,1.8388853494589414
18368,0.5581684940907993
18369,0.8359216602365062
18370,-0.5388164102793545
18371,2.220146774362165
18372,1.6331101395264804
18373,0.9215543895052157
18374,0.1334611936285629
18375,1.7345942027231254
18376,1.7862160047314575
18377,1.8109340424997824
18378,1.157653923008585
18379,0.43271466776629913
18380,1.9828316939641155
18381,1.94921201338692
18382,0.6368953977635704
18383,1.2615152506052822
18384,0.015167776752064474
18385,0.45840952375286903
18386,1.3710628439600006
18387,1.730331955682479
18388,1.1389324317206662
18389,1.7711617023550323
18390,0.15617130258989392
18391,1.3177860424192072
18392,0.990496021969436
18393,0.13278522362159076
18394,0.09288709955335088
18395,1.4394319799771513
18396,1.3815711243594893
18397,1.7837865502461319
18398,0.6374949269279222
18399,0.5456742130833196
18400,0.12009800726422079
18401,1.171519342844276
18402,-0.15354564316636046
18403,1.2898407133989438
18404,1.31578486094582
18405,0.2974837286740114
18406,0.9108072188269473
18407,-0.1645795974191542
18408,0.773919164728923
18409,2.177780616513476
18410,0.7672361938464105
18411,1.4866927035029867
18412,0.9605439767243742
18413,0.9125588745568718
18414,0.2865407792437221
18415,1.9167481807769473
18416,0.735632189346751
18417,0.5820722499899498
18418,2.0526955775156
18419,0.05870434721165072
18420,0.2990109836457031
18421,-0.06548679457513656
18422,0.7620032553138083
18423,1.445002954481478
18424,1.0710359754004455
18425,1.6144963329415751
18426,0.30026291535760913
18427,1.8097371227226444
18428,1.7130173278864393
18429,1.470656589381269
18430,1.4368556479861676
18431,0.22496874441893297
18432,0.1604682402244375
18433,0.18102532315481568
18434,0.3274584361494429
18435,1.5200034739246155
18436,1.2218682783821233
18437,0.9846476702466727
18438,-0.053451030562130006
18439,0.014037944591454798
18440,0.20669469063411877
18441,0.3209361986305277
18442,1.2843739813906454
18443,0.6203636959772239
18444,1.3615135759150752
18445,1.5681972572653526
18446,-0.23829616651900945
18447,1.0243862194901825
18448,0.5651235050418029
18449,-0.2085628046522473
18450,0.3381019949552603
18451,2.069394628755221
18452,1.2045908186795027
18453,0.24132416779585275
18454,0.7363189826243834
18455,1.4783532408371278
18456,0.6636204964922868
18457,1.0490110850341332
18458,1.0685713302160391
18459,0.5446657190835498
18460,1.1462716856982849
18461,0.09090307800369728
18462,1.4439073178708468
18463,2.0174260168967786
18464,0.6271809219934326
18465,0.4512495150591268
18466,0.4511407467181011
18467,1.4119138396680198
18468,1.0189750831233286
18469,1.4557180075547023
18470,1.1335095179996453
18471,0.7263167474389886
18472,2.1786013004279994
18473,0.38010267600149006
18474,2.198816931128598
18475,0.575354768992283
18476,0.5510519722727516
18477,0.2672909528485171
18478,0.08848162574966009
18479,1.8974801547283737
18480,1.388402413953933
18481,0.49408212914264693
18482,1.4328076177702322
18483,1.0892386772730023
18484,-0.15933751240423347
18485,1.5756776934467622
18486,-0.09094233118355202
18487,1.5755479932033356
18488,1.624215232653545
18489,0.25352505949182863
18490,1.0881751921995597
18491,1.227772289021898
18492,0.7890768535841954
18493,0.6216375681463155
18494,1.2574642754308614
18495,1.614927466137477
18496,0.9690469038711421
18497,1.305305793369326
18498,1.6168147451645456
18499,0.4286178550335975
18500,1.0709875828865525
18501,1.0145963511261162
18502,1.2013972098166745
18503,0.856407373079628
18504,0.5716423445792047
18505,0.24916206918333753
18506,0.8150040998738837
18507,1.3502378968811333
18508,0.0024920479138742374
18509,1.7137877206786425
18510,0.7623268725507838
18511,0.5017276239968463
18512,0.21796484522025464
18513,1.5167377669041595
18514,1.7413433152410769
18515,0.13047344638138617
18516,0.19739684796659607
18517,0.9619224521037945
18518,0.1761075039759772
18519,1.0423389250905757
18520,0.843008242065458
18521,1.2980426110224053
18522,0.21020086293563042
18523,0.4244318776361482
18524,0.07307964992453236
18525,1.2133679638944515
18526,0.46923970091570427
18527,0.8401357844732298
18528,0.9921887592786962
18529,1.5356525648672132
18530,0.34848039758837157
18531,0.6857620935273365
18532,1.3172829975810847
18533,0.1065344628406264
18534,0.7124539047945035
18535,0.678776382169586
18536,0.4440468344378712
18537,1.9920591185654106
18538,0.2526923072305205
18539,0.009188095090117518
18540,-0.18109859042565662
18541,0.9530063703028132
18542,1.108166207239069
18543,1.2471137095831955
18544,0.20159205502582472
18545,0.5058319412042981
18546,0.2434974436788528
18547,1.0828685607570514
18548,-0.055958766895460726
18549,2.0018189474450216
18550,0.7067294947259456
18551,0.8543570795446173
18552,1.1253228345740647
18553,2.0479788572353486
18554,1.3087975150496793
18555,1.8400455762809345
18556,0.8045040776801683
18557,1.6344577065305186
18558,1.554130102740784
18559,1.4439476071170128
18560,0.13140588218927007
18561,-0.17830211687251338
18562,1.873123141541706
18563,1.975371275627541
18564,1.3301733531839863
18565,2.5190564028390705
18566,1.6728706171403427
18567,-0.058163143801549605
18568,1.5247603730399952
18569,1.5350960149200858
18570,0.864001790838293
18571,0.04128290801024352
18572,0.025639729254618715
18573,1.5011138734716027
18574,1.6515741704638511
18575,1.4874107821074118
18576,0.34718300440716554
18577,1.5160801425776322
18578,1.4536585742987038
18579,0.05466918938344528
18580,0.15192008893961073
18581,0.678179431993906
18582,0.7320066237904452
18583,0.015417120975473271
18584,0.5612543680432316
18585,1.264058728992216
18586,1.8307328173047568
18587,1.4093304688020676
18588,0.807841306765256
18589,1.27189750586712
18590,2.534060799752426
18591,2.109107708055879
18592,0.5179190154161374
18593,0.03406849508653048
18594,1.5324955308452965
18595,1.429020069818245
18596,0.542849812449234
18597,1.1996970625246606
18598,0.6489363156520456
18599,0.4583054027603326
18600,-0.09911039082428921
18601,1.6830524615785643
18602,0.12181097707673544
18603,1.2301805552964185
18604,0.475062495276818
18605,0.2333998482198451
18606,0.09029444807215128
18607,0.3534861579360702
18608,0.9567960085177752
18609,-0.010568251720924723
18610,0.8448048856129925
18611,-0.08880656462459297
18612,0.022672793790559198
18613,0.08392380995392144
18614,0.4082451711130205
18615,1.9086958427015925
18616,0.5036917108860305
18617,1.757445257657002
18618,2.0402029364457204
18619,0.44676050170499904
18620,0.85910249214649
18621,0.7920138399463386
18622,0.5682500193349534
18623,1.3830233341409908
18624,1.4078319705721272
18625,0.34813545589832484
18626,1.4561284578288427
18627,1.5757006671713962
18628,0.3846947061507554
18629,-0.12031967287114007
18630,1.402861460602208
18631,1.3474550867478974
18632,1.5853590051659583
18633,1.2187702491810457
18634,1.3725220137229792
18635,-0.03908333237683881
18636,0.5218191696775154
18637,0.10214735844028504
18638,1.6915026689309764
18639,1.4981748507673198
18640,0.08702440515810808
18641,1.8410993382514897
18642,2.2266460784557642
18643,0.04562413180213408
18644,-0.029561893654271504
18645,0.271520535859368
18646,0.8172953217454941
18647,1.2347061616839181
18648,0.35748496098741656
18649,1.6590204215417352
18650,0.6968523120094938
18651,2.611524140334061
18652,1.5556009881923154
18653,1.2630155557246638
18654,0.5853322625207305
18655,2.2413295862980154
18656,0.24275207953427203
18657,0.8693594303888359
18658,0.5387207740909523
18659,1.9912638174885933
18660,1.1222724529796015
18661,0.04467072987865848
18662,0.7043501955628741
18663,1.1982076065064768
18664,1.4101756195850204
18665,0.19269718558195043
18666,1.6947287240021098
18667,-0.10236600388249911
18668,0.956507160428621
18669,0.35540725309936716
18670,1.8499302841330492
18671,1.6078718547749742
18672,2.072736483051744
18673,0.903094029327869
18674,1.2359395278118397
18675,1.3457465753604463
18676,1.613897823468604
18677,0.313531997427009
18678,0.8863120995932952
18679,-0.18951070632745395
18680,0.27209799915866273
18681,1.8127958794236103
18682,0.8114155165681005
18683,0.8200910144454248
18684,1.1970509876051891
18685,0.777638677183589
18686,0.773796051340188
18687,0.3843692078765475
18688,0.27573666769108257
18689,-0.08328611324102783
18690,1.2680082919740425
18691,0.9661197701230437
18692,1.461368298667212
18693,0.5703730375403255
18694,1.0783544614102893
18695,1.9603312006344498
18696,0.99482890371831
18697,0.532371074298458
18698,1.285790311936905
18699,0.48663807719364127
18700,1.5972556878197566
18701,0.5429973733866968
18702,1.3471163408056872
18703,2.111566077709415
18704,0.94682882212849
18705,0.9125759704689828
18706,0.13279618536953902
18707,1.5101011606666455
18708,0.2395851098604847
18709,0.8682669963944437
18710,1.4874664588136128
18711,1.5704878421684596
18712,1.254479630929834
18713,-0.07844579614368483
18714,0.8051681044289398
18715,0.3083299260000343
18716,0.8393108550580493
18717,2.193197067118801
18718,1.2669920847069849
18719,0.7669877322227588
18720,1.2226896585748073
18721,0.6115594508990474
18722,1.6689168297366077
18723,0.5811728530283824
18724,1.884858796546752
18725,0.9216750818810656
18726,1.785365640130061
18727,0.8235474049440459
18728,0.6626121996310803
18729,-0.011013669673676243
18730,1.1167296874227124
18731,1.0319215145334317
18732,1.0163050135811973
18733,1.279866362015036
18734,1.6779475620575988
18735,2.508831024924738
18736,1.9515694569588014
18737,-0.18676112937835784
18738,1.7486897649072084
18739,0.43639535776528937
18740,1.4221514769503403
18741,1.3994256480989227
18742,0.8300533484002764
18743,-0.367504402420991
18744,0.24575822760232366
18745,0.6863491457592918
18746,0.48567080324399414
18747,1.423680636241936
18748,1.1010207857445429
18749,0.9994516405859581
18750,1.8643064321093374
18751,0.4783512392224982
18752,1.7687785848586752
18753,0.3367952741258629
18754,0.12276054386355288
18755,1.1080335178043579
18756,1.2264677903816
18757,1.4406256499581958
18758,1.5915423076849045
18759,0.6404985830478619
18760,0.2964995956426456
18761,0.19890417625173248
18762,-0.04056889727394458
18763,0.6758224015879393
18764,0.6017819232056321
18765,0.5837689427249817
18766,0.20478445910235749
18767,-0.031588278721146085
18768,0.7588725886173694
18769,-0.0438758448608772
18770,1.543729218061871
18771,1.9298554111202892
18772,0.24026400880861898
18773,0.19884316643826322
18774,1.3939014635873923
18775,0.6341992524524638
18776,1.571149439744175
18777,1.1483552012608185
18778,-0.00771303031453191
18779,0.8293124243508643
18780,1.11664664433392
18781,1.1794618404006154
18782,0.6080015408996473
18783,0.6416477950308197
18784,2.321884590797606
18785,0.513325818492204
18786,2.086188427847016
18787,1.1245059370310644
18788,-0.17001566716245503
18789,1.1826945125905732
18790,0.9080990213354823
18791,1.1206777211181531
18792,0.15265372308218234
18793,-0.12546178921120985
18794,0.2035435844749836
18795,0.33638496821043856
18796,1.686422224655008
18797,2.155843799873413
18798,1.3720951354893416
18799,0.838295717857326
18800,1.7390799188843258
18801,0.9450699823687214
18802,1.7837901592848366
18803,1.4799625469529405
18804,1.3238709934984194
18805,1.575239638143502
18806,1.8213016885471969
18807,1.4205177037597223
18808,0.31437085479797644
18809,1.5346093260992795
18810,0.5773391090833828
18811,0.2107684970895466
18812,0.9583341938909162
18813,0.2703236809545419
18814,0.013151365811987836
18815,0.6924040062014758
18816,-0.09582576958301578
18817,0.26782333572690087
18818,1.3416891954788084
18819,0.4975300572194329
18820,0.34028775868526284
18821,1.1968408145735654
18822,0.4018511634875893
18823,1.7118299797139345
18824,1.3230757600335896
18825,1.2456922981666916
18826,1.4875674693933973
18827,0.4687922871261476
18828,1.4014493383457662
18829,0.481143873977319
18830,0.13090132387733844
18831,1.2209351218445053
18832,2.0432103852350507
18833,1.320988988646809
18834,0.9874059119003238
18835,0.5677905690287294
18836,1.1204547306493142
18837,1.821371163212529
18838,2.3585931692749806
18839,1.591044026893833
18840,0.6752000923682229
18841,0.9755481485930465
18842,1.856975892779406
18843,0.9306635515725905
18844,0.9232650298504734
18845,1.9145190067397033
18846,1.6365744407103162
18847,0.8613755682124786
18848,0.8361607033509805
18849,0.6568792896153872
18850,0.11104899808187665
18851,0.872368116890311
18852,1.0272503408580507
18853,0.7330202812767603
18854,1.5389617777015976
18855,2.198709354113764
18856,0.9798416964663041
18857,0.8474708144706521
18858,1.8416841395675614
18859,1.9908401545938668
18860,0.4362509502377967
18861,1.2809732553800786
18862,0.3951180016452042
18863,0.06535323746729575
18864,2.3386367943372877
18865,0.5511521730102329
18866,0.4360265605479948
18867,0.7101521114898914
18868,1.927920177236632
18869,0.8085238458718864
18870,0.42839158289305634
18871,1.0518455854275341
18872,0.9099250734444063
18873,1.3051857011692078
18874,1.1653570986020858
18875,0.8028870056633727
18876,1.172857315061269
18877,0.18293652955603978
18878,1.6193068687052161
18879,1.159743386208962
18880,1.8916834862527967
18881,1.3229399926839307
18882,0.6483848408528767
18883,-0.1202581426109505
18884,0.806383203704874
18885,0.3176682346037766
18886,0.2822735624367951
18887,1.5612551024294743
18888,0.3940918428524106
18889,1.0996733794139728
18890,1.2771067132328418
18891,0.6590537740032378
18892,0.7075495119216573
18893,1.0189582141119313
18894,0.9512830843751597
18895,0.930688514046798
18896,1.6141719505045562
18897,1.1046392526503461
18898,0.7820945606974568
18899,0.3500377069380075
18900,1.4502975139218754
18901,0.3994663861770352
18902,1.0962113317000712
18903,1.4930484095298138
18904,0.2653881544044573
18905,1.8803185319174167
18906,1.3386730871126424
18907,0.622162753236182
18908,0.41237039057947134
18909,1.6675603571535165
18910,1.2949781729031815
18911,1.6484515186923627
18912,1.9282932493514542
18913,0.8992141988865211
18914,0.043098866671580964
18915,0.10484316169514817
18916,0.9633656506723991
18917,0.513682021101929
18918,0.9420395068431647
18919,1.2016248525447895
18920,0.7529071367214011
18921,0.5702375130296519
18922,-0.06493424939249465
18923,0.4684009925772269
18924,1.1372778568260853
18925,-0.07060749116383946
18926,1.2141665396045282
18927,1.2438932150450226
18928,1.2977731723037518
18929,0.03235048503161313
18930,0.39503761768644197
18931,1.7624811259038724
18932,0.71242742012178
18933,1.4609788689230814
18934,2.044370762318879
18935,0.4213921323823534
18936,0.38196359454395357
18937,1.5287892371626048
18938,-0.009011751357789172
18939,1.1372161513604713
18940,1.0028550110213972
18941,1.2327658929079124
18942,1.6228951401836538
18943,2.0253721352354903
18944,1.6896694546020377
18945,-0.05910259660834416
18946,2.2219741482440876
18947,1.775032984782805
18948,0.4953116575560573
18949,2.597119692622655
18950,0.5799582872266172
18951,0.15601739808487658
18952,1.170133711563226
18953,0.24300552250389448
18954,1.8049664546352506
18955,1.809859631902801
18956,1.4552120351684255
18957,0.6413577382700459
18958,0.4357063459725411
18959,0.9107149593739279
18960,0.3211293520625884
18961,0.5678141834774295
18962,1.5723232168691983
18963,1.289924832919024
18964,1.878596332496492
18965,1.2707190987555397
18966,1.1352665515451532
18967,1.6422178025634273
18968,0.06487599725426432
18969,0.8030302832306631
18970,2.2667228484289748
18971,1.6294295049664482
18972,0.394701041515302
18973,0.7333762162253838
18974,0.17037756120214173
18975,1.6414859505255324
18976,0.16605522789067662
18977,1.443112422955661
18978,0.988949145914469
18979,0.5385044392586158
18980,1.7568682422493125
18981,0.533284860912968
18982,0.19373371098401088
18983,1.109217869766247
18984,0.6827094199742838
18985,0.43690956489402777
18986,1.0737230925417052
18987,0.7071219539125556
18988,2.4949142586799264
18989,0.5564744962672946
18990,0.416717214078145
18991,1.416284243375432
18992,0.6994564965143286
18993,1.3373370749361724
18994,0.7827425791139252
18995,2.274962510511837
18996,1.15662554088264
18997,1.7054048171145084
18998,0.8350335267068716
18999,0.7279987960291372
19000,0.7829271306714332
19001,0.9193079060893558
19002,1.5792793017278761
19003,0.2458285947464257
19004,0.3032535725933056
19005,1.0832849131159819
19006,1.9371456858993925
19007,0.2837573991509347
19008,1.2327621829484143
19009,1.2792615544651291
19010,1.6298019103971435
19011,0.3966275232258867
19012,0.9026631980356621
19013,0.31488127275710165
19014,1.4601105053953103
19015,1.1184291667287476
19016,0.7325191567905176
19017,0.9074255895341448
19018,-0.09333079970705449
19019,1.1767650912938514
19020,2.1586698193738454
19021,1.1625414605194904
19022,0.8143784133523008
19023,0.7351818071014637
19024,0.6620719597809602
19025,-0.20067117579279437
19026,0.5335028890861574
19027,1.1418393575166959
19028,1.460030205496234
19029,1.4119021255142346
19030,2.190737530804121
19031,0.8692827127110101
19032,0.647956521672927
19033,1.0966573901223042
19034,1.9146301711931355
19035,0.5596002279269041
19036,1.4176139414865814
19037,1.450974871562138
19038,1.2349195412729883
19039,1.5434368433905912
19040,1.1583935028621548
19041,1.106104888958223
19042,1.4373382121920915
19043,1.2188750657301255
19044,-0.08158279276893768
19045,0.9989050218950861
19046,1.430840534244299
19047,1.0374483418611524
19048,1.9819587611827925
19049,1.4598366454788143
19050,0.7415534567274984
19051,2.095909130404172
19052,0.31958521335198753
19053,0.038271449999444124
19054,0.45770875832627955
19055,1.4053216085112816
19056,1.0848339587079627
19057,-0.1345844495711994
19058,0.16054937901870817
19059,0.9549533630751248
19060,0.6932261970744835
19061,0.3605378293192416
19062,0.9852043322618312
19063,2.0111266470580524
19064,-0.18574002196259445
19065,0.47646891547220976
19066,0.2946324725863326
19067,1.2273951195869641
19068,0.3589223437496655
19069,1.3051543604398945
19070,0.5311459091109941
19071,1.8519812815789534
19072,0.14391512341292334
19073,2.083134137340132
19074,0.9604121356651696
19075,0.9056802468922727
19076,0.9301840246860417
19077,1.2028441104547194
19078,0.4092080262449579
19079,0.8765014658020713
19080,1.3578344972194774
19081,1.0970040901271039
19082,2.266769111041549
19083,1.2329739005476976
19084,0.6457320156742572
19085,1.322372572896773
19086,0.8395400842586781
19087,2.7570744764688273
19088,-0.5521158984533834
19089,-0.1320550512543565
19090,1.9713867983419857
19091,0.8832678584519952
19092,0.9266836685102801
19093,1.9408174819246655
19094,0.9262979418855767
19095,0.1384769374262787
19096,1.6411113295055437
19097,1.2861315853047206
19098,1.4153085466869373
19099,1.4879459480456063
19100,0.48011835313682005
19101,0.4592112384441017
19102,1.7235735834022987
19103,1.5598142947407974
19104,1.8943256742697596
19105,1.6972460992226164
19106,1.445208811589024
19107,1.8150371499747835
19108,0.7072577564514042
19109,1.2962344818135187
19110,0.3574903848699844
19111,1.5455584597061
19112,1.3974693131221618
19113,0.5748562081812627
19114,0.8985540229711966
19115,0.30167473292502145
19116,1.1423437582274096
19117,1.2428623662947276
19118,0.371002217200745
19119,0.9258784996520277
19120,0.1544792697357209
19121,0.7263601673123494
19122,0.045947967432449444
19123,0.2481902072619413
19124,0.7577322822742191
19125,0.39429175587331355
19126,0.7859284746096225
19127,1.6303782339917983
19128,1.696934054029648
19129,0.7789864107856139
19130,0.020234159373579114
19131,-0.08892262618513089
19132,0.34694463438790907
19133,0.9355466458406463
19134,1.512823858989408
19135,-0.07314079738442239
19136,0.23410398194558785
19137,1.0435827235038977
19138,1.2746450631694246
19139,1.1080202914620574
19140,0.3908052089391594
19141,0.33450475146430847
19142,0.9050141735555467
19143,1.224956095691587
19144,1.5437088602005442
19145,0.26335398400675747
19146,0.7195199571916184
19147,0.2784504358367113
19148,1.2280403096562784
19149,0.5851920731721933
19150,0.9374300150944549
19151,1.1633863411989231
19152,0.1465741862634236
19153,1.3040801522399672
19154,0.29702177749494585
19155,-0.05806184299328944
19156,1.627671885730397
19157,0.292414747995052
19158,1.4750830782051625
19159,1.077477680223215
19160,0.7296728317066578
19161,1.9404688826530558
19162,0.8702379665185053
19163,1.0682118379173418
19164,0.31034579722509914
19165,0.8716911708402245
19166,0.3470531434756837
19167,-0.30453401296957705
19168,1.2405887582958366
19169,0.2065533568959137
19170,0.4005710250168949
19171,0.5774787217540849
19172,0.042762606937891356
19173,1.224559846499377
19174,0.6761903506381837
19175,1.0879017410955671
19176,0.31475491598968874
19177,0.1004932852128408
19178,0.3200153758930305
19179,1.4259553419535609
19180,1.0466923719464436
19181,1.087453017735737
19182,0.7366877129565093
19183,1.768493570159382
19184,0.05811272107978056
19185,1.928633415695328
19186,0.1751938994766192
19187,0.944430243511455
19188,1.3345634679418934
19189,1.5398279488063056
19190,1.0517720849239092
19191,1.92654912370869
19192,0.5316519000781622
19193,0.6702610443021839
19194,0.2540088462583141
19195,0.7807577842245486
19196,0.6776215673768985
19197,1.0397820205038693
19198,0.6446101116781555
19199,0.7944004154638659
19200,0.46717474706057116
19201,0.507710618638467
19202,1.3323431063323703
19203,0.6829689360277872
19204,0.5981103721461541
19205,0.45021115967573067
19206,1.7828279504022277
19207,0.8649491002658891
19208,-0.16672364013794042
19209,0.0015191655216503994
19210,1.8787814800594216
19211,0.6406698543516959
19212,0.07961159147251937
19213,0.5641379017674143
19214,1.1250774347702024
19215,1.0815723604094987
19216,0.5318950312594559
19217,-0.04551000248770487
19218,1.2119697090186996
19219,0.5249833234076305
19220,1.7493443028393316
19221,-0.04568999772089266
19222,1.5328925469121835
19223,-0.0854593634039128
19224,0.48112643446516556
19225,0.5135651128426816
19226,0.9241684894673132
19227,-0.04327705768837159
19228,1.4953411370966867
19229,0.33865014222982814
19230,1.0323678109957442
19231,1.6949871771524982
19232,-0.23980808161645867
19233,1.0081180723333096
19234,0.9156458364441811
19235,-0.13810271494402113
19236,0.45091774299755866
19237,0.6419926381602146
19238,1.4922058750947964
19239,0.8793610914194094
19240,1.290435676537315
19241,0.5184372637706907
19242,1.2988255404573952
19243,1.7863954637300643
19244,1.3621934691901751
19245,0.5431983138565519
19246,2.6521607791085566
19247,0.22689359186498903
19248,1.9690306253386654
19249,1.4896962978881558
19250,1.2333689681480484
19251,0.6540989376790426
19252,1.7058878787254572
19253,-0.19331447658945408
19254,1.6818788847174164
19255,0.7172077050857859
19256,0.7096648576112672
19257,1.05433714951206
19258,0.9511532383370073
19259,2.275732196267234
19260,1.419539121608834
19261,0.1209917562421432
19262,1.3330174040921574
19263,0.602118324145416
19264,1.9114442560657634
19265,1.623875856530587
19266,0.39926551887181155
19267,1.1014352495469497
19268,1.3362360973524359
19269,-0.06047526423064728
19270,0.8486990154256248
19271,1.4732372966495735
19272,1.8767120889312783
19273,1.7402910838463397
19274,0.2967910224454098
19275,0.1469213230267783
19276,0.8915811562854322
19277,0.7263028602503702
19278,2.5310650249738877
19279,2.006148562594697
19280,0.7499954994184089
19281,0.8438126658152039
19282,1.9394713274092321
19283,2.2127119331964247
19284,-0.07487706666897873
19285,1.7738812165590638
19286,1.5915010051763638
19287,0.7958594750305674
19288,-0.23967264879669428
19289,1.2240521248998721
19290,0.45387167577954557
19291,-0.021211488746987528
19292,1.3255923833378191
19293,1.0430905074013803
19294,1.2120252403184613
19295,0.5209140548269023
19296,0.3647865711573847
19297,0.07587489635202256
19298,0.8629584671669899
19299,2.3056926349829947
19300,1.7986892179418028
19301,0.06650457603218496
19302,1.2077225033150216
19303,1.3205169064000568
19304,1.5669777277437498
19305,1.1659924070651138
19306,1.4737717765585499
19307,-0.25827334122085716
19308,1.6463356125161888
19309,-0.022092477676134648
19310,1.8296970115370483
19311,0.5906509069438693
19312,1.741241160249017
19313,0.2925721664810969
19314,0.789063166724721
19315,1.0670711940972448
19316,0.4059552092867999
19317,0.12365460973589225
19318,0.5569881969571846
19319,0.6214918334705255
19320,0.8537748536553162
19321,1.714065357742329
19322,0.9912186267825902
19323,0.11860514260680001
19324,0.3574637033254094
19325,1.899837350687326
19326,1.8021319237562088
19327,0.3150383661811985
19328,1.9877220819216588
19329,0.5613404652268286
19330,2.029507969482546
19331,0.4475130455766232
19332,0.2412058144961336
19333,1.6381392780701103
19334,1.913793849664064
19335,0.6614832466249192
19336,1.4272001312039495
19337,1.1397739267533158
19338,1.9755687403426923
19339,0.9050497255772866
19340,0.05055814251806415
19341,2.4738555878402213
19342,-0.13407065478887145
19343,0.6043372489300977
19344,0.8886413321264752
19345,1.8487191343256628
19346,0.5025455210371079
19347,1.0242759917879212
19348,1.3184030027885256
19349,1.7523365145384668
19350,1.8337454122860832
19351,1.844010917569712
19352,0.09363956646405809
19353,0.18613366982725335
19354,1.540080330366957
19355,0.7691273808367939
19356,-0.10544842584367761
19357,0.9761111573507639
19358,0.5399506514309766
19359,1.9488297969961672
19360,0.9926812561117186
19361,1.8452203080008611
19362,1.8053538134459939
19363,2.199193204538128
19364,1.0942776305352766
19365,1.5361737334875365
19366,0.45176890094177746
19367,0.6753175499549353
19368,0.1903951096490888
19369,1.3407460552932626
19370,0.236410112060448
19371,0.4760873271977888
19372,-0.06173985540255825
19373,2.0979328409417546
19374,0.6129219757288391
19375,1.3355452271988366
19376,1.5941172960313923
19377,1.1838688867016427
19378,1.1749702863125149
19379,0.6827735794830623
19380,0.20276038475051672
19381,0.9493081188424419
19382,-0.16094436021786393
19383,0.21332730524520072
19384,1.5451761879250394
19385,1.8179801391477026
19386,0.7789272477397201
19387,0.6795082332308066
19388,0.613403982557337
19389,0.7320435719896257
19390,1.1312762934401062
19391,0.9346608237115817
19392,1.0500999812245175
19393,0.2392869629604757
19394,0.0785044124185756
19395,2.054887356916265
19396,-0.15646940721057281
19397,1.1630108626685227
19398,0.43266190054059467
19399,-0.2773736374851255
19400,0.5961334908426353
19401,1.2295313279854412
19402,0.9128735463590509
19403,1.11729742838123
19404,0.8449835272256669
19405,1.5576898020553793
19406,0.8525837246529369
19407,1.1341976067710762
19408,0.4268259726723091
19409,0.10731147244182104
19410,1.1888128312489346
19411,1.7395498458625658
19412,-0.029786951156954455
19413,1.573244914543985
19414,2.10641902003573
19415,0.2468377828919657
19416,0.4103516904588542
19417,2.1946894246158895
19418,0.34684768710758634
19419,1.8964026427596734
19420,0.045904223190432004
19421,1.9207201344224205
19422,1.1588933690401508
19423,0.5692328710284023
19424,1.5089005714190702
19425,0.7908735124147357
19426,1.2337275490802353
19427,2.0462658101878812
19428,0.8813426330909638
19429,1.0650079948142912
19430,0.4244409475315485
19431,0.5183212092077882
19432,-0.18238398878466258
19433,1.5801416902180985
19434,2.316740993242526
19435,1.494822279611713
19436,-0.07513087599721721
19437,1.5833505438031712
19438,0.20786552875060138
19439,-0.026602766580253595
19440,1.3273721671071792
19441,1.1763439300714726
19442,0.38201337700648774
19443,0.22109225642803593
19444,1.210626263583927
19445,1.2803211529568888
19446,-0.09073282857795745
19447,1.092862371345612
19448,0.7341581154234169
19449,0.976998949262329
19450,0.0992661305173836
19451,-0.06184195197170969
19452,1.2434745742841835
19453,1.8274960980718706
19454,0.9606561628255244
19455,0.3538519293468819
19456,1.8341722826806788
19457,0.8235302622833904
19458,1.6727594404074904
19459,1.239941445903716
19460,-0.44520008290683255
19461,0.9723996261041296
19462,1.3482879952904883
19463,-0.001286130759229509
19464,0.5529413441900419
19465,1.7921448517302836
19466,0.06474990643508624
19467,1.8016732408592158
19468,1.809381033141938
19469,0.023594392389335278
19470,1.0645891759038648
19471,-0.1489904176493861
19472,1.8888692456918768
19473,0.08550762882810065
19474,1.303682248825144
19475,0.9827051353040505
19476,0.10031696295727488
19477,0.4284214225960833
19478,1.2785699202719594
19479,0.6763825590199832
19480,2.4349061335091986
19481,1.2031367689918189
19482,-0.03849965068181713
19483,1.4718269277325526
19484,1.5554433837161545
19485,0.9981991483900858
19486,1.3397341442207709
19487,0.682368735874699
19488,1.3009648265318075
19489,0.017906088576506475
19490,0.6467671669598756
19491,0.7693150068002595
19492,1.2880052762980452
19493,0.6068899012699813
19494,1.1727156725315742
19495,0.7716935111011555
19496,1.2314764910452882
19497,1.3507449430667158
19498,1.91682237721851
19499,0.38772429097325045
19500,2.2702842654520645
19501,1.4530674050336094
19502,-0.08181205615336914
19503,1.4345595322560682
19504,1.3036635062583941
19505,1.7855860896631468
19506,0.6234080677542695
19507,0.46129464070743004
19508,0.8678003248124627
19509,0.04871319549502224
19510,2.0633050278842475
19511,0.743068062608132
19512,1.5520334073313504
19513,0.8833541613555193
19514,1.131507935762528
19515,0.23081566331386164
19516,0.19975522331664408
19517,1.045080630139066
19518,1.4596478198891216
19519,1.8810497739530239
19520,1.0844963002777428
19521,1.0949654978821404
19522,1.0219636465891029
19523,0.4880491684254814
19524,0.8399971162874456
19525,1.9899851400239381
19526,0.8647601584383341
19527,0.7148495550645299
19528,0.4750882954964157
19529,1.68997657671198
19530,1.1022081889697302
19531,1.637394508577522
19532,0.685345485397203
19533,1.252787992120898
19534,0.748040385397854
19535,1.2807099947797176
19536,1.0219023142280956
19537,1.3672097277818573
19538,0.8034804389780148
19539,0.017863673877167918
19540,-0.2572821659267316
19541,0.4171600555358693
19542,0.26933208301574746
19543,0.45042552640547195
19544,0.8839475057221147
19545,1.1476833936008421
19546,0.29747041978700584
19547,0.8290246100978367
19548,0.5609488130289825
19549,1.212041825011338
19550,0.9376345833306239
19551,-0.03878255275540099
19552,0.8208191066876238
19553,1.8907541497742244
19554,1.0254899026578377
19555,1.3752858481793224
19556,1.5361917390619129
19557,-0.21696759823191136
19558,0.8376569628280739
19559,0.7491106340505134
19560,1.5759688654454584
19561,1.5886646727135152
19562,1.0537037412547647
19563,0.41726020116825524
19564,0.12236014981310162
19565,1.4641705173649142
19566,1.8021188501378995
19567,0.8050186301153787
19568,1.3241243144063384
19569,1.1047097398962298
19570,1.0782284346920998
19571,1.2529512566644294
19572,1.4424768749139876
19573,0.9454564856843231
19574,2.0787534000016707
19575,0.4187009235787456
19576,0.14046196073090825
19577,1.8631022856807617
19578,1.6596274505263844
19579,0.6793208421124262
19580,1.1071218677578123
19581,2.0657917796968994
19582,0.9926341881874817
19583,0.7976019791759612
19584,0.49113130008443817
19585,0.6377072380648456
19586,0.554961862048253
19587,0.8493617316811196
19588,1.878180675189371
19589,0.674691555777822
19590,0.13262847660981042
19591,0.34090171085344434
19592,0.36521461090478635
19593,0.5194787771960951
19594,1.084559489056165
19595,1.6395253248067723
19596,1.4442729491229627
19597,0.4845848859394203
19598,-0.03512541593985502
19599,0.40523552451001066
19600,1.0633480208679453
19601,1.6834241472879272
19602,0.7126371008584307
19603,0.2890252798894414
19604,1.0822425210548046
19605,0.014262716551171839
19606,1.078633641666192
19607,1.8444017219200997
19608,0.074273004632136
19609,0.8523524024402791
19610,0.09237495745350191
19611,0.21067006172933242
19612,2.0822585527551447
19613,1.5510226021284885
19614,0.9198550523707656
19615,1.1080712309096772
19616,1.7460809077791397
19617,1.2155226249146907
19618,0.9441083169423168
19619,0.5573896867608997
19620,0.8121217050270368
19621,0.8954441137331961
19622,-0.05591016023723658
19623,0.9429106804664905
19624,-0.0061026411200455905
19625,1.7964599922762292
19626,1.3202995476024766
19627,0.8608456182761869
19628,0.9051102643769525
19629,-0.010140572220246405
19630,-0.0026092673029371183
19631,1.4214460590130251
19632,1.736641212991811
19633,0.7390174429301285
19634,0.14881697080032685
19635,1.6701219920235062
19636,0.599732326611726
19637,0.15140355843928968
19638,1.7744219827234227
19639,0.7099158555491369
19640,1.4549678131352692
19641,0.8152767162472191
19642,1.8384007434187606
19643,0.6661170436454116
19644,1.412773192367602
19645,1.5187208494986557
19646,1.1648001022644812
19647,0.3610256869779146
19648,1.1493198979574974
19649,0.1878858507749609
19650,1.2928769718563988
19651,1.5975547021520315
19652,1.4593064935278721
19653,1.3732937501998768
19654,0.15761783142516833
19655,0.7485759998530687
19656,1.7460020270448253
19657,0.34861459599649264
19658,-0.12828836518282247
19659,0.620904431792079
19660,1.4013629058559314
19661,0.8858299700471927
19662,0.37140820571252275
19663,1.42499141983069
19664,0.6499737275276543
19665,1.014710049014935
19666,0.25982983918335417
19667,0.18030833105318878
19668,0.32101799927449415
19669,1.3305036499239558
19670,0.35142002898260305
19671,0.9546124674101591
19672,0.346080289196405
19673,-0.03189787283596113
19674,1.4355930707341131
19675,0.6998108626296192
19676,1.1925247882207515
19677,0.816581573216843
19678,1.1539146003187473
19679,1.2246349033091457
19680,2.1662197303901816
19681,1.280000362761592
19682,1.2762979382857218
19683,0.6209116630634295
19684,0.8409017082634161
19685,0.4796184300768218
19686,1.1306736804752668
19687,1.2178268758388244
19688,0.61745353205149
19689,0.532996003079215
19690,0.7059844097222814
19691,-0.02721001736573575
19692,0.2591073465309076
19693,0.37431890336625095
19694,0.20462917863070312
19695,0.003344343442136327
19696,1.4609783208468157
19697,0.41153059121134145
19698,0.8571906806997348
19699,1.4591815146710276
19700,1.823080706047019
19701,0.17650385752026562
19702,1.7630870185149607
19703,1.0929787111310785
19704,1.3051255290504398
19705,0.6131484669384795
19706,0.12068447294763696
19707,0.9285420769642936
19708,0.9716773320066093
19709,0.947637245420532
19710,1.7624035783975973
19711,1.6697542241784311
19712,0.5145861134711182
19713,0.43944940920530323
19714,1.5680162545071004
19715,1.328177295194545
19716,0.07507798124852472
19717,1.2065781665681277
19718,1.6017227126988154
19719,0.05067403416630704
19720,1.5897112698417086
19721,0.07906375723146368
19722,2.137321105192142
19723,1.842831060960135
19724,2.039670879476865
19725,0.6722738340765386
19726,0.8759600935200583
19727,0.06781414780849401
19728,-0.018501908177834078
19729,-0.26591131968708315
19730,1.1760317708556378
19731,0.3079295045570189
19732,0.2107421672355372
19733,0.28112726282844275
19734,0.11229460546788204
19735,0.15866649574880728
19736,0.9794718551064003
19737,0.34238652163111916
19738,1.5967362822315372
19739,-0.36760551921963114
19740,0.9256753761431662
19741,2.028985350912771
19742,1.1448694363317444
19743,1.0917187606992307
19744,0.38001468499902574
19745,0.21284209813790922
19746,-0.1150147466855366
19747,0.8530038471155675
19748,0.33843856538668987
19749,1.2884509192832805
19750,0.21439446608258586
19751,0.9327728165115832
19752,1.5647196016662617
19753,1.2700637848119052
19754,1.2391777641169612
19755,1.4238652966004544
19756,-0.0021148644058811977
19757,0.35630528572232784
19758,0.4121230028159596
19759,1.634770739859249
19760,2.2523900977533278
19761,0.8760977304327591
19762,0.3266356001130961
19763,1.5615635984590677
19764,0.8359197245072187
19765,0.1421796718968461
19766,0.1593636615374913
19767,0.22855846601203914
19768,0.14460352449296776
19769,1.1970534444884104
19770,0.16171048648890385
19771,1.2845572396922276
19772,1.7771984286795577
19773,1.192008823312768
19774,1.2402310066430022
19775,-0.04681189098186664
19776,1.7518404840435138
19777,1.4143911492386072
19778,1.4639248614618334
19779,0.13398180196433707
19780,1.247565953728929
19781,1.161820079687895
19782,1.2465427322812968
19783,0.6451613365172821
19784,0.9774385619558246
19785,1.97805209036728
19786,1.193931514045362
19787,0.8947830106551405
19788,0.18745680560598993
19789,1.998406722705986
19790,0.5991787216437288
19791,0.14248217913760228
19792,0.79281158365888
19793,1.340210019217549
19794,1.2004647305033342
19795,1.7784073227788169
19796,0.28351766208231516
19797,1.0040650948376453
19798,1.432337544954425
19799,-0.17603270800209442
19800,1.1297013976055832
19801,1.4226949125936783
19802,1.816135038593789
19803,1.2192169925724292
19804,0.6970408652207031
19805,1.6173904165148814
19806,1.5691591703316057
19807,0.9767004617868982
19808,0.26194179276118434
19809,0.711300944050347
19810,1.7541004460957488
19811,0.16330726536217688
19812,1.9199879933095847
19813,1.545668819621099
19814,0.37519704343490456
19815,2.190378456221836
19816,0.25727211032826036
19817,0.3009328085023657
19818,0.3891940936137561
19819,0.44180849998078886
19820,0.7146079860646027
19821,0.41404202456266026
19822,0.4154351298866632
19823,2.416163847028511
19824,2.109917623859408
19825,0.5667607707164872
19826,1.162618543627256
19827,1.794943538403879
19828,-0.574350106079622
19829,0.7645035520927371
19830,-0.12709136601591184
19831,0.5453285629309699
19832,0.45625969319000037
19833,0.8634746667378057
19834,0.33404952381834385
19835,1.5227339239444189
19836,0.2096741597575504
19837,1.1212155231603875
19838,-0.14844778572310457
19839,0.8530123365408013
19840,0.9900342275801813
19841,1.91952419503518
19842,0.15324934290926362
19843,1.6714387646928335
19844,1.1315037423812886
19845,0.6263832941295269
19846,0.08391357368324295
19847,1.210510596239551
19848,0.3514345059377576
19849,1.4302485459953218
19850,0.37623286157402325
19851,1.9521161542968117
19852,1.6282994989387372
19853,1.3025763938700377
19854,0.8703810942170833
19855,1.186835022708759
19856,1.3959023856927342
19857,1.138562867080438
19858,1.6047110673087022
19859,0.4320758734773703
19860,1.590121498550185
19861,0.37778601767086895
19862,1.6883169632907602
19863,0.3248568051847776
19864,2.1271635100840536
19865,0.3864225504011756
19866,0.6615980853624955
19867,-0.3443569208294029
19868,0.8603202575194231
19869,1.097433283437243
19870,1.0439061303747275
19871,1.5551773400384794
19872,0.8381301966492675
19873,1.266503483242903
19874,1.7431261078166906
19875,1.5626010421545224
19876,1.451201688641956
19877,0.22256930345148634
19878,1.0589700444757248
19879,1.3823601237706562
19880,2.0954263086745075
19881,0.8004359108965227
19882,-0.15767815403246785
19883,1.741945930464821
19884,0.48878722614132253
19885,0.9340119537049689
19886,1.8981043515114435
19887,0.2943250484498042
19888,1.0905019867704375
19889,0.9607829006063385
19890,1.2488168128649668
19891,0.2824882340307521
19892,1.6314317326802446
19893,0.908486510523429
19894,0.959434761902735
19895,0.8424615578857038
19896,1.6032456974635412
19897,1.8926787037787918
19898,0.9263175465042413
19899,1.3534353663138472
19900,0.20455249259981176
19901,0.9954292949551778
19902,1.1715581599269083
19903,1.1598081376130809
19904,1.0841573276523784
19905,-0.19843882295679527
19906,1.3455371308489097
19907,2.2877996759633623
19908,1.4275128664064072
19909,0.2168074445679548
19910,0.6228697800890821
19911,0.9843712091252511
19912,0.8720072437945222
19913,0.1551206900044531
19914,0.5785265643500159
19915,0.7867505359685444
19916,0.7559518104945125
19917,0.42873619903073296
19918,-0.11130034302848577
19919,1.5162273989576294
19920,1.4538794717812733
19921,1.5864989707860644
19922,2.1813097697695842
19923,1.0869883713285782
19924,1.1682558201995812
19925,1.3972227241197401
19926,2.2372946454991
19927,0.05476210892823641
19928,0.5423172279132639
19929,-0.010550025140802652
19930,1.4784039030752398
19931,-0.093638901290066
19932,2.189633771610014
19933,-0.08464477909477777
19934,1.4394439746782712
19935,0.7662590878510158
19936,0.1062204718955356
19937,0.6253737106143429
19938,0.055064145857203366
19939,0.28586737445158067
19940,0.3029799141313171
19941,0.07738840882715617
19942,0.3433690466305762
19943,0.17772747008127088
19944,0.8960745382595785
19945,0.8826211714355112
19946,0.22057827498491495
19947,1.3104676829277604
19948,1.0706075164605533
19949,0.32625558409695854
19950,0.7402447287877452
19951,1.7204916782551942
19952,0.33645661533932525
19953,-0.19683980592576833
19954,0.48098865462276263
19955,1.2500219324130328
19956,1.195540652097127
19957,1.9878338522894532
19958,0.9049625131215608
19959,0.6407895078823027
19960,0.12882513203353577
19961,0.4238015840423043
19962,2.8523594277679343
19963,2.46481019670813
19964,0.7028263994871885
19965,0.4309572057684557
19966,0.13022411162211128
19967,0.4383595044486724
19968,0.5486714698803212
19969,1.0081108203918125
19970,0.8733341624912588
19971,-0.11588278548804082
19972,0.15596701912264496
19973,1.6094067422964222
19974,1.4608568361139755
19975,1.026985976118097
19976,-0.02118811539779783
19977,0.28541012178993447
19978,-0.12435238905353857
19979,0.089215072397074
19980,0.9125434909428435
19981,1.6597087491617857
19982,0.1427541610440005
19983,0.3070714289521712
19984,2.0806849210699436
19985,1.4906909842602531
19986,1.2368228252369629
19987,0.38293111467771423
19988,1.8018031608071656
19989,0.7431458337561074
19990,0.5294002076346237
19991,1.3659217384086895
19992,1.6185880193462963
19993,1.6039106514651964
19994,-0.4843050056834611
19995,1.461060419884148
19996,1.1166623546283783
19997,1.0383902070646074
19998,0.7501748387348042
19999,1.241315425946187
20000,0.34792693066857755
20001,0.7861460526351673
20002,-0.1570418647571005
20003,1.5827414434158436
20004,0.9557192545072127
20005,0.4678785563948563
20006,0.048339218351442406
20007,0.16460475411033215
20008,1.3862890174605669
20009,0.14442079381416711
20010,0.8833036477114007
20011,1.6223988421387545
20012,1.7468339494227427
20013,0.04956079091026312
20014,0.9712880709179921
20015,0.5476021865517573
20016,2.3559518699486457
20017,0.4931558710649021
20018,-0.34234045547787995
20019,0.6270040595175079
20020,0.08088296550003744
20021,1.3152744416427704
20022,1.9255014940148565
20023,1.1962603856163037
20024,0.6361808053230626
20025,0.891679124657561
20026,0.8409258735042779
20027,0.8277436918017734
20028,0.7058585732450328
20029,0.33448370598004473
20030,1.0124579366349373
20031,0.5651545370075652
20032,0.3552593456655767
20033,2.049458467796736
20034,1.2116710373062813
20035,0.5811244547001719
20036,1.1690464144937451
20037,2.0333758993576456
20038,0.3642704997048273
20039,2.309444208983127
20040,2.056559445172864
20041,1.185464493936964
20042,1.9747092870048273
20043,2.0371898301437747
20044,1.799478002905822
20045,1.1646303293162314
20046,0.572988873256536
20047,0.22426503841655004
20048,1.0035741171770842
20049,-0.28792140375230424
20050,0.610688219580819
20051,-0.06976886550061265
20052,0.319456962593862
20053,1.381991618667904
20054,0.409447481195328
20055,1.241566977238978
20056,1.7121958641700592
20057,1.1249206888872196
20058,1.0679208632143347
20059,0.3062476995647301
20060,0.344665641867499
20061,0.09474004628305771
20062,0.6310840502024142
20063,0.7182655315404374
20064,-0.007775325541024405
20065,0.06353137375733776
20066,0.9821149485066651
20067,0.9593044931853071
20068,1.2269748330837682
20069,0.514292180986669
20070,1.5160102213021522
20071,0.8838281179109619
20072,0.23144743314525834
20073,1.2697072060797012
20074,0.6569300370907643
20075,1.1320278684237142
20076,2.034749560509974
20077,2.2069421917342202
20078,1.4183917032377205
20079,0.9398386648455584
20080,0.36282199077250227
20081,-0.13342654655628303
20082,1.875885757355725
20083,1.268338801263708
20084,0.3274229471826815
20085,0.37746542732150656
20086,0.4553484412196756
20087,0.2106875879152976
20088,1.4272854001640842
20089,0.9819707159917858
20090,1.3364249260861327
20091,1.432546581605101
20092,2.199270832555648
20093,1.9643377754938567
20094,1.3050847837418873
20095,0.7422457963078942
20096,0.9384933180108711
20097,1.475996124633141
20098,0.9360593949935666
20099,1.1626672072943136
20100,2.010223169344795
20101,1.1309537804713414
20102,-0.06545816145370592
20103,0.13589564429744083
20104,2.130309655068091
20105,0.4913033712051593
20106,-0.007653414556852797
20107,2.1230107762522827
20108,0.6367078041929675
20109,1.2048285849774911
20110,0.874188556817459
20111,0.95539000440694
20112,0.46071237795652287
20113,0.11967336458245745
20114,0.2916506551985335
20115,1.2958188007475773
20116,-0.41779565227865784
20117,1.6017857891143608
20118,-0.021327856174715998
20119,0.9784723675870771
20120,1.5061194225574819
20121,0.5739797373116517
20122,0.8008576597369829
20123,1.0240205894253418
20124,0.27281522860966223
20125,0.4922689292563534
20126,1.4012198722815334
20127,1.3870294776325238
20128,1.564915430218409
20129,1.0533951065529972
20130,0.993099866372321
20131,1.6451840593991922
20132,1.9146315550072637
20133,0.2858056196064859
20134,-0.15901914314801255
20135,1.197236312344627
20136,0.35297145995789203
20137,-0.004795335837465831
20138,0.3565862901464213
20139,1.6652977123581307
20140,1.6669369686173618
20141,1.50408276535742
20142,0.718086472988521
20143,1.1666920598985617
20144,1.3519125524368816
20145,0.83981696708125
20146,0.6884399804832684
20147,0.9626410700340333
20148,0.763629384906738
20149,0.22819852850080033
20150,2.1354748741019676
20151,1.3654946091926627
20152,1.1470794763554744
20153,0.41433133700792846
20154,0.8185852788384619
20155,-0.03955191290220657
20156,0.478505419626597
20157,1.3872174609530779
20158,-0.03686801816279278
20159,0.4741003868461866
20160,0.793257260878267
20161,1.6784735742159513
20162,0.48674109667400967
20163,-0.13062543739881574
20164,0.58765760131281
20165,1.504660675909193
20166,1.0832417578593454
20167,0.8626412540726822
20168,1.6041933905579715
20169,1.618101516058951
20170,1.467563404648287
20171,-0.16523701660880888
20172,0.9889318733917352
20173,0.6933437920589683
20174,0.2855269048778309
20175,1.243325887887109
20176,1.8041439607140122
20177,1.6802102276508954
20178,1.4700636661850954
20179,-0.5906248407782506
20180,0.545859786910434
20181,0.823199347549032
20182,1.1369191226645086
20183,0.9624979828627289
20184,1.5648726048542874
20185,0.9484941402926759
20186,0.62735940539286
20187,0.6069263267072463
20188,1.4686715939842239
20189,-0.10851617414941722
20190,1.6260122692366157
20191,0.9293033530349977
20192,0.5662438465422444
20193,0.8197964796270764
20194,2.033141975549795
20195,-0.10720130144812087
20196,0.13596327368595296
20197,1.6101816326646154
20198,0.520934039194987
20199,0.3211441285736071
20200,0.716140649180212
20201,0.8303680480785534
20202,0.8534803484664709
20203,1.4980538776913959
20204,0.3127104603345711
20205,1.9941570625378797
20206,0.018606987491160992
20207,1.3838867846552856
20208,1.0205444241041344
20209,0.11275757593122873
20210,0.8202320825535873
20211,0.1062573277195191
20212,1.670116261520834
20213,0.6394951731418482
20214,2.425907148078005
20215,0.3077210658845708
20216,0.992838338088092
20217,0.6413620154375369
20218,0.6108614074326192
20219,-0.033214899061287106
20220,1.4809426598442292
20221,0.8789962078180096
20222,-0.026814923154601933
20223,1.1470627925355539
20224,2.231301590946143
20225,0.3987282920297639
20226,-0.07332952392754807
20227,0.8723781457962211
20228,1.0206541963788833
20229,1.6350862483153872
20230,1.4600233360649881
20231,-0.2941001337575984
20232,0.8137077254318423
20233,1.4066929828000385
20234,1.8148778477661491
20235,1.7511563241765378
20236,0.16272366240110073
20237,1.3819523845764141
20238,0.1145588765671231
20239,0.4330613084123323
20240,-0.11943461770446745
20241,0.4813543157466278
20242,0.09336732194554696
20243,-0.015888339529679676
20244,1.5940619772462865
20245,0.15301853619634026
20246,1.481019804022839
20247,0.9821417900282828
20248,-0.025158775918248
20249,1.066646210149679
20250,1.0159531687282533
20251,0.6197351031684273
20252,2.190007967789557
20253,0.7600633974186555
20254,1.683001010470298
20255,1.0686809026164634
20256,1.6540088018704695
20257,0.6904336502534029
20258,0.8414940047337529
20259,1.1981148404121134
20260,0.06786466644816336
20261,0.6759582710934833
20262,0.7634295436618348
20263,0.24388469334840865
20264,0.748893409316723
20265,2.9354707247050515
20266,1.0480516781257139
20267,1.419780877127856
20268,1.7260513278981289
20269,0.43612724923223406
20270,2.192610883255419
20271,1.1540182577567974
20272,1.5620426325359824
20273,2.0322291827435004
20274,1.4290907123100178
20275,0.6124562570297611
20276,1.699901501455431
20277,1.5451085263582955
20278,0.5604906945048156
20279,1.315540026236543
20280,1.290095190671504
20281,0.10576460578893584
20282,1.5447574562296809
20283,0.39895228116563985
20284,0.12384287058479153
20285,1.3755517157956594
20286,0.25436920493611326
20287,0.8299471134513929
20288,0.31025126328032987
20289,-0.12268225166643004
20290,0.8027231359806518
20291,0.357796127839754
20292,2.067497125189143
20293,0.6761688103427301
20294,0.91675002498715
20295,1.231984873644998
20296,-0.39247962306927775
20297,0.25236571712662564
20298,2.0718494016309754
20299,0.2060864563642953
20300,1.4102856001932038
20301,0.9993087270932098
20302,1.9136180378907754
20303,1.0771517124341305
20304,0.21188050227860927
20305,0.28172391230984745
20306,1.2156696303418009
20307,0.8652794765556174
20308,1.322260573178247
20309,2.0993701907327442
20310,1.8553639261909236
20311,0.24348660430399396
20312,1.1291515317038858
20313,0.5428694298692212
20314,1.7232719924051527
20315,0.8204890215326629
20316,0.39648269449588847
20317,0.666532894075332
20318,1.867637258796073
20319,0.5979072972367698
20320,0.5476617357888909
20321,1.9287199819305039
20322,0.47102358124673027
20323,2.4151876237210272
20324,0.5922114005505603
20325,-0.00895198096302477
20326,1.071571405506866
20327,0.08986088972534201
20328,0.31716350035411106
20329,1.7171717592892728
20330,-0.08882269775049367
20331,2.0316693788271527
20332,1.5657475656501938
20333,0.2876866822572206
20334,0.3616487522964774
20335,1.4638525292424522
20336,1.2169529452804158
20337,1.0240969664271415
20338,1.0341107920680033
20339,0.8620446158273103
20340,-0.018207493628427843
20341,-0.06523227823311384
20342,1.0704868154445235
20343,0.09884274169523297
20344,0.7946244566588274
20345,1.4354401894776763
20346,0.9492479633923356
20347,0.09710997139309073
20348,0.37220722127637906
20349,1.2063576848363489
20350,0.3922319194828322
20351,0.0060601452481732765
20352,1.1617187171377577
20353,0.16131753389967607
20354,1.6776033986146774
20355,1.005045890000935
20356,1.391574202118003
20357,1.2790616176977816
20358,1.2596319618886431
20359,1.1728615060540164
20360,1.7007484734279381
20361,1.0209074676182666
20362,0.16547529490461663
20363,2.4276573432932773
20364,1.6265982959084393
20365,-0.051073050260599384
20366,1.0708219665068546
20367,1.5260863645047706
20368,1.3753412425121923
20369,1.2226943192569615
20370,0.16535746244044025
20371,0.8253181691209611
20372,1.4314896069295842
20373,1.1327514436319193
20374,1.2467974631004792
20375,0.41013759886297724
20376,1.4413583627576245
20377,0.7774913861196178
20378,0.6573693658157922
20379,1.4403781138690595
20380,0.18650225340759818
20381,0.5908035908437853
20382,-0.1551618650008377
20383,0.8236261616514556
20384,0.3703750752867062
20385,0.8175482022661167
20386,-0.07506620349984816
20387,1.346776955697928
20388,1.5301511231156593
20389,1.9855728436158995
20390,1.4379873099964695
20391,1.623300775261401
20392,1.8395268001810967
20393,0.17667451066331274
20394,1.9887604044730287
20395,1.7795883147036486
20396,1.1161277406732022
20397,0.20544346651357798
20398,2.0987753326299345
20399,1.5730313175839168
20400,0.8081377726737728
20401,0.9121851037082904
20402,0.763665745584636
20403,1.140367774099032
20404,0.8008493203843244
20405,1.1781893705649813
20406,1.03855511460685
20407,1.0358873907649855
20408,1.1544955397100756
20409,0.7350581906304441
20410,0.2398486209089441
20411,0.3815654819854075
20412,0.06364854835275432
20413,1.4427856866596902
20414,0.48526157654060975
20415,1.45494059462804
20416,0.3869940487339424
20417,0.13689405658734177
20418,0.32518544585131814
20419,0.7712989179159668
20420,1.010414402575967
20421,1.554177889514595
20422,1.2627339915955296
20423,1.0912377897380907
20424,0.27905107971540655
20425,1.4250520345988669
20426,-0.07359647643661785
20427,2.4284914499538917
20428,0.33074693118329646
20429,-0.054845837920439205
20430,1.6424318475799935
20431,-0.38367034005843276
20432,-0.0488306352523912
20433,1.9496988395721955
20434,0.6341605486010103
20435,1.0573652449560558
20436,0.5471467447912999
20437,0.5611797522185362
20438,0.8891243915234006
20439,1.003460323510476
20440,2.049148102061527
20441,2.0506813583250625
20442,1.4454145058938743
20443,1.729788223276699
20444,-0.30638884426584106
20445,1.315552656790302
20446,0.09301441107874237
20447,0.4660905269474428
20448,2.198773683509384
20449,0.912448098224489
20450,1.8447382065521507
20451,0.20768610941688326
20452,0.9118293288389373
20453,0.6601547597411778
20454,0.9630665901938621
20455,0.49639975550527016
20456,1.2885829610928436
20457,0.33702219462015665
20458,1.2053909188634362
20459,0.8227431907491607
20460,0.7877544531203374
20461,1.0722030966558518
20462,-0.2050003595184148
20463,0.7729951836609834
20464,0.5318421945460406
20465,2.1056518231334036
20466,1.1895795137002172
20467,0.3797367341400012
20468,0.6279672938658372
20469,0.8638983594691884
20470,0.7903433862953246
20471,1.827183894836508
20472,1.610773570611006
20473,2.616142542381162
20474,1.2860394836872038
20475,1.8876475123282241
20476,0.11446221510123644
20477,0.2937950081477124
20478,1.0922743118091585
20479,1.9405826908138972
20480,0.6097428089602518
20481,0.20303523678903607
20482,1.5262802973440872
20483,0.5366425897233266
20484,1.7610956378173865
20485,0.9252094709027786
20486,1.067399092292011
20487,0.8434457305417813
20488,0.8980004603121676
20489,0.4654661338437404
20490,1.5405044355822275
20491,-0.054975083701537086
20492,0.3221459796025169
20493,0.6358825357136769
20494,0.5062501202914563
20495,1.4802466070049587
20496,0.18521929120480096
20497,1.2123079865655246
20498,1.4122309365125176
20499,0.21635298484640514
20500,2.072260365263134
20501,1.3405178825548667
20502,0.17072622548051009
20503,0.9310146053716396
20504,0.8262401512535168
20505,0.7008734066499759
20506,0.8045881700192106
20507,1.2979960391627683
20508,1.7893447615354527
20509,0.9916561326307364
20510,0.585933947725753
20511,1.2299573483620432
20512,0.9898496184332288
20513,1.806634261763361
20514,0.08618961865030801
20515,1.4698106763226102
20516,0.35791204265748
20517,0.4421034976000613
20518,0.5664771155169794
20519,0.7472688662953325
20520,1.045197091209709
20521,0.19765102497962606
20522,0.5349165343535358
20523,1.8835304592198188
20524,0.2826621881981159
20525,1.0831918412327926
20526,-0.5045717792701014
20527,0.6199615769853968
20528,1.1533422146218744
20529,2.3347831369003464
20530,1.1029527272321742
20531,1.1432225340995976
20532,2.148294065378272
20533,0.8055802088037571
20534,1.8513367327572345
20535,0.21565709519432064
20536,0.4885976820636504
20537,2.2811461529171946
20538,1.693502590841658
20539,0.6628866615618053
20540,0.39272989383741724
20541,0.05734873761638112
20542,0.5441587686843893
20543,2.0191010371755773
20544,1.2715151319923215
20545,1.3202069068164497
20546,1.7959705956885659
20547,1.5290849704606098
20548,0.36421973245249895
20549,0.7761529150979123
20550,0.3289988150663081
20551,0.6001448805801499
20552,1.1957092034415329
20553,2.0229953568230834
20554,1.5546426526930648
20555,0.09543378641747072
20556,1.7682390771685108
20557,0.7290100398603687
20558,1.3156304931351495
20559,0.6616546260752889
20560,0.8494474543589217
20561,0.293180411101421
20562,1.319840463608809
20563,0.7300265711013916
20564,1.0932874735618627
20565,1.0227867731663753
20566,1.766307102551131
20567,0.575435807832566
20568,2.0539263884517873
20569,0.18555643433919305
20570,1.6251195227688813
20571,1.484991999998469
20572,-0.2877858651238622
20573,-0.04366659984945018
20574,-0.26965147800242145
20575,0.07549411445051576
20576,1.139885220778501
20577,0.014262297956174397
20578,1.0049637925871766
20579,0.03351522157490888
20580,1.5231624911922474
20581,0.9104345040186396
20582,0.37505026498206784
20583,-0.034761709881552
20584,-0.016564439806001932
20585,0.5707653825025754
20586,1.4419635555601635
20587,1.4482268368392675
20588,0.3635724329024276
20589,1.132251397714988
20590,1.3436986849371662
20591,0.11128360010859473
20592,1.0424168377419143
20593,2.1611879848414044
20594,2.153428953358701
20595,0.04116281714685688
20596,0.6902753280744339
20597,0.6211296311150292
20598,1.0946109010639606
20599,1.7766560647773235
20600,0.6251326770920447
20601,1.3410673724856543
20602,-0.13037162298030408
20603,0.8384846859758253
20604,1.078256705276739
20605,0.9661487654151858
20606,0.3324262900917725
20607,1.153597432623891
20608,0.477574555288218
20609,0.9668910075688059
20610,0.6040565706749572
20611,1.6560352528042628
20612,0.3301674512515034
20613,0.6965290700928249
20614,1.0326236157632471
20615,0.713739742518
20616,0.4110789598131948
20617,0.272256208712211
20618,1.140814213796498
20619,1.2090676782754577
20620,0.0937186275040496
20621,-0.3483765261992906
20622,1.8101683816715335
20623,0.8323737311111773
20624,1.8782506758103237
20625,0.5453087943847292
20626,0.4916154021859271
20627,0.5460523875201335
20628,0.6693985802544284
20629,0.6168144154196213
20630,0.5620703693074512
20631,-0.34027407578206903
20632,0.04286884758881192
20633,0.5878973578216627
20634,0.9422473384683151
20635,0.7980500257708363
20636,0.6036859398787469
20637,1.0679743485372746
20638,1.881294225415958
20639,1.781811080740655
20640,1.1475358421606447
20641,0.3134640490306478
20642,2.393122304459581
20643,0.30026563405621154
20644,0.6066645133614696
20645,0.2876499639461825
20646,1.487623057683416
20647,0.8820872833685485
20648,1.375635519143851
20649,-0.38658248166198106
20650,0.8889501320874926
20651,1.8740513132496528
20652,1.2318783313507182
20653,1.0056777725481039
20654,1.4732031747228576
20655,1.7844326646105655
20656,1.8630254483288016
20657,1.5522784087664954
20658,-0.014686833139855582
20659,0.13292158952961441
20660,1.9148648331828655
20661,1.8197276481664073
20662,0.9922894921251897
20663,2.183977159738716
20664,1.5248413384670507
20665,2.07076875185498
20666,0.20048747622886354
20667,2.2430204882178835
20668,1.4807858654755932
20669,1.1152177453161731
20670,1.2520238407488808
20671,0.8333636916358637
20672,2.032713551356882
20673,1.013966704777988
20674,1.5624225009830037
20675,0.32859910712094936
20676,0.9509449533181653
20677,0.0286003209011456
20678,1.0434517399023207
20679,1.6725022703761512
20680,0.5810966715650837
20681,1.6725784848558347
20682,1.7023726157419394
20683,0.46840765547481444
20684,0.4838001063342899
20685,0.9126406854343161
20686,0.6638053098477859
20687,0.5438594425830625
20688,1.191529682588068
20689,1.0793925382340497
20690,0.40024219053931975
20691,1.1309531340312526
20692,0.8791364596052736
20693,0.4807226270396651
20694,1.633344953078203
20695,1.4592956302342246
20696,0.23430812893200825
20697,0.7377760880730184
20698,1.700367767602502
20699,0.5015889661277908
20700,0.8196477327962709
20701,1.4128567335974447
20702,1.0756369035708773
20703,0.13054918838291346
20704,1.1156519549979216
20705,0.9391071338979842
20706,1.6103351708397915
20707,2.524572852394595
20708,0.43731161120004136
20709,0.9156121062512123
20710,0.5409822251240198
20711,0.1701563015242504
20712,1.0237222307877119
20713,0.2477891311973025
20714,0.12405927581893249
20715,1.515172094760337
20716,0.35602133619925647
20717,0.6417238178940691
20718,1.3766985418017472
20719,-0.11781373337079154
20720,-0.5443039953339472
20721,0.16499509612285335
20722,1.0488581481863914
20723,0.48875914551369604
20724,0.7004579300694503
20725,0.18372607635737928
20726,2.07534552267601
20727,0.4299342888928286
20728,1.4853342925427697
20729,0.41495443307402996
20730,0.9736496684860538
20731,0.7582333760783486
20732,1.3173680227393463
20733,1.1163762290839392
20734,0.13510906686170607
20735,1.1646658504980638
20736,1.1946063263807218
20737,0.5101152319490216
20738,2.1460539373483734
20739,1.6690534088187379
20740,0.6093726020867127
20741,1.4665304477892875
20742,1.1867161056455249
20743,0.3982345900801899
20744,0.2696920391405672
20745,0.16692717914201421
20746,0.26612438459649435
20747,0.3948100558743115
20748,1.2987570020503354
20749,0.7793121120488928
20750,1.295467112666034
20751,0.479974048558894
20752,1.046308926672665
20753,1.4176435253353241
20754,1.578214665264156
20755,0.32930913757394364
20756,0.009548732932069925
20757,1.6997006654025397
20758,1.4195635157976754
20759,0.032038561571616796
20760,2.1237798605275255
20761,1.5085301393783483
20762,0.42922529143957155
20763,1.7724278894518941
20764,0.8480686882290717
20765,0.6964371952691489
20766,-0.11048445908848137
20767,0.07839293776291176
20768,1.0844663661025005
20769,0.9298386192240561
20770,0.06252618720133336
20771,1.9329994522311766
20772,0.6763520992777795
20773,0.6649699372355025
20774,-0.16656869014678297
20775,1.4097974427816005
20776,1.3107518132295004
20777,1.9521679766804407
20778,0.4228356897785731
20779,2.575286828070098
20780,0.8034797172247632
20781,-0.04144396167231601
20782,0.089403944430682
20783,0.5280447322664407
20784,0.7536908886682472
20785,0.03769131222316374
20786,0.5112186979185138
20787,0.8874148702451687
20788,0.30431702844580477
20789,1.0060700008367953
20790,0.8880090831889464
20791,1.3280679222114673
20792,1.856438688983631
20793,0.5975734550908764
20794,0.20930873043159065
20795,0.06468316923023351
20796,0.8187971191221997
20797,-0.0017380669563761553
20798,-0.0010314098179711184
20799,0.27791582868903797
20800,1.1588847492669143
20801,0.9172756964754868
20802,1.3085705961582732
20803,1.975750249977276
20804,0.5169646343933373
20805,1.8740390446133315
20806,2.0785726821608157
20807,0.6344646936212346
20808,0.8609373514944902
20809,0.9200347907655495
20810,0.9961653904222452
20811,1.332483650209293
20812,1.6885946849756568
20813,0.8073757702750637
20814,1.8624784082845645
20815,1.2662721338735872
20816,0.5955538678871051
20817,0.6720335998821338
20818,1.4373386003390203
20819,0.14989295019049745
20820,0.12922124710526206
20821,0.725637122002997
20822,2.1218196647631293
20823,0.8913954994590058
20824,1.2828484198992591
20825,0.4543003387113156
20826,1.2219147777075452
20827,1.5927016040526227
20828,0.21929901051337752
20829,1.1772957465018545
20830,1.3487689686429714
20831,-0.29926282662342285
20832,0.3305851770904573
20833,1.2224753127500367
20834,1.5110560189939615
20835,1.0518311503401707
20836,0.6505472688598546
20837,0.8126859666247512
20838,-0.17717228215632222
20839,0.3268017890118998
20840,1.4834284628250036
20841,1.1964751192770064
20842,1.9493962618170615
20843,1.4816927843908814
20844,0.9830092359064775
20845,0.7788180319499171
20846,0.5371868894134557
20847,0.9073048046289985
20848,1.7401001535400187
20849,-0.004679527268919209
20850,0.24365771972427763
20851,1.7971761327051954
20852,0.19021335067167322
20853,0.5847887768564449
20854,1.9624044058181127
20855,0.8380031697936188
20856,0.6549610923590536
20857,0.9177253211294062
20858,1.9922015852653647
20859,1.7839183739955802
20860,0.6748147160722542
20861,0.24843284730992857
20862,1.2225195590940054
20863,0.040327523534425674
20864,1.6357838053515186
20865,2.2523461784635823
20866,0.5293905621325976
20867,1.7756660754581626
20868,1.2982218084345325
20869,0.4455212820784643
20870,2.198519839706712
20871,1.4728456422681109
20872,0.7366221283165518
20873,0.3829092254586124
20874,2.4726233539116773
20875,1.0275823983487549
20876,0.22908229092049817
20877,1.4743860398506063
20878,1.461739976371665
20879,1.695542741156596
20880,1.0304377628703774
20881,1.1489810633665611
20882,0.9705463491822146
20883,1.315660900255001
20884,0.718844887105912
20885,0.40554975347893074
20886,0.31641638140913786
20887,0.8042354256575085
20888,1.70237512588133
20889,0.8263708555226577
20890,0.9368884219809972
20891,1.5464801540566735
20892,0.42911686009619865
20893,1.721654987117653
20894,1.2928159837899453
20895,-0.19558996818467245
20896,1.8098121429808347
20897,0.3248009764193519
20898,1.8389752780749204
20899,0.5081993658692486
20900,1.1075736714541558
20901,0.8560855920931533
20902,0.09229636695690664
20903,1.131137593625168
20904,1.9738930302172784
20905,0.740475499465802
20906,0.9648561480817621
20907,0.5004329084880812
20908,0.900668261359431
20909,1.8750204902358396
20910,1.4034404805847234
20911,0.11580888360178533
20912,1.1226220118626336
20913,1.3167176238378702
20914,-0.23347101906720646
20915,0.34584892294500724
20916,1.4022570447430316
20917,1.3291022043546814
20918,1.8532979080582739
20919,1.8375583682840557
20920,1.8679112731310072
20921,2.0896947714474154
20922,-0.22836954975445942
20923,1.4089529958570357
20924,1.0748766614399081
20925,1.2308413803458118
20926,1.2324467730720154
20927,1.5979257467464767
20928,-0.1946090626690795
20929,1.1459290526503743
20930,0.42614145733769937
20931,0.4757212006424395
20932,1.4961666760800587
20933,1.40594050253851
20934,0.6316645817884873
20935,-0.08952555853639074
20936,1.5320819132257808
20937,-0.8080414787686501
20938,0.6293185003622626
20939,0.08069683093426702
20940,1.3035081072194452
20941,-0.07422056271688121
20942,0.24821171221047234
20943,0.6748326777591792
20944,0.7934365611436425
20945,1.0704701852499832
20946,1.7877501663983904
20947,2.0731450386801065
20948,1.5690693938657136
20949,1.7664760758857427
20950,1.5542865046140033
20951,1.0812265187176247
20952,0.7845524722207309
20953,0.5333332570521652
20954,1.6516279445405873
20955,0.7136401470594809
20956,0.20769895653783635
20957,1.4990895449581279
20958,0.8439197201216119
20959,0.8685165968948774
20960,1.3434108831856117
20961,0.5718434307947837
20962,1.1074683876317863
20963,0.1275555775357801
20964,0.11133444358947464
20965,1.1947810125864557
20966,1.133642022119708
20967,1.4416897783669103
20968,0.9849556335347496
20969,1.5853344794662694
20970,-0.007000705519387085
20971,1.7864588082572124
20972,0.8783799485101811
20973,0.1831932181712253
20974,1.7253559840315487
20975,0.5798657910369207
20976,1.9605169867397378
20977,0.4809430813362281
20978,2.0736571367793575
20979,1.5927598489207497
20980,0.8004445703245611
20981,0.22888500583809954
20982,1.4551675533551522
20983,1.6583994843077599
20984,1.2827902584031596
20985,1.755862069919562
20986,2.249611387644819
20987,2.3469369461854006
20988,1.2856105877492867
20989,1.6304159441209027
20990,0.47294243497757515
20991,-0.11828534637530386
20992,0.11990402809744513
20993,1.0550159249770859
20994,0.5313248792049083
20995,0.16268117118566355
20996,1.111933559384398
20997,0.9196061404554559
20998,1.547254883614489
20999,0.2270812383907094
